0    -6.09496935795955e-17    0.0142307809448738    0.0142307809448738
0.1    -0.000130352562346758    0.0145707548810713    0.0145745540467704
0.2    -5.81109451233081e-05    0.0149190144592341    0.0149207484760606
0.3    -4.26175053001457e-05    0.0152754918736754    0.0152767939358778
0.4    -7.47961206440441e-05    0.015640533242954    0.0156428731203905
0.5    -3.75320539757945e-05    0.0160143594304097    0.0160155615791339
0.6    -4.80943620542972e-05    0.0163971077510077    0.0163986850437403
0.7    -3.74164561569757e-05    0.0167890316655568    0.016790288084702
0.8    -3.44892369478288e-05    0.0171903354503953    0.0171915212543979
0.9    -2.87933415465958e-05    0.017601246655856    0.0176022602824549
1    -2.88975807959928e-05    0.018022002367732    0.0180230439823712
1.1    -2.07865175606286e-05    0.0184528216630831    0.0184535888188327
1.2    -1.88522645180025e-05    0.0188939425002474    0.0188946549008813
1.3    -1.8886270046249e-05    0.0193456299958046    0.0193463607431903
1.4    -1.17587201195586e-05    0.0198081205982031    0.0198085864399732
1.5    -1.18608291128598e-05    0.02028166750038    0.0202821486208712
1.6    -9.28663916430145e-06    0.02076654503577    0.0207669307421728
1.7    -5.96821060211421e-06    0.0212630147678845    0.0212632685736996
1.8    -5.18515079064768e-06    0.0217713548779056    0.0217715806545922
1.9    -2.93592064558217e-06    0.022291850737625    0.022291981632219
2    -1.21147241976298e-06    0.0228247861303813    0.0228248414336461
2.1    5.67300725304868e-07    0.0233704564465557    0.023370429930417
2.2    1.75821850944669e-06    0.0239291685135466    0.0239290843682806
2.3    2.67085677958312e-06    0.024501234020791    0.0245011031425666
2.4    4.64519208214063e-06    0.0250869647159648    0.0250867316495077
2.5    5.57989626005577e-06    0.0256866852576834    0.0256863986012049
2.6    6.0904035643183e-06    0.0263007339971199    0.0263004136349029
2.7    7.58148126363193e-06    0.0269294485035843    0.0269290401764615
2.8    8.46390877782818e-06    0.0275731749022729    0.0275727081525493
2.9    8.86597942411577e-06    0.0282322741832342    0.0282317735741486
3    9.85396618779149e-06    0.0289071105336912    0.0289065408399254
3.1    1.06834580162455e-05    0.0295980548068014    0.029597422394406
3.2    1.11158846807798e-05    0.0303054923289903    0.0303048185917636
3.3    1.16850959721458e-05    0.0310298168339411    0.0310290916696393
3.4    1.22703328579084e-05    0.0317714278685126    0.031770648186089
3.5    1.27592805447269e-05    0.0325307349835692    0.0325299048566131
3.6    1.32550630435225e-05    0.0333081588764655    0.0333072758846781
3.7    1.36278747454416e-05    0.034104131212371    0.0341032016913814
3.8    1.39267309032817e-05    0.0349190935146114    0.034918120910519
3.9    1.43432160680659e-05    0.0357534955618325    0.0357524699363192
4    1.47260392959427e-05    0.0366077980461482    0.0366067198862801
4.1    1.49322842209773e-05    0.0374824751856879    0.0374813558044572
4.2    1.51536215244116e-05    0.0383780118021908    0.0383768486880847
4.3    1.54778863207331e-05    0.0392949017073365    0.0392936853221204
4.4    1.57282832575202e-05    0.040233651471317    0.040232385878689
4.5    1.58600316368419e-05    0.041194781995234    0.0411934753148666
4.6    1.60184016120489e-05    0.0421788254010309    0.0421774741479462
4.7    1.62340937909785e-05    0.0431863242610264    0.0431849221021121
4.8    1.64075043880403e-05    0.0442178347410092    0.0442163837561811
4.9    1.65177557699675e-05    0.0452739279826557    0.0452724323599897
5    1.6625899252177e-05    0.0463551884791813    0.046353647111421
5.1    1.67475184106738e-05    0.0474622133881447    0.0474606236661835
5.2    1.685427271234e-05    0.0485956138179174    0.0485939757580699
5.3    1.69426593533387e-05    0.0497560158220959    0.049754329852207
5.4    1.70261059393677e-05    0.0509440604729882    0.0509423257445826
5.5    1.70997433288067e-05    0.0521604040607507    0.052158620232211
5.6    1.71565423270125e-05    0.0534057184608892    0.0534038859773897
5.7    1.72088152281652e-05    0.0546806912091542    0.0546788092617171
5.8    1.72668809413427e-05    0.0559860257855354    0.0559840924108355
5.9    1.7319165302191e-05    0.0573224425248208    0.0573204570054931
5.99999999999999    1.73520613788259e-05    0.0586906793625045    0.0586886425893053
6.09999999999999    1.73731923455346e-05    0.060091491723421    0.0600894037976068
6.19999999999999    1.7399789765062e-05    0.0615256522735252    0.0615235112439493
6.29999999999999    1.74334548591133e-05    0.0629939515681381    0.0629917552020062
6.39999999999999    1.74600993556162e-05    0.0644971993034148    0.0644949470877227
6.49999999999999    1.7471347513248e-05    0.0660362250107793    0.0660339175674222
6.59999999999999    1.74746075509405e-05    0.0676118778776214    0.0676095149368495
6.69999999999999    1.74811860209424e-05    0.0692250265769614    0.0692226063481361
6.79999999999999    1.74924596127085e-05    0.0708765598802377    0.070874080312889
6.89999999999999    1.7501174839415e-05    0.0725673877648717    0.0725648477802426
6.99999999999999    1.75021852944346e-05    0.0742984422166772    0.07429584149199
7.09999999999999    1.74976239261959e-05    0.0760706774629437    0.0760680153973114
7.19999999999999    1.74924763881074e-05    0.0778850700795292    0.0778823453216932
7.29999999999999    1.74885767860226e-05    0.0797426194427296    0.0797398303216608
7.39999999999999    1.74840547809073e-05    0.0816443485037582    0.0816414936051499
7.49999999999999    1.74768513602565e-05    0.0835913045473911    0.0835883827728454
7.59999999999999    1.74670842670013e-05    0.0855845597426373    0.085581569969426
7.69999999999999    1.74561798259295e-05    0.0876252115915938    0.0876221524420932
7.79999999999999    1.74449027842182e-05    0.0897143834615796    0.0897112533987875
7.89999999999999    1.74328693141017e-05    0.0918532252364349    0.09185002276172
7.99999999999999    1.74195951430652e-05    0.094042913990083    0.0940396376681796
8.09999999999999    1.74053429052953e-05    0.0962846546156621    0.0962813029391389
8.19999999999999    1.7390797483226e-05    0.098579680448895    0.0985762517500055
8.29999999999999    1.73762262831623e-05    0.100929253952371    0.100925746474207
8.39999999999999    1.73612110797192e-05    0.103334667457622    0.103331079489966
8.49999999999999    1.73451793830103e-05    0.105797243897025    0.105793573816336
8.59999999999999    1.73280795860478e-05    0.108318337478131    0.108314583645633
8.69999999999999    1.73104993685036e-05    0.110899334332085    0.110895494952833
8.79999999999998    1.72931684726404e-05    0.113541653217278    0.113537726295311
8.89999999999998    1.72763643707094e-05    0.116246746328792    0.11624272975589
8.99999999999998    1.72597621028961e-05    0.119016100185485    0.119011991877243
9.09999999999998    1.72427901532414e-05    0.121851236515122    0.121847034476974
9.19999999999998    1.72251216608159e-05    0.124753713077403    0.124749415355661
9.29999999999998    1.72068962647222e-05    0.127725124431939    0.127720729001637
9.39999999999998    1.71885673581261e-05    0.13076710271329    0.130762607392252
9.49999999999998    1.71705587597734e-05    0.133881318477647    0.133876720922498
9.59999999999998    1.71530120973547e-05    0.137069481641853    0.137064779413557
9.69999999999998    1.71357691955287e-05    0.140333342484374    0.140328533127251
9.79999999999998    1.71185508547543e-05    0.14367469265578    0.143669773734919
9.89999999999998    1.71011660414002e-05    0.147095366162901    0.147090335244375
9.99999999999998    1.70836181804547e-05    0.150597240327744    0.15059209492414
10.1    1.7066064322314e-05    0.154182236751725    0.154176974273596
10.2    1.7048695073229e-05    0.157852322320824    0.157846940060365
10.3    1.70316256424309e-05    0.161609510269995    0.161604005418393
10.4    1.70148592512644e-05    0.165455861301305    0.16545023098072
10.5    1.69983211383788e-05    0.169393484735353    0.169387726023537
10.6    1.69819244775383e-05    0.173424539676085    0.173418649611239
10.7    1.69656244840051e-05    0.177551236180894    0.177545211747903
10.8    1.69494317074172e-05    0.181775836441531    0.18176967455172
10.9    1.69333940399787e-05    0.186100655988869    0.186094353464115
11    1.6917561754094e-05    0.190528064933566    0.190521618502015
11.1    1.69019645062203e-05    0.195060489247838    0.195053895548353
11.2    1.6886604477053e-05    0.19970041208631    0.199693667676454
11.3    1.68714664196545e-05    0.204450375140129    0.204443476501242
11.4    1.68565331449579e-05    0.209312980019325    0.209305923555902
11.5    1.68417961879176e-05    0.214290889661925    0.214283671696512
11.6    1.68272578361115e-05    0.219386829771993    0.219379446538731
11.7    1.68129273978507e-05    0.224603590290445    0.224596037929709
11.8    1.67988135603187e-05    0.229944026902126    0.22993630145823
11.9    1.6784919193999e-05    0.235411062580812    0.235403160002131
12    1.67712405159109e-05    0.241007689172036    0.24099960531177
12.1    1.67577696653567e-05    0.246736969012727    0.246728699628714
12.2    1.67444987787892e-05    0.252602036586926    0.252593577339585
12.3    1.67314231754608e-05    0.258606100218005    0.258597446666594
12.4    1.67185433571856e-05    0.264752443799062    0.26474359139664
12.5    1.67058635623619e-05    0.271044428564017    0.271035372652818
12.6    1.6693389389074e-05    0.277485494901933    0.277476230709751
12.7    1.66811243577344e-05    0.284079164216383    0.284069686854745
12.8    1.66690683275011e-05    0.2908290408306    0.290819345293909
12.9    1.66572168079026e-05    0.29773881393828    0.297728895103549
13    1.66455624729026e-05    0.304812259599539    0.304802112225428
13.1    1.66340972776539e-05    0.312053242781752    0.312042861506442
13.2    1.66228131808355e-05    0.319465719445759    0.31945509878436
13.3    1.66117056971751e-05    0.327053738678712    0.327042873018301
13.4    1.66007721860929e-05    0.334821444875576    0.334810328471059
13.5    1.65900121238404e-05    0.342773079971632    0.342761706941206
13.6    1.65794268446129e-05    0.350912985728217    0.350901350048779
13.7    1.65690168916156e-05    0.359245606073631    0.359233701577846
13.8    1.65587819970213e-05    0.367775489500593    0.367763309873963
13.9    1.65487206615528e-05    0.376507291521156    0.376494830299385
14    1.65388294586804e-05    0.385445777179726    0.385433027746638
14.1    1.65291041224825e-05    0.394595823624716    0.394582779209418
14.2    1.65195395256888e-05    0.403962422739565    0.403949076413621
14.3    1.65101307087555e-05    0.413550683834087    0.413537028507849
14.4    1.65008732177548e-05    0.42336583639751    0.423351864816071
14.5    1.6491763002752e-05    0.433413232914861    0.433398937653976
14.6    1.64827972284418e-05    0.443698351748591    0.443683725209753
14.7    1.64739733562577e-05    0.454226800087415    0.454211834493553
14.8    1.64652895122729e-05    0.465004316964363    0.464989004355083
14.9    1.64567438262599e-05    0.476036776345927    0.476021108573207
15    1.64483347910605e-05    0.48733019029405    0.487314159017491
15.1    1.64400599836223e-05    0.498890712202617    0.498874308885821
15.2    1.64319166288856e-05    0.510724640109987    0.510707856016368
15.3    1.64239026592047e-05    0.522838420089061    0.522821246276486
15.4    1.64160145872171e-05    0.535238649716477    0.535221077033987
15.5    1.64082494201291e-05    0.547932081622529    0.547914100705043
15.6    1.64006040388782e-05    0.560925627123542    0.560907228387081
15.7    1.63930749073863e-05    0.574226359938568    0.574207533575725
15.8    1.63856592922562e-05    0.587841519992346    0.587822255966271
15.9    1.63783544201535e-05    0.601778517306615    0.601758805345787
16    1.63711572560075e-05    0.616044935981921    0.616024765575087
16.1    1.63640653107339e-05    0.630648538272117    0.630627898662128
16.2    1.63570759600959e-05    0.645597268753798    0.645576148932127
16.3    1.63501868841115e-05    0.660899258592947    0.660877647293517
16.4    1.63433960950764e-05    0.676562829911091    0.676540715603889
16.5    1.63367006894833e-05    0.692596500253306    0.692573871139545
16.6    1.63300986710046e-05    0.709008987160431    0.708985831165132
16.7    1.63235879290794e-05    0.725809212847904    0.725785517613684
16.8    1.6317166383982e-05    0.74300630899375    0.742982061874258
16.9    1.63108320749195e-05    0.760609621638281    0.760584809691359
17    1.63045831791606e-05    0.778628716198213    0.778603326178849
17.1    1.62984182080074e-05    0.797073382597978    0.797047400950773
17.2    1.62923358799929e-05    0.81595364052118    0.815927053372799
17.3    1.62863352392067e-05    0.835279744785231    0.835252537936447
17.4    1.62804156941647e-05    0.855062190842339    0.85503434975978
17.5    1.62745769028788e-05    0.875311720410124    0.875283230217974
17.6    1.62688190219875e-05    0.896039327235253    0.89601017270626
17.7    1.62631423974766e-05    0.917256262993512    0.917226428540274
17.8    1.62575475898448e-05    0.938974043329785    0.938943512995744
17.9    1.62520355125053e-05    0.961204454041371    0.961173211491282
18    1.62466064236962e-05    0.983959557408004    0.9839275859201
18.1    1.62412611704314e-05    1.00725169867176    1.00721898112733
18.2    1.62359994792518e-05    1.0310935126699    1.03106003154603
18.3    1.6230820900907e-05    1.05549793062339    1.05546366798375
18.4    1.62257238601977e-05    1.08047818708367    1.08044312457118
18.5    1.62207066552294e-05    1.10604782704001    1.10601194586733
18.6    1.62157655668002e-05    1.13222071318971    1.13218399413383
18.7    1.62108969298254e-05    1.15901103337332    1.15897345676566
18.8    1.62060957376331e-05    1.18643330817743    1.18639485389707
18.9    1.62013571301764e-05    1.21450239870788    1.21446304617125
19    1.61966760936172e-05    1.24323351453687    1.24319324268805
19.1    1.6192047462608e-05    1.27264222182831    1.27260100912911
19.2    1.6187467313075e-05    1.30274445164662    1.30270227606288
19.3    1.61829320832483e-05    1.33355650845487    1.33351334744453
19.4    1.61784398691371e-05    1.3650950788092    1.3650509093065
19.5    1.61739889971002e-05    1.39737724025673    1.39733203865961
19.6    1.61695796769546e-05    1.43042047044442    1.43037421259685
19.7    1.61652124725141e-05    1.46424265644619    1.46419531762412
19.8    1.6160888292201e-05    1.49886210431535    1.4988136592122
19.9    1.61566084805689e-05    1.53429754886835    1.53424797157978
20    1.61523739874567e-05    1.57056816370519    1.57051742771599
20.1    1.61481856894719e-05    1.60769357147109    1.60764164964089
20.2    1.61440432963864e-05    1.64569385436321    1.64564071891536
20.3    1.61399462200797e-05    1.68458956488558    1.68453518739327
20.4    1.61358930077975e-05    1.72440173685556    1.72434608822964
20.5    1.61318818613813e-05    1.76515189666492    1.7650949471399
20.6    1.61279104855618e-05    1.8068620747992    1.80680379391955
20.7    1.61239755105946e-05    1.84955481761944    1.84949517422796
20.8    1.61200744155566e-05    1.89325319941115    1.89319216163016
20.9    1.61162042585146e-05    1.93798083470607    1.9379183699228
21    1.61123623837228e-05    1.98376189088316    1.9836979657322
21.1    1.61085464595933e-05    2.03062110105584    2.03055568140096
21.2    1.61047545746073e-05    2.07858377725352    2.07851682816853
21.3    1.61009849798457e-05    2.12767582390561    2.1276073096558
21.4    1.6097237392158e-05    2.17792375163707    2.17785363565444
21.5    1.6093511190471e-05    2.2293546913847    2.22928293625014
21.6    1.60898068110874e-05    2.28199640884362    2.28192297626242
21.7    1.60861249747749e-05    2.33587731925353    2.33580217003343
21.8    1.6082466817936e-05    2.39102650253413    2.3909495965622
21.9    1.60788333227672e-05    2.44747371877921    2.4473950150007
22    1.60752264666858e-05    2.50524942411838    2.50516888050944
22.1    1.60716475835003e-05    2.56438478695528    2.56430236050288
22.2    1.60680977608016e-05    2.62491170459057    2.6248273512702
22.3    1.60645779920593e-05    2.68686282023739    2.68677649498951
22.4    1.60610886149943e-05    2.75027154043673    2.75018319714576
22.5    1.60576297861437e-05    2.81517205287938    2.81508164434991
22.6000000000001    1.60542004466947e-05    2.88159934464135    2.88150682257975
22.7000000000001    1.60507991818693e-05    2.9495892208391    2.94949453583037
22.8000000000001    1.60474243030672e-05    3.01917832371149    3.01908142519525
22.9000000000001    1.60440732297751e-05    3.09040415213586    3.09030498838579
23.0000000000001    1.6040743406352e-05    3.16330508158664    3.16320359968423
23.1000000000001    1.60374324905352e-05    3.23792038454605    3.23781653035245
23.2000000000001    1.60341384123181e-05    3.31429025137798    3.31418396950486
23.3000000000001    1.60308591850322e-05    3.39245581167828    3.39234704545908
23.4000000000001    1.60275937746565e-05    3.47245915611536    3.47234784756986
23.5000000000001    1.6024342156674e-05    3.55434335877715    3.55422944857424
23.6000000000001    1.6021104578714e-05    3.63815250004079    3.63803592746506
23.7000000000001    1.60178821323929e-05    3.72393168998193    3.72381239289506
23.8000000000001    1.60146765332652e-05    3.81172709234001    3.81160500714233
23.9000000000001    1.60114890407292e-05    3.90158594905512    3.90146101065424
24.0000000000001    1.60083222504297e-05    3.99355660539046    3.99342874715512
24.1000000000001    1.60051767282842e-05    4.08768853565308    4.08755768939245
24.2000000000001    1.60020534997084e-05    4.18403236952369    4.18389846544679
24.3000000000001    1.59989529423775e-05    4.28263991900484    4.28250288568817
24.4000000000001    1.59958738880078e-05    4.3835642059962    4.38342397035896
24.5000000000001    1.59928156279563e-05    4.48685949050506    4.48671597776707
24.6000000000001    1.59897757358244e-05    4.59258129950081    4.59243443315911
24.7000000000001    1.59867518741597e-05    4.70078645642349    4.70063615821288
24.8000000000001    1.59837416255157e-05    4.81153311135806    4.81137930121237
24.9000000000001    1.59807422013449e-05    4.92488077188893    4.92472336790439
25.0000000000001    1.5977752207078e-05    5.04089033465156    5.04072925303194
25.1000000000001    1.59747695648483e-05    5.15962411760114    5.15945927262186
25.2000000000001    1.5971793294727e-05    5.28114589302054    5.28097719697379
25.3000000000001    1.59688239246873e-05    5.40552092129127    5.40534828442445
25.4000000000001    1.59658617475184e-05    5.53281598545284    5.53263931592333
25.5000000000001    1.59629081247488e-05    5.66309942657536    5.66291863038969
25.6000000000001    1.59599642687827e-05    5.79644117996931    5.79625616093397
25.7000000000001    1.59570324925099e-05    5.93291281225508    5.93272347191135
25.8000000000001    1.59541136333578e-05    6.07258755931256    6.07239379689993
25.9000000000001    1.59512093635461e-05    6.21554036512911    6.2153420775207
26.0000000000001    1.59483201960053e-05    6.3618479215619    6.36164500322272
26.1000000000001    1.59454462019277e-05    6.51158870902961    6.5113810519659
26.2000000000001    1.59425871028136e-05    6.66484303814737    6.66463053185395
26.3000000000001    1.5939741787477e-05    6.82169309231915    6.82147562373265
26.4000000000001    1.59369083466998e-05    6.98222297130327    6.98200042475487
26.5000000000001    1.59340854051272e-05    7.14651873576817    7.14629099291727
26.6000000000001    1.59312709902973e-05    7.3146684528588    7.3144353926411
26.7000000000001    1.59284636938488e-05    7.48676224279727    7.48652374135509
26.8000000000001    1.59256618057414e-05    7.66289232654451    7.66264825716819
26.9000000000001    1.59228647601752e-05    7.84315307455332    7.84290330759893
27.0000000000001    1.59200725821925e-05    8.02764105664533    8.02738545945788
27.1000000000001    1.59172854384832e-05    8.21645509304715    8.21619352988851
27.2000000000001    1.5914504293403e-05    8.40969630662057    8.40942863858442
27.3000000000001    1.5911730340997e-05    8.6074681763214    8.60719426125479
27.4000000000001    1.59089645169168e-05    8.80987659192006    8.80959628435127
27.5000000000001    1.59062087102031e-05    9.01702991001379    9.01674306105708
27.6000000000001    1.5903463294536e-05    9.22903901135838    9.2287454686604
27.7000000000001    1.59007289420539e-05    9.44601735954423    9.44571696719746
27.8000000000001    1.58980057272453e-05    9.66808106103933    9.66777365951025
27.9000000000001    1.58952929981373e-05    9.89534892662149    9.89503435268072
28.0000000000001    1.58925897567242e-05    10.1279425342219    10.1276206208664
28.1000000000001    1.58898947549976e-05    10.3659862932039    10.365656869576
28.2000000000001    1.5887206293355e-05    10.6096075101047    10.609270401414
28.3000000000001    1.58845233890355e-05    10.8589364558694    10.8585914832888
28.4000000000001    1.58818442082466e-05    11.1141064346161    11.1137534152088
28.5000000000001    1.58791685358897e-05    11.3752538539703    11.3748926005606
28.6000000000001    1.58764956502813e-05    11.6425182970151    11.6421486181021
28.7000000000001    1.58738261921017e-05    11.916042595904    11.915664295531
28.8000000000001    1.58711603002535e-05    12.1959729071866    12.1955857848487
28.9000000000001    1.58684990946963e-05    12.4824587888946    12.4820626394089
29.0000000000001    1.58658435298878e-05    12.7756532794347    12.7752478928347
29.1000000000001    1.58631942384062e-05    13.075712978334    13.0752981397651
29.2000000000001    1.58605522223377e-05    13.3827981288755    13.3823736184713
29.3000000000001    1.58579180325413e-05    13.697072702665    13.6966382954414
29.4000000000001    1.58552913866059e-05    14.0187044861628    14.018259951922
29.5000000000001    1.58526720139172e-05    14.3478651692166    14.3474102724267
29.6000000000002    1.5850059324168e-05    14.6847304356314    14.6842649353125
29.7000000000002    1.58474522520739e-05    15.0294800558133    15.0290037054271
29.8000000000002    1.58448499103716e-05    15.3822979815312    15.3818105288493
29.9000000000002    1.58422513070464e-05    15.7433724428417    15.7428736298187
30.0000000000002    1.58396559008723e-05    16.1128960472287    16.1123856098559
30.1000000000002    1.58370627251344e-05    16.4910658810161    16.4905435491988
30.2000000000002    1.58344718745166e-05    16.8780836131138    16.8775491104968
30.3000000000002    1.58318835823835e-05    17.2741556011608    17.2736086449792
30.4000000000002    1.58292981760813e-05    17.6794930001339    17.6789333010609
30.5000000000002    1.58267166001939e-05    18.0943118734857    18.0937391354581
30.6000000000002    1.58241392517353e-05    18.5188333068781    18.5182472269583
30.7000000000002    1.58215667349311e-05    18.9532835245712    18.9526837927796
30.8000000000002    1.58190000249378e-05    19.3978940085253    19.3972803076619
30.9000000000002    1.58164388504286e-05    19.8529016202726    19.8522736257963
31.0000000000002    1.58138830432812e-05    20.3185487256092    20.3179061054652
31.1000000000002    1.58113325625392e-05    20.7950833221622    20.7944257366033
31.2000000000002    1.5808786408874e-05    21.2827591698854    21.2820862713353
31.3000000000002    1.58062439165628e-05    21.7818359245437    21.7811473574043
31.4000000000002    1.58037045054897e-05    22.2925792742478    22.2918746747121
31.5000000000002    1.58011670184898e-05    22.8152610791111    22.8145400750021
31.6000000000002    1.5798631493236e-05    23.3501595141057    23.3494217246308
31.7000000000002    1.57960976941516e-05    23.8975592151991    23.8968042507646
31.8000000000002    1.57935654619087e-05    24.4577514288625    24.4569788908671
31.9000000000002    1.57910355702622e-05    25.0310341650378    25.0302436456192
32.0000000000002    1.57885081589908e-05    25.6177123536568    25.6169034355074
32.1000000000002    1.57859840385895e-05    26.2180980047991    26.2172702609126
32.2000000000002    1.57834635114585e-05    26.8325103725754    26.8316633660473
32.3000000000002    1.57809467857779e-05    27.4612761228174    27.4604094066207
32.4000000000002    1.57784341598308e-05    28.1047295046539    28.1038426213994
32.5000000000002    1.57759252331065e-05    28.7632125260504    28.7623050077868
32.6000000000002    1.57734202123434e-05    29.4370751333924    29.4361465013283
32.7000000000002    1.57709182460575e-05    30.1266753951922    30.1257251595089
32.8000000000002    1.57684187840845e-05    30.8323796900081    30.8314073495903
32.9000000000002    1.57659213602139e-05    31.5545628986669    31.5535679408389
33.0000000000002    1.57634256955545e-05    32.2936086008907    32.2925905011402
33.1000000000002    1.5760931292439e-05    33.0499092764375    33.0488674981582
33.2000000000002    1.5758438170482e-05    33.823866510867    33.8228005050474
33.3000000000002    1.5755946737168e-05    34.6158912060528    34.6148004109631
33.4000000000002    1.57534568201533e-05    35.4264037955607    35.4252876364991
33.5000000000002    1.57509691221762e-05    36.2558344650163    36.2546923539474
33.6000000000002    1.57484839338441e-05    37.1046233775798    37.1034547128542
33.7000000000002    1.5746001389354e-05    37.9732209046478    37.9720250706992
33.8000000000002    1.57435219027556e-05    38.8620878618946    38.860864228896
33.9000000000002    1.57410454807479e-05    39.7716957507661    39.7704436743318
34.0000000000002    1.57385716550497e-05    40.7025270055403    40.7012458264286
34.1000000000002    1.57361003845141e-05    41.6550752460666    41.6537642898047
34.2000000000002    1.57336313182295e-05    42.6298455363048    42.6285041128646
34.3000000000002    1.5731163886857e-05    43.6273546487907    43.6259820522514
34.4000000000002    1.57286977791236e-05    44.6481313351619    44.6467268433243
34.5000000000002    1.57262325651904e-05    45.6927166028876    45.6912794769125
34.6000000000002    1.5723768698175e-05    46.761663998355    46.7601934822997
34.7000000000002    1.5721305805045e-05    47.8555398964712    47.8540352169724
34.8000000000002    1.57188440365947e-05    48.9749237969447    48.9733841627683
34.9000000000002    1.57163841883282e-05    50.1204086274075    50.1188332289717
35.0000000000002    1.5713925656514e-05    51.2926010535469    51.2909890626383
35.1000000000002    1.57114694393414e-05    52.4921217964062    52.4904723655864
35.2000000000002    1.57090153753328e-05    53.7196059570131    53.7179182192939
35.3000000000002    1.57065634470129e-05    54.9757033484984    54.9739764168771
35.4000000000002    1.57041134658298e-05    56.2610788358602    56.2593118028784
35.5000000000002    1.5701665550067e-05    57.5764126835367    57.5746046207753
35.6000000000002    1.56992192973869e-05    58.9224009109562    58.9205508686135
35.7000000000002    1.56967740288919e-05    60.2997556562413    60.2978626626781
35.8000000000002    1.5694329678681e-05    61.7092055482515    61.7072686094183
35.9000000000002    1.56918862439715e-05    63.1514960871604    63.1495141860747
36.0000000000002    1.56894439109789e-05    64.6273900337751    64.6253621299697
36.1000000000002    1.56870022888571e-05    66.1376678078103    66.1355928368678
36.2000000000002    1.56845617286427e-05    67.6831278953355    67.6810047682409
36.3000000000002    1.56821223745859e-05    69.2645872656152    69.2624148682156
36.4000000000002    1.56796844155288e-05    70.8828817975667    70.8806589899855
36.5000000000002    1.56772481803143e-05    72.5388667160541    72.5365923320777
36.6000000000003    1.56748134318383e-05    74.2334170382404    74.2310898847931
36.7000000000003    1.56723804234714e-05    75.9674280302151    75.9650468866696
36.8000000000003    1.5669948681551e-05    77.7418156741208    77.7393792917747
36.9000000000003    1.56675184640732e-05    79.5575171460039    79.5550242473238
37.0000000000003    1.56650892570892e-05    81.4154913046275    81.4129405827084
37.1000000000003    1.56626609745953e-05    83.3167191914893    83.3141093093146
37.2000000000003    1.56602335835658e-05    85.2622045423034    85.2595341320447
37.3000000000003    1.565780679992e-05    87.2529743102148    87.2502419725683
37.4000000000003    1.56553806574425e-05    89.2900792010284    89.2872835044384
37.5000000000003    1.56529553318642e-05    91.3745942207391    91.3717337006311
37.6000000000003    1.56505308881554e-05    93.507619235661    93.5046923937014
37.7000000000003    1.56481073643128e-05    95.6902795454526    95.6872848487778
37.8000000000003    1.56456849857866e-05    97.9237264693365    97.9206623497228
37.9000000000003    1.56432641275027e-05    100.209137945812    100.20600279883
38.0000000000003    1.56408441565993e-05    102.547719146163    102.544511330548
38.1000000000003    1.56384253903911e-05    104.940703102064    104.93742093868
38.2000000000003    1.56360077291186e-05    107.389351347587    107.385993118641
38.3000000000003    1.56335910131158e-05    109.894954575939    109.891518524109
38.4000000000003    1.56311749994849e-05    112.458833311249    112.455317638796
38.5000000000003    1.56287597204122e-05    115.082338595755    115.078741463537
38.6000000000003    1.56263449068572e-05    117.766852692746    117.763172219341
38.7000000000003    1.56239307606514e-05    120.513789805632    120.510024066253
38.8000000000003    1.56215172541288e-05    123.324596813518    123.320743839074
38.9000000000003    1.56191043439369e-05    126.200754023683    126.196811799766
39.0000000000003    1.56166922361643e-05    129.143775941353    129.139742407137
39.1000000000003    1.56142808815635e-05    132.15521205717    132.151085104407
39.2000000000003    1.56118706344044e-05    135.236647652766    135.232425124591
39.3000000000003    1.56094611278232e-05    138.389704624836    138.385384314845
39.4000000000003    1.56070527439839e-05    141.616042328139    141.611621979043
39.5000000000003    1.5604645015907e-05    144.917358437822    144.912835740527
39.6000000000003    1.56022382857985e-05    148.295389831522    148.290762423703
39.7000000000003    1.55998319534606e-05    151.751913491676    151.747178956835
39.8000000000003    1.55974261171143e-05    155.288747428491    155.283903294517
39.9000000000003    1.55950209952989e-05    158.907751624077    158.902795361925
40.0000000000003    1.55926160869913e-05    162.61082899821    162.605758020824
40.1000000000003    1.55902117809618e-05    166.399926396251    166.394738056952
40.2000000000003    1.55878079109131e-05    170.277035599728    170.27172719103
40.3000000000003    1.55854048372936e-05    174.244194360128    174.238763112157
40.4000000000003    1.55830022470441e-05    178.303487456408    178.29793053571
40.5000000000003    1.5580600696833e-05    182.457047776786    182.451362284558
40.6000000000003    1.5578199551937e-05    186.707057425356    186.701240396378
40.7000000000003    1.55757992200625e-05    191.055748854066    191.049797254799
40.8000000000003    1.55733996398359e-05    195.505406020642    195.499316747833
40.9000000000003    1.55710005628751e-05    200.058365573035    200.052135452199
41.0000000000003    1.55686019244832e-05    204.717018060984    204.710643844699
41.1000000000003    1.55662039086108e-05    209.48380917532    209.477287541459
41.2000000000003    1.55638059665859e-05    214.361241015652    214.354568565977
41.3000000000003    1.55614087186078e-05    219.351873387092    219.345046645016
41.4000000000003    1.55590115925872e-05    224.458325126699    224.451340536007
41.5000000000003    1.55566150948666e-05    229.683275460321    229.67612938287
41.6000000000003    1.55542192796914e-05    235.029465390562    235.0221541046
41.7000000000003    1.555182386438e-05    240.499699116559    240.492218814971
41.8000000000003    1.55494288749666e-05    246.096845486312    246.089192274525
41.9000000000003    1.55470347824099e-05    251.823839482284    251.816009376036
42.0000000000003    1.55446411110971e-05    257.683683741026    257.675672664788
42.1000000000003    1.554224792254e-05    263.679450107601    263.671253892217
42.2000000000003    1.55398551126374e-05    269.814281225559    269.805895606195
42.3000000000003    1.55374627618005e-05    276.091392163308    276.082812777161
42.4000000000003    1.55350707328336e-05    282.514072077692    282.505294461867
42.5000000000003    1.55326790298115e-05    289.085685915635    289.076705504782
42.6000000000003    1.55302877618093e-05    295.809676154743    295.800488278647
42.7000000000003    1.55278966812148e-05    302.689564583763    302.680164465157
42.8000000000003    1.55255062451587e-05    309.728954123802    309.719336875492
42.9000000000003    1.55231159786095e-05    316.931530691269    316.92169131419
43.0000000000003    1.55207265090567e-05    324.301065103466    324.290998483431
43.1000000000003    1.5518337305206e-05    331.841415027808    331.831115933613
43.2000000000003    1.55159485241802e-05    339.556526975652    339.545990055955
43.3000000000003    1.55135604540696e-05    347.450438341718    347.439658122197
43.4000000000003    1.55111723793665e-05    355.527279490176    355.516250371415
43.5000000000003    1.5508784948361e-05    363.791275888414    363.779992142084
43.6000000000003    1.55063975126369e-05    372.246750289591    372.235206056435
43.7000000000004    1.55040105714631e-05    380.898124965105    380.886314251106
43.8000000000004    1.55016239670343e-05    389.749923988105    389.737840661891
43.9000000000004    1.54992374855467e-05    398.806775569254    398.794413359008
44.0000000000004    1.54968515028716e-05    408.073414445901    408.060766935686
44.1000000000004    1.54944658416407e-05    417.554684325931    417.541744952833
44.2000000000004    1.54920805407308e-05    427.255540387508    427.242302438105
44.3000000000004    1.54896956860253e-05    437.181051835986    437.167508442864
44.4000000000004    1.54873113106624e-05    447.336404519289    447.322548657565
44.5000000000004    1.54849271234381e-05    457.726903603064    457.712728087081
44.6000000000004    1.54825434627496e-05    468.357976306963    468.34347378605
44.7000000000004    1.54801597893002e-05    479.235174703451    479.220337658969
44.8000000000004    1.54777767654572e-05    490.364178580544    490.348999320906
44.9000000000004    1.54753937683434e-05    501.750798369957    501.735269027923
45.0000000000004    1.54730108168521e-05    513.400978142162    513.385090670213
45.1000000000004    1.54706285456507e-05    525.320798669873    525.304544835443
45.2000000000004    1.5468246368633e-05    537.516480561554    537.499851944072
45.3000000000004    1.54658644559182e-05    549.994387466541    549.97737545235
45.4000000000004    1.54634829136354e-05    562.761029353396    562.743625131402
45.5000000000004    1.54611019392283e-05    575.823065863162    575.805260420213
45.6000000000004    1.5458721023204e-05    589.187309739227    589.169093856318
45.7000000000004    1.54563404256775e-05    602.86073033551    602.842094582195
45.8000000000004    1.54539602094846e-05    616.850457204729    616.831391934522
45.9000000000004    1.5451580218782e-05    631.163783768616    631.144279114321
46.0000000000004    1.54492003939587e-05    645.808171071891    645.788216940465
46.1000000000004    1.54468210785475e-05    660.791251621946    660.770837688808
46.2000000000004    1.5444441605293e-05    676.120833316184    676.099949021274
46.3000000000004    1.54420624750573e-05    691.80490345903    691.783537999877
46.4000000000004    1.54396838462265e-05    707.85163287063    707.829775197263
46.5000000000004    1.5437305246762e-05    724.269380089399    724.247018899593
46.6000000000004    1.54349271096847e-05    741.066695670477    741.043819402708
46.7000000000004    1.54325491877825e-05    758.252326582305    758.228923410822
46.8000000000004    1.54301715651813e-05    775.835220703538    775.811278531846
46.9000000000004    1.54277941114214e-05    793.824531422558    793.800037877577
47.0000000000004    1.5425416850445e-05    812.229622341912    812.20456476743
47.1000000000004    1.54230399769419e-05    831.060072090052    831.034437539985
47.2000000000004    1.54206633633494e-05    850.325679242843    850.299454475148
47.3000000000004    1.54182867459806e-05    870.036467357319    870.009638827502
47.4000000000004    1.54159104224489e-05    890.202690120258    890.175243973508
47.5000000000004    1.54135344619767e-05    910.834836614187    910.806758678681
47.6000000000004    1.5411158598534e-05    931.943636703532    931.914912483825
47.7000000000004    1.5408783124784e-05    953.540066543593    953.510681212213
47.8000000000004    1.54064077093765e-05    975.635354215178    975.605292606234
47.9000000000004    1.54040327297083e-05    998.240985487705    998.210232087806
48.0000000000004    1.54016579187406e-05    1021.36870971371    1021.33724865531
48.1000000000004    1.53992832053295e-05    1045.03054585771    1044.99836091066
48.2000000000004    1.53969089600967e-05    1069.2387886625    1069.20586322488
48.3000000000004    1.53945345370957e-05    1094.00601495597    1093.97233204774
48.4000000000004    1.53921605390693e-05    1119.34509010166    1119.31063235339
48.5000000000004    1.53897869626066e-05    1145.2691745963    1145.23392424157
48.6000000000004    1.53874133877276e-05    1171.79173081778    1171.75566968513
48.7000000000004    1.53850399321562e-05    1198.92652992685    1198.88963942933
48.8000000000004    1.5382666879323e-05    1226.68765892608    1226.64992005136
48.9000000000004    1.53802939264874e-05    1255.08952787977    1255.05092118187
49.0000000000004    1.53779212572781e-05    1284.14687729822    1284.10738288644
49.1000000000004    1.53755487162342e-05    1313.87478569035    1313.83438322002
49.2000000000004    1.53731766162301e-05    1344.28867728829    1344.24734594917
49.3000000000004    1.53708044681821e-05    1375.40432994788    1375.36204845574
49.4000000000004    1.53684326796844e-05    1407.23788322911    1407.19462981251
49.5000000000004    1.53660608418717e-05    1439.80584666063    1439.76159905206
49.6000000000004    1.536368933892e-05    1473.12510819229    1473.07984361468
49.7000000000004    1.53613179457556e-05    1507.2129428403    1507.16663799715
49.8000000000004    1.5358946972767e-05    1542.0870215292    1542.03965259115
49.9000000000004    1.53565760026288e-05    1577.76542013509    1577.71696273006
50.0000000000004    1.53542054141375e-05    1614.26662873487    1614.21705793317
50.1000000000004    1.53518347641866e-05    1651.60956106592    1651.55885137025
50.2000000000004    1.53494644968199e-05    1689.81356420116    1689.76168953079
50.3000000000004    1.53470944618909e-05    1728.8984284443    1728.84536212372
50.4000000000004    1.53447245435861e-05    1768.8843974503    1768.83011219563
50.5000000000004    1.5342354759814e-05    1809.79217857606    1809.73664648076
50.6000000000004    1.53399851941125e-05    1851.64295346668    1851.58614598712
50.7000000000005    1.53376158754112e-05    1894.45838888252    1894.4002768237
50.8000000000005    1.53352466193419e-05    1938.26064777267    1938.20120127421
50.9000000000005    1.5332877645266e-05    1983.0724006003    1983.01158911975
51.0000000000005    1.53305088657621e-05    2028.91683692562    2028.85462922419
51.1000000000005    1.53281402014464e-05    2075.81767725246    2075.7540413791
51.2000000000005    1.53257717164494e-05    2123.79918514414    2123.73408841883
51.3000000000005    1.5323403437636e-05    2172.88617961504    2172.81958861233
51.4000000000005    1.53210354226035e-05    2223.10404780386    2223.0359283358
51.5000000000005    1.53186675108126e-05    2274.47875793514    2274.40907503489
51.6000000000005    1.53162998406022e-05    2327.03687257538    2326.96559047819
51.7000000000005    1.53139323293235e-05    2380.80556219059    2380.73264431671
51.8000000000005    1.53115650259724e-05    2435.81261901207    2435.73802794756
51.9000000000005    1.53091976433951e-05    2492.08647121736    2492.01016869682
52.0000000000005    1.53068305252141e-05    2549.65619743354    2549.57814431766
52.1000000000005    1.53044637595144e-05    2608.55154157019    2608.47169782709
52.2000000000005    1.53020970953371e-05    2668.80292798953    2668.72125267626
52.3000000000005    1.52997305437892e-05    2730.44147702128    2730.35792826183
52.4000000000005    1.52973642784543e-05    2793.49902083011    2793.41355579323
52.5000000000005    1.52949980125329e-05    2858.00811964359    2857.92069452374
52.6000000000005    1.52926320287613e-05    2924.00207834888    2923.91264834083
52.7000000000005    1.52902662780682e-05    2991.5149634664    2991.42348274443
52.8000000000005    1.52879006624886e-05    3060.58162050915    3060.48804220419
52.9000000000005    1.52855352272353e-05    3131.23769173629    3131.1419679114
53.0000000000005    1.52831698222096e-05    3203.51963431004    3203.42171593734
53.1000000000005    1.52808048308418e-05    3277.46473886482    3277.36457579737
53.2000000000005    1.52784397729441e-05    3353.11114849832    3353.00868945027
53.3000000000005    1.52760750350515e-05    3430.49787819369    3430.39307070874
53.4000000000005    1.52737102624805e-05    3509.66483468279    3509.55762511268
53.5000000000005    1.52713458331203e-05    3590.65283676054    3590.54317023282
53.6000000000005    1.52689815643414e-05    3673.50363606025    3673.39145645452
53.7000000000005    1.5266617271122e-05    3758.25993830084    3758.14518822052
53.8000000000005    1.52642534273465e-05    3844.96542501612    3844.84804575449
53.9000000000005    1.52618896146338e-05    3933.6647757774    3933.5447072947
54.0000000000005    1.52595259946565e-05    4024.40369092046    4024.28087180915
54.1000000000005    1.52571624285488e-05    4117.22891478825    4117.10328224443
54.2000000000005    1.52547990889415e-05    4212.18825950107    4212.05974929022
54.3000000000005    1.52524360320576e-05    4309.33062926618    4309.19917569164
54.4000000000005    1.52500729292958e-05    4408.70604523897    4408.57158111213
54.5000000000005    1.52477101074079e-05    4510.36567094816    4510.22812754893
54.6000000000005    1.52453472733352e-05    4614.36183829788    4614.22114534545
54.7000000000005    1.524298483954e-05    4720.74807415943    4720.60415977046
54.8000000000005    1.52406224941458e-05    4829.57912756637    4829.43191822535
54.9000000000005    1.52382602872649e-05    4940.91099752633    4940.76041804522
55.0000000000005    1.52358981912713e-05    5054.80096146354    5054.64693494462
55.1000000000005    1.5233536346714e-05    5171.30760430638    5171.15005210176
55.2000000000005    1.52311746172859e-05    5290.49084823457    5290.32968990936
55.3000000000005    1.52288130913914e-05    5412.41198310078    5412.24713639027
55.4000000000005    1.52264517172227e-05    5537.13369754205    5536.96507831173
55.5000000000005    1.52240904312179e-05    5664.72011079654    5664.54763299989
55.6000000000005    1.52217292904376e-05    5795.23680524151    5795.06038087535
55.7000000000005    1.52193684497255e-05    5928.7508596688    5928.57039872774
55.8000000000005    1.52170075448214e-05    6065.33088331461    6065.14629375188
55.9000000000005    1.52146469403192e-05    6205.04705066044    6204.85823833291
56.0000000000005    1.52122865587293e-05    6347.97113702264    6347.77800564861
56.1000000000005    1.52099261201551e-05    6494.17655494856    6493.97900606204
56.2000000000005    1.52075658660005e-05    6643.73839143725    6643.53632433183
56.3000000000005    1.52052060217987e-05    6796.73344600349    6796.52675768159
56.4000000000005    1.52028459834624e-05    6953.2402696043    6953.0288547366
56.5000000000005    1.52004863296344e-05    7113.33920444718    7113.1229553036
56.6000000000005    1.51981267253515e-05    7277.11242470006    7276.89123110814
56.7000000000005    1.51957673998757e-05    7444.64397812342    7444.41772740494
56.8000000000005    1.51934081143861e-05    7616.01982864526    7615.78840556644
56.9000000000005    1.51910489174069e-05    7791.32789990025    7791.09118660965
57.0000000000005    1.51886900701649e-05    7970.65811975468    7970.41599572055
57.1000000000005    1.51863314130297e-05    8154.10246583976    8153.85480779593
57.2000000000005    1.51839726670089e-05    8341.75501211587    8341.50169400205
57.3000000000005    1.51816142052786e-05    8533.71197649087    8533.4528693786
57.4000000000005    1.5179255886742e-05    8730.0717695164    8729.80674155273
57.5000000000005    1.51768976265789e-05    8930.93504418672    8930.66396052717
57.6000000000005    1.51745395990948e-05    9136.40474686445    9136.12746960076
57.7000000000005    1.51721817311989e-05    9346.58616935914    9346.30255745429
57.8000000000006    1.51698240720721e-05    9561.58700218425    9561.29691139953
57.9000000000006    1.51674664302236e-05    9781.51738901949    9781.22067184666
58.0000000000006    1.51651089469259e-05    10006.4899824053    10006.1864879863
58.1000000000006    1.51627518574408e-05    10236.6200006975    10236.3095747465
58.2000000000006    1.51603946152476e-05    10472.0252863106    10471.7077710528
58.3000000000006    1.51580376439683e-05    10712.8263652789    10712.5015993511
58.4000000000006    1.51556808420815e-05    10959.1465081641    10958.814326545
58.5000000000006    1.51533241301338e-05    11211.1117923417    11210.7720262686
58.6000000000006    1.51509675969852e-05    11468.8511656955    11468.503642576
58.7000000000006    1.51486112443193e-05    11732.4965117526    11732.1410550801
58.8000000000006    1.51462549329919e-05    12002.1827162916    12001.81914556
58.9000000000006    1.51438987995617e-05    12278.0477354569    12277.6758660637
59.0000000000006    1.51415429293365e-05    12560.2326654127    12559.8523085677
59.1000000000006    1.51391870940107e-05    12848.8818135727    12848.4927762109
59.2000000000006    1.51368315130911e-05    13144.1427714387    13143.7448561128
59.3000000000006    1.51344760530245e-05    13446.1664890872    13445.7594938774
59.4000000000006    1.51321206098542e-05    13755.1073513386    13754.691069751
59.5000000000006    1.51297653910582e-05    14071.1232556488    14070.6974765035
59.6000000000006    1.51274103108786e-05    14394.3756917601    14393.9401990935
59.7000000000006    1.51250555425873e-05    14725.0298231533    14724.5843961025
59.8000000000006    1.5122700741377e-05    15063.2545703395    15062.7989830471
59.9000000000006    1.51203460430546e-05    15409.2226960345    15408.7567175214
60.0000000000006    1.51179916930573e-05    15763.1108922566    15762.6342863029
60.1000000000006    1.51156372750363e-05    16125.0998693934    16124.6123944406
60.2000000000006    1.51132831758807e-05    16495.3744472792    16494.8758562844
60.3000000000006    1.51109292003918e-05    16874.1236483309    16873.6136886613
60.4000000000006    1.51085752539064e-05    17261.5407927865    17261.0192060908
60.5000000000006    1.51062215211009e-05    17657.8235960953    17657.2901181645
60.6000000000006    1.51038679452851e-05    18063.174268507    18062.6286291506
60.7000000000006    1.51015146299829e-05    18477.7996169098    18477.2415398151
60.8000000000006    1.50991611450003e-05    18901.9111489682    18901.340351582
60.9000000000006    1.50968079544483e-05    19335.7251796113    19335.1413729655
61.0000000000006    1.50944550605951e-05    19779.4629399259    19778.86582851
61.1000000000006    1.5092102294204e-05    20233.3506885073    20232.7399701276
61.2000000000006    1.50897495918427e-05    20697.6198253242    20696.9951909492
61.3000000000006    1.50873969211293e-05    21172.5070081528    21171.8681417576
61.4000000000006    1.50850444839658e-05    21658.2542716393    21657.600850038
61.5000000000006    1.50826923765577e-05    22155.109149049    22154.4408417371
61.6000000000006    1.50803402638186e-05    22663.324796763    22662.641265772
61.7000000000006    1.50779882950368e-05    23183.1601215844    23182.4610212915
61.8000000000006    1.50756363459391e-05    23714.879910916    23714.1648878844
61.9000000000006    1.50732847311946e-05    24258.7549658753    24258.0236586569
62.0000000000006    1.50709331245146e-05    24815.0622374125    24814.3142763981
62.1000000000006    1.50685816543608e-05    25384.0849654989    25383.3199727122
62.2000000000006    1.50662304579851e-05    25966.1128214544    25965.3304103627
62.3000000000006    1.50638794135543e-05    26561.4420534854    26560.6418288196
62.4000000000006    1.5061528532772e-05    27170.375635505    27169.5571930563
62.5000000000006    1.50591776112409e-05    27793.2234193086    27792.3863457386
62.6000000000006    1.505682696776e-05    28430.3022901813    28429.4461627874
62.7000000000006    1.50544764115494e-05    29081.9363260133    29081.0607125464
62.8000000000006    1.50521260754282e-05    29748.4569600031    29747.5614184335
62.9000000000006    1.50497758909132e-05    30430.2031470281    30429.2872253372
63.0000000000006    1.50474257522916e-05    31127.5215337661    31126.5847697238
63.1000000000006    1.50450758423426e-05    31840.7666326504    31839.8085535671
63.2000000000006    1.50427261787527e-05    32570.300999746    32569.321122247
63.3000000000006    1.50403763311756e-05    33316.4954166351    33315.4932464499
63.4000000000006    1.50380269135428e-05    34079.7290764001    34078.7041080475
63.5000000000006    1.50356775692715e-05    34860.3897737983    34859.3414903988
63.6000000000006    1.50333282969621e-05    35658.8740997213    35657.8019727169
63.7000000000006    1.50309791996097e-05    36475.5876400355    36474.4911289189
63.8000000000006    1.50286302335494e-05    37310.9451789015    37309.8237309578
63.9000000000006    1.50262813538012e-05    38165.3709066746    38164.2239567066
64.0000000000006    1.50239328005542e-05    39039.2986324868    39038.1256025119
64.1000000000006    1.50215842050226e-05    39933.172001618    39931.9723006278
64.2000000000006    1.50192359960326e-05    40847.4447177614    40846.2177413656
64.3000000000006    1.50168877318116e-05    41782.5807702955    41781.3259004906
64.4000000000006    1.5014539713537e-05    42739.0546666724    42737.7712714748
64.5000000000006    1.5012191780624e-05    43717.3516700394    43716.0391032091
64.6000000000006    1.50098439663654e-05    44717.9680422098    44716.6256429134
64.7000000000006    1.50074964278338e-05    45741.411292104    45740.0383845747
64.8000000000006    1.50051487590735e-05    46788.2004297834    46786.796323037
64.9000000000006    1.50028014378501e-05    47858.8662262014    47857.4302136116
65.0000000000006    1.5000454362406e-05    48953.9514788012    48952.4828378014
65.1000000000006    1.49981071847759e-05    50074.0112830915    50072.509274842
65.2000000000006    1.49957603984796e-05    51219.6133103331    51218.0771792707
65.3000000000006    1.49934135234745e-05    52391.3380914735    52389.7670650344
65.4000000000006    1.49910669618408e-05    53589.7793074715    53588.1725956177
65.5000000000006    1.49887204226121e-05    54815.5440861524    54813.9008810517
65.6000000000005    1.49863741698773e-05    56069.2533057423    56067.5727813084
65.7000000000005    1.4984027920992e-05    57351.5419052302    57349.8232167726
65.8000000000005    1.49816819445665e-05    58663.0592017108    58661.3014854546
65.9000000000005    1.49793358698552e-05    60004.4692148661    60002.6715875972
66.0000000000005    1.49769901463158e-05    61376.4509987428    61374.6125572735
66.1000000000005    1.49746445258773e-05    62779.6989809921    62777.8188017957
66.2000000000005    1.49722990138122e-05    64214.9233097375    64213.0004484613
66.3000000000005    1.49699538330546e-05    65682.8502082418    65680.8836992099
66.4000000000005    1.49676084887435e-05    67184.2223375482    67182.2111933771
66.5000000000005    1.49652634348754e-05    68719.7991672741    68717.7423782591
66.6000000000005    1.49629186417789e-05    70290.3573547395    70288.2538884167
66.7000000000005    1.49605737685531e-05    71896.6911326188    71894.5399332991
66.8000000000005    1.49582291538761e-05    73539.6127053044    73537.4126934552
66.9000000000005    1.49558846676483e-05    75219.9526541787    75217.7027259552
67.0000000000005    1.49535401889443e-05    76938.5603519939    76936.259378693
67.1000000000005    1.49511960839585e-05    78696.3043865625    78693.9512139893
67.2000000000005    1.49488520785783e-05    80494.0729939691    80491.6664419635
67.3000000000005    1.49465083082977e-05    82332.7745015145    82330.3133633037
67.4000000000004    1.4944164537331e-05    84213.3377806119    84210.8208222737
67.5000000000004    1.4941820946721e-05    86136.7127098558    86134.1386696401
67.6000000000004    1.49394773758749e-05    88103.8706484931    88101.2382362554
67.7000000000004    1.49371340050767e-05    90115.8049205289    90113.1128170331
67.8000000000004    1.49347908240825e-05    92173.531309704    92170.7781660024
67.9000000000004    1.4932447695903e-05    94278.0885655895    94275.27300238
68.0000000000004    1.49301049724451e-05    96430.5389210449    96427.6595278973
68.1000000000004    1.49277622223825e-05    98631.9686212958    98629.0239561029
68.2000000000004    1.49254195397477e-05    100883.488464891    100880.477053058
68.3000000000004    1.49230771128422e-05    103186.234356802    103183.154690496
68.4000000000004    1.49207346335764e-05    105541.367873943    105538.21841145
68.5000000000004    1.49183924235369e-05    107950.076843378    107946.856008211
68.6000000000004    1.49160503849454e-05    110413.575933515    110410.282113722
68.7000000000004    1.49137084282511e-05    112933.10725856    112929.738805929
68.8000000000004    1.4911366767265e-05    115509.940996544    115506.496225719
68.9000000000004    1.49090251085513e-05    118145.376021211    118141.853208977
69.0000000000004    1.49066837603273e-05    120840.74054809    120837.137932383
69.1000000000003    1.49043423070987e-05    123597.39279506    123593.70857427
69.2000000000003    1.49020011335155e-05    126416.721657737    126412.953989624
69.3000000000003    1.48996601144872e-05    129300.147400007    129296.294400917
69.4000000000003    1.48973191653388e-05    132249.122360053    132245.182103982
69.5000000000003    1.48949784860302e-05    135265.13167222    135261.102189787
69.6000000000003    1.48926376850914e-05    138349.694005065    138345.5732827
69.7000000000003    1.48902974949659e-05    141504.362315958    141500.148294603
69.8000000000003    1.48879569970776e-05    144730.724622612    144726.415197162
69.9000000000003    1.48856168088618e-05    148030.404791905    148025.997809742
70.0000000000003    1.48832768118497e-05    151405.063346391    151400.556606529
70.1000000000003    1.48809369688341e-05    154856.398288895    154851.789540873
70.2000000000003    1.48785970895425e-05    158386.14594559    158381.432888414
70.3000000000003    1.48762574747562e-05    161996.081827973    161991.262108826
70.4000000000003    1.48739181420336e-05    165688.021514163    165683.092727335
70.5000000000003    1.48715787026988e-05    169463.821549947    169458.781235786
70.6000000000003    1.48692394917064e-05    173325.38037003    173320.22601349
70.7000000000003    1.48669003846987e-05    177274.639239911    177269.36826947
70.8000000000003    1.48645614801941e-05    181313.583218883    181308.193005197
70.9000000000002    1.48622227275358e-05    185444.242144596    185438.729999258
71.0000000000002    1.48598841234692e-05    189668.691639685    189663.054813888
71.1000000000002    1.4857545659458e-05    193989.054140944    193983.289824129
71.2000000000002    1.48552073647003e-05    198407.499951562    198401.60527002
71.3000000000002    1.48528690796757e-05    202926.248316916    202920.220332451
71.4000000000002    1.48505312427913e-05    207547.568524468    207541.40423271
71.5000000000002    1.48481931729565e-05    212273.78102829    212267.477357676
71.6000000000002    1.48458554246277e-05    217107.258598773    217100.812408527
71.7000000000002    1.48435178604649e-05    222050.427498077    222043.835576951
71.8000000000002    1.48411803790322e-05    227105.768681903    227099.02774659
71.9000000000002    1.48388431611142e-05    232275.81902817    232268.925721561
72.0000000000002    1.48365059248538e-05    237563.172593195    237556.123482944
72.1000000000002    1.48341688974174e-05    242970.481895998    242963.273472598
72.2000000000002    1.48318319146111e-05    248500.459231346    248493.087906592
72.3000000000002    1.48294952075944e-05    254155.87801219    254148.340117223
72.4000000000002    1.48271587020822e-05    259939.574142148    259931.865925801
72.5000000000002    1.48248223555039e-05    265854.447418693    265846.565045637
72.6000000000002    1.48224857580332e-05    271903.46296775    271895.402516811
72.7000000000001    1.48201495275901e-05    278089.652710381    278081.410172066
72.8000000000001    1.48178135148923e-05    284416.116862287    284407.688137222
72.9000000000001    1.48154776201642e-05    290886.02546686    290877.406363756
73.0000000000001    1.48131417793561e-05    297502.619962526    297493.806196107
73.1000000000001    1.4810806315252e-05    304269.21478514    304260.201973811
73.2000000000001    1.48084707650211e-05    311189.199006232    311179.9826704
73.3000000000001    1.48061353069435e-05    318266.038007881    318256.613567376
73.4000000000001    1.48038003664145e-05    325503.275195042    325493.637966701
73.5000000000001    1.48014651900047e-05    332904.533746174    332894.678942304
73.6000000000001    1.47991303014828e-05    340473.518402999    340463.441128208
73.7000000000001    1.47967956587995e-05    348214.017300277    348203.712549435
73.8000000000001    1.47944611207154e-05    356129.903836491    356119.366492353
73.9000000000001    1.47921264321239e-05    364225.138586351    364214.363417139
74.0000000000001    1.47897921816356e-05    372503.771256033    372492.752912265
74.1000000000001    1.47874580204189e-05    380969.942682132    380958.675694673
74.2000000000001    1.47851238621704e-05    389627.886875286    389616.365652493
74.3000000000001    1.47827901065923e-05    398481.933109465    398470.151934066
74.4    1.47804562359412e-05    407536.508057948    407524.461084964
74.5    1.4778122659472e-05    416796.137977028    416783.819230174
74.6    1.47757891191513e-05    426265.4509385    426252.854307802
74.7    1.47734557243575e-05    435949.179112024    435936.298350526
74.8    1.47711227451035e-05    445852.161098471    445838.98981903
74.9    1.47687896262756e-05    455979.344315397    455965.875988288
75    1.47664567762716e-05    466335.787435788    466322.015384656
75.1    1.47641239808716e-05    476926.662881265    476912.580280421
75.2    1.47617912964362e-05    487757.259370981    487742.85924182
75.3    1.47594588236925e-05    498832.984527418    498818.259734958
75.4    1.47571265951509e-05    510159.367540375    510144.310789829
75.5    1.47547944485706e-05    521742.061890438    521726.665723848
75.6    1.47524623519105e-05    533586.848133237    533571.104925711
75.7    1.47501304420427e-05    545699.636745866    545683.538701666
75.8    1.47477985695758e-05    558086.471036833    558070.010185876
75.9    1.47454670912248e-05    570753.530120957    570736.698314359
76    1.4743135626649e-05    583707.131960664    583689.920867584
76.1    1.47408041057265e-05    596953.736475153    596936.137578396
76.1999999999999    1.47384731871079e-05    610499.948718924    610481.953309899
76.2999999999999    1.47361420018196e-05    624352.522131249    624334.121307556
76.3999999999999    1.47338112226646e-05    638518.361858134    638499.546517344
76.4999999999999    1.47314804033267e-05    653004.528148377    652985.288984979
76.5999999999999    1.47291497279189e-05    667818.239825404    667798.567325472
76.6999999999999    1.47268193741975e-05    682966.877836528    682946.76227307
76.7999999999999    1.47244890512992e-05    698457.988881385    698437.420310227
76.8999999999999    1.47221587643593e-05    714299.289121285    714278.257375838
76.9999999999999    1.47198286414026e-05    730498.66797128    730477.162657404
77.0999999999999    1.47174988475001e-05    747064.19197679    747042.202467652
77.1999999999999    1.47151691049559e-05    764004.108776675    763981.624208224
77.2999999999999    1.47128393758022e-05    781326.851154664    781303.860420001
77.3999999999999    1.47105100436146e-05    799041.041181085    799017.532924381
77.4999999999999    1.47081806195177e-05    817155.494446948    817131.457059281
77.5999999999999    1.47058516648326e-05    835679.224392387    835654.646004407
77.6999999999999    1.47035224905245e-05    854621.446731588    854596.315209784
77.7999999999999    1.47011934834201e-05    873991.583976333    873965.886915353
77.8999999999998    1.46988648686982e-05    893799.270060325    893772.994777161
77.9999999999998    1.46965362161329e-05    914054.355066597    914027.488595575
78.0999999999998    1.46942077201062e-05    934766.910060235    934739.439145606
78.1999999999998    1.46918794406989e-05    955947.232028767    955919.143118476
78.2999999999998    1.46895512722284e-05    977605.84893262    977577.128172031
78.3999999999998    1.46872230930868e-05    999753.524868092    999724.158093293
78.4999999999998    1.46848952705945e-05    1022401.26534531    1022371.23807524
78.5999999999998    1.46825674991711e-05    1045560.32268374    1045529.62011451
78.6999999999998    1.46802400263286e-05    1069242.20152789    1069210.80852442
78.7999999999998    1.46779125058733e-05    1093458.66448582    1093426.56557576
78.8999999999998    1.46755850755468e-05    1118221.73789323    1118188.91725839
78.9999999999998    1.46732578872142e-05    1143543.71770582    1143510.15917448
79.0999999999998    1.46709309477752e-05    1169437.17552294    1169402.86256224
79.1999999999998    1.46686040113822e-05    1195914.96474529    1195879.88045383
79.2999999999998    1.46662774044141e-05    1222990.2268697    1222954.35396796
79.3999999999998    1.46639505409111e-05    1250676.39792399    1250639.71874817
79.4999999999998    1.46616241495517e-05    1278987.21504515    1278949.71153533
79.5999999999998    1.46592979023125e-05    1307936.72320377    1307898.37689777
79.6999999999997    1.46569717494108e-05    1337539.28207829    1337500.07410202
79.7999999999997    1.46546457114037e-05    1367809.57308209    1367769.48414019
79.8999999999997    1.46523196952714e-05    1398762.60654697    1398721.61691378
79.9999999999997    1.46499939149343e-05    1430413.72906645    1430371.81857559
80.0999999999997    1.4647668441425e-05    1462778.63100247    1462735.77903738
80.1999999999997    1.46453429846343e-05    1495873.35415904    1495829.53964405
80.2999999999997    1.46430175171774e-05    1529714.29962656    1529669.50101598
80.3999999999997    1.46406924629439e-05    1564318.2358007    1564272.43106691
80.4999999999997    1.46383673851042e-05    1599702.30657951    1599655.47320493
80.5999999999997    1.46360424811943e-05    1635884.03974288    1635836.15470713
80.6999999999997    1.46337177188271e-05    1672881.35551835    1672832.39528775
80.7999999999997    1.46313932136007e-05    1710712.57533731    1710662.51585302
80.8999999999997    1.46290687508521e-05    1749396.43078594    1749345.24745339
80.9999999999997    1.46267444484306e-05    1788952.07275513    1788899.74043099
81.0999999999997    1.46244201532392e-05    1829399.08079379    1829345.57377473
81.1999999999997    1.46220962092173e-05    1870757.47267002    1870702.76467846
81.2999999999997    1.46197723321027e-05    1913047.71414487    1912991.77831856
81.3999999999997    1.46174486273961e-05    1956290.72896331    1956233.53784084
81.4999999999996    1.46151247694414e-05    2000507.90906714    2000449.43457637
81.5999999999996    1.46128014507333e-05    2045721.12503493    2045661.33847533
81.6999999999996    1.46104782774842e-05    2091952.73675385    2091891.60878693
81.7999999999996    1.46081550874704e-05    2139225.60432875    2139163.10496296
81.8999999999996    1.46058320249141e-05    2187563.09923341    2187499.1978084
81.9999999999996    1.46035089262492e-05    2236989.11570962    2236923.7808827
82.0999999999996    1.46011863886685e-05    2287528.0824194    2287461.28214696
82.1999999999996    1.45988635754783e-05    2339204.97435609    2339136.67588458
82.2999999999996    1.45965414177658e-05    2392045.32501994    2391975.49486189
82.3999999999996    1.45942190346373e-05    2446075.23886402    2446003.84279037
82.4999999999996    1.45918969474247e-05    2501321.40401669    2501248.40703353
82.5999999999996    1.45895748736199e-05    2557811.10528628    2557736.47162188
82.6999999999996    1.45872529162459e-05    2615572.23745476    2615495.93054037
82.7999999999996    1.45849312896074e-05    2674633.31886635    2674555.30131787
82.8999999999996    1.45826095685065e-05    2735023.50531791    2734943.73892124
82.9999999999996    1.45802880390912e-05    2796772.60425755    2796691.04994634
83.0999999999996    1.45779668036441e-05    2859911.08929844    2859827.70713614
83.1999999999995    1.457564570264e-05    2924470.11505469    2924384.86421675
83.2999999999995    1.45733246814048e-05    2990481.53230656    2990394.37106014
83.3999999999995    1.45710038744325e-05    3057977.90350204    3057888.78918477
83.4999999999995    1.45686831401578e-05    3126992.51860251    3126901.40760351
83.5999999999995    1.45663623696418e-05    3197559.41127988    3197466.25901861
83.6999999999995    1.45640419518768e-05    3269713.3754731    3269618.13637463
83.7999999999995    1.4561721817159e-05    3343489.98231189    3343392.60978776
83.8999999999995    1.45594014991561e-05    3418925.59741597    3418826.04384447
83.9999999999995    1.45570816028721e-05    3496057.39857787    3495955.61527386
84.0999999999995    1.45547615396242e-05    3574923.393838    3574819.33103757
84.1999999999995    1.4552441863651e-05    3655562.43996044    3655456.04678894
84.2999999999995    1.45501224494458e-05    3738014.26131848    3737905.48577073
84.3999999999995    1.45478029239398e-05    3822319.469199    3822208.25811618
84.4999999999995    1.45454835900592e-05    3908519.58153473    3908405.88057369
84.5999999999995    1.45431644853015e-05    3996657.0430739    3996540.79668295
84.6999999999995    1.4540845405534e-05    4086775.2459972    4086656.39739124
84.7999999999995    1.45385265236092e-05    4178918.55099155    4178797.04212172
84.8999999999995    1.45362077428793e-05    4273132.30879105    4273008.08031895
84.9999999999994    1.45338892546149e-05    4369462.88219529    4369335.87346195
85.0999999999994    1.45315706530452e-05    4467957.66857561    4467827.81757748
85.1999999999994    1.45292525821452e-05    4568665.12288008    4568532.36622987
85.2999999999994    1.45269343386051e-05    4671634.78114817    4671499.05405643
85.3999999999994    1.45246162772939e-05    4776917.2845465    4776778.52078089
85.4999999999994    1.45222985187308e-05    4884564.40393689    4884422.53579233
85.5999999999994    1.45199807184043e-05    4994629.06498883    4994484.0232594
85.6999999999994    1.4517663204232e-05    5107165.3738481    5107017.08778721
85.7999999999994    1.45153458136846e-05    5222228.64337388    5222077.04066509
85.8999999999994    1.45130286388477e-05    5339875.41995704    5339720.42667667
85.9999999999994    1.45107113131353e-05    5460163.51093226    5460005.05151876
86.0999999999994    1.45083943620363e-05    5583152.01259711    5582990.00980514
86.1999999999994    1.45060774807572e-05    5708901.33885154    5708735.7137238
86.2999999999994    1.45037608062537e-05    5837473.2504715    5837303.92229592
86.3999999999994    1.45014442452419e-05    5968930.88503059    5968757.77130413
86.4999999999994    1.44991278348976e-05    6103338.78748404    6103161.80387155
86.5999999999994    1.44968113950657e-05    6240762.9414297    6240582.00172611
86.6999999999993    1.44944953688229e-05    6381270.80106089    6381085.817142
86.7999999999993    1.44921793176573e-05    6524931.32382643    6524742.20561761
86.8999999999993    1.44898634778355e-05    6671815.00381346    6671621.65923789
86.9999999999993    1.44875478958778e-05    6821993.90586883    6821796.2408056
87.0999999999993    1.44852322537153e-05    6975541.70047566    6975339.61871961
87.1999999999993    1.44829168952917e-05    7132533.6994013    7132327.10260778
87.2999999999993    1.44806014961105e-05    7293046.89213409    7292835.67978109
87.3999999999993    1.44782862585982e-05    7457159.98312602    7456944.05245851
87.4999999999993    1.44759712718287e-05    7624953.42985922    7624732.67584125
87.5999999999993    1.4473656439357e-05    7796509.48175434    7796283.79702149
87.6999999999993    1.44713417825891e-05    7971912.21993953    7971681.49474564
87.7999999999993    1.44690272341049e-05    8151247.59789876    8151011.72006471
87.8999999999993    1.44667128398904e-05    8334603.483019    8334362.33787713
87.9999999999993    1.44643984608682e-05    8522069.69905607    8521823.1693983
88.0999999999993    1.44620843975801e-05    8713738.06953923    8713486.03555341
88.1999999999993    1.44597704861229e-05    8909702.46213545    8909444.80135576
88.2999999999993    1.44574565596148e-05    9110058.8339944    9109795.42124298
88.3999999999993    1.44551427756424e-05    9314905.2780956    9314635.98541679
88.4999999999992    1.44528292165731e-05    9524342.07061997    9524066.76722019
88.5999999999992    1.44505160135386e-05    9738471.71936825    9738190.27155226
88.6999999999992    1.44482027065982e-05    9957399.01324966    9957111.28436808
88.7999999999992    1.44458896581386e-05    10181231.0728638    10180936.9232317
88.8999999999992    1.44435767004355e-05    10410077.4022001    10409776.6890407
88.9999999999992    1.44412637153625e-05    10644049.9414801    10643742.5188552
89.0999999999992    1.44389510421924e-05    10883263.1211659    10882948.839897
89.1999999999992    1.44366386026744e-05    11127833.9171631    11127512.6247681
89.2999999999992    1.44343261316814e-05    11377881.9072418    11377553.4478666
89.3999999999992    1.44320138264325e-05    11633529.3287048    11633193.5430386
89.4999999999992    1.44297018045937e-05    11894901.1373283    11894557.8625288
89.5999999999992    1.44273898231834e-05    12162125.0676051    12161774.1372292
89.6999999999992    1.44250778613337e-05    12435331.6943177    12434972.9382369
89.7999999999992    1.44227662736141e-05    12714654.4954708    12714287.7397804
89.8999999999992    1.4420454672994e-05    13000229.9166132    12999854.9835674
89.9999999999992    1.44181432462967e-05    13292197.4365798    13291814.1444928
90.0999999999992    1.44158320623056e-05    13590699.634685    13590307.7978466
90.1999999999992    1.44135209575325e-05    13895882.2593987    13895481.687992
90.2999999999991    1.44112100855362e-05    14207894.2985383    14207484.7985405
90.3999999999991    1.44088991979163e-05    14526888.0510102    14526469.424111
90.4999999999991    1.44065884673538e-05    14853019.2001338    14852591.2436289
90.5999999999991    1.44042778755751e-05    15186446.8885835    15186009.3952834
90.6999999999991    1.44019676416254e-05    15527333.7949846    15526886.553108
90.7999999999991    1.43996573811858e-05    15875846.2121991    15875389.0052905
90.8999999999991    1.43973472449005e-05    16232154.1273378    16231686.734148
90.9999999999991    1.43950372883951e-05    16596431.3035384    16595953.4979215
91.0999999999991    1.43927274268875e-05    16968855.3635463    16968366.9143565
91.1999999999991    1.43904177824377e-05    17349607.8751398    17349108.5461139
91.2999999999991    1.43881083632703e-05    17738874.4384382    17738363.9880873
91.3999999999991    1.43857989519453e-05    18136844.7751366    18136322.9566383
91.4999999999991    1.43834895673378e-05    18543712.8197068    18543179.3807798
91.5999999999991    1.43811806321427e-05    18959676.8126099    18959131.4953782
91.6999999999991    1.4378871564422e-05    19384939.3955637    19384381.9364716
91.7999999999991    1.43765628396317e-05    19819707.7089107    19819137.8385568
91.8999999999991    1.43742541331052e-05    20264193.4911314    20263610.9341711
91.999999999999    1.43719455443316e-05    20718613.1805521    20718017.6555502
92.099999999999    1.43696371550548e-05    21183188.0192937    21182579.2385904
92.199999999999    1.43673289150052e-05    21658144.1595112    21657521.8290908
92.299999999999    1.4365020924396e-05    22143712.771975    22143076.5913191
92.399999999999    1.43627130078711e-05    22640130.1570438    22639479.8190006
92.499999999999    1.43604052408314e-05    23147637.8580838    23146973.0487107
92.599999999999    1.43580975181297e-05    23666482.7773851    23665803.1758076
92.699999999999    1.43557899836558e-05    24196917.2946332    24196222.5728806
92.799999999999    1.43534826814928e-05    24739199.3879885    24738489.2108421
92.899999999999    1.4351175458367e-05    25293592.7578345    25292866.7826778
92.999999999999    1.43488683676754e-05    25860366.95325    25859624.8298959
93.099999999999    1.43465614175046e-05    26439797.5012673    26439038.8717936
93.199999999999    1.43442546976894e-05    27032166.0389764    27031390.537551
93.299999999999    1.43419481489527e-05    27637760.4485381    27636967.701253
93.399999999999    1.43396415262186e-05    28256874.9951698    28256064.6198741
93.499999999999    1.43373351169865e-05    28889810.4681692    28888982.0742578
93.599999999999    1.43350289612659e-05    29536874.3250419    29536027.5132832
93.699999999999    1.43327229414553e-05    30198380.8388023    30197515.2011576
93.7999999999989    1.43304169832797e-05    30874651.2485164    30873766.3679439
93.8999999999989    1.43281112976886e-05    31566013.9131574    31565109.3633967
93.9999999999989    1.43258055956996e-05    32272804.4688477    32271879.8142484
94.0999999999989    1.43235000736754e-05    32995365.9895612    32994420.7848455
94.1999999999989    1.43211947065687e-05    33734049.1513605    33733082.9414255
94.2999999999989    1.43188895385507e-05    34489212.4002489    34488224.7199461
94.3999999999989    1.43165844760957e-05    35261222.1237145    35260212.4976384
94.4999999999989    1.4314279421556e-05    36050452.8260481    36049420.7683112
94.5999999999989    1.43119748056257e-05    36857287.3075171    36856232.3214813
94.6999999999989    1.4309670256041e-05    37682116.8474807    37681038.4255793
94.7999999999989    1.43073655503604e-05    38525341.3915331    38524239.0150207
94.8999999999989    1.4305061388841e-05    39387369.7427601    39386242.8813957
94.9999999999989    1.43027570874277e-05    40268619.7572034    40267467.8691053
95.0999999999989    1.43004530869503e-05    41169518.5436221    41168341.0749234
95.1999999999989    1.42981491583202e-05    42090502.6676456    42089299.0522845
95.2999999999989    1.42958454455586e-05    43032018.3604154    43030788.0198368
95.3999999999989    1.42935417494421e-05    43994521.7318133    43993264.0747234
95.4999999999988    1.42912382880531e-05    44978478.9883762    44977193.4104265
95.5999999999988    1.42889349822399e-05    45984366.6560005    45983052.5395271
95.6999999999988    1.42866318870235e-05    47012671.8075416    47011328.5212604
95.7999999999988    1.42843287347566e-05    48063892.2954147    48062519.1941529
95.8999999999988    1.42820257846765e-05    49138536.9893064    49137133.4136477
95.9999999999988    1.42797230805928e-05    50237126.0191095    50235691.2951011
96.0999999999988    1.42774205806568e-05    51360191.0231957    51358724.4620377
96.1999999999988    1.42751181731175e-05    52508275.4021425    52506776.2998695
96.2999999999988    1.4272815808213e-05    53681934.5780333    53680402.2151755
96.3999999999988    1.42705136656151e-05    54881736.2594534    54880169.9006716
96.4999999999988    1.42682116813849e-05    56108260.7123058    56106659.6060688
96.5999999999988    1.42659096516691e-05    57362101.0365756    57360464.4148219
96.6999999999988    1.42636078429817e-05    58643863.4491717    58642190.5268923
96.7999999999988    1.42613062442653e-05    59954167.5729782    59952457.5478766
96.8999999999988    1.42590049615913e-05    61293646.7322542    61291898.7843525
96.9999999999988    1.42567036417361e-05    62662948.2545186    62661161.545826
97.0999999999988    1.42544025636783e-05    64062733.7790616    64060907.4531015
97.1999999999988    1.42521014900888e-05    65493679.5722291    65491812.7536988
97.2999999999987    1.42498006169005e-05    66956476.8496272    66954568.6439285
97.3999999999987    1.4247499907413e-05    68451832.1053981    68449881.5982448
97.4999999999987    1.42451991451132e-05    69980467.448724    69978473.7057352
97.5999999999987    1.42428988981294e-05    71543120.9477132    71541083.0138623
97.6999999999987    1.42405986109358e-05    73140546.9808334    73138463.8801546
97.7999999999987    1.42382983622013e-05    74773516.596057    74771387.3310963
97.8999999999987    1.4235998330619e-05    76442817.8778827    76440641.4292112
97.9999999999987    1.42336984495201e-05    78149256.3224114    78147031.6481797
98.0999999999987    1.42313987465983e-05    79893655.2206487    79891381.2560809
98.1999999999987    1.42290992628771e-05    81676856.0502148    81674531.7071037
98.2999999999987    1.42267999842474e-05    83499718.875646    83497343.0418481
98.3999999999987    1.42245004365757e-05    85363122.7574759    85360694.2964656
98.4999999999987    1.42222015037407e-05    87267966.1702845    87265483.9203881
98.5999999999987    1.42199024751966e-05    89215167.4299166    89212630.2040354
98.6999999999987    1.42176035300094e-05    91205665.1300678    91203071.7149669
98.7999999999987    1.42153049168858e-05    93240418.5884387    93237767.7441596
98.8999999999987    1.42130063953871e-05    95320408.302673    95317698.762038
98.9999999999986    1.42107077856319e-05    97446636.4162895    97443866.8842969
99.0999999999986    1.42084095792618e-05    99620127.194825    99617296.3479078
99.1999999999986    1.42061114371429e-05    101841927.512414    101839033.997977
99.2999999999986    1.42038133674361e-05    104113107.349031    104110149.784748
99.3999999999986    1.42015157279352e-05    106434760.298633    106431737.27172
99.4999999999986    1.41992180462383e-05    108808004.088428    108804914.155152
99.5999999999986    1.41969204906424e-05    111233981.109532    111230822.794399
99.6999999999986    1.41946229464891e-05    113713858.959241    113710630.754361
99.7999999999986    1.41923257146714e-05    116248830.995189    116245531.359471
99.8999999999986    1.41900285293164e-05    118840116.901639    118836744.260199
99.9999999999986    1.41877316509021e-05    121488963.268189    121485516.011479
100.099999999999    1.41854349437387e-05    124196644.181135    124193120.664285
100.199999999999    1.41831381998894e-05    126964461.827803    126960860.369866
100.299999999999    1.4180841696385e-05    129793747.114102    129790065.997141
100.399999999999    1.4178545038533e-05    132685860.295601    132682097.764056
100.499999999999    1.41762490761995e-05    135642191.622429    135638345.88196
100.599999999999    1.41739528989151e-05    138664161.998286    138660231.215399
100.699999999999    1.41716568683295e-05    141753223.653888    141749205.954734
100.799999999999    1.41693610463271e-05    144910860.835146    144906754.30472
100.899999999999    1.4167065453944e-05    148138590.506413    148134393.18766
100.999999999999    1.41647699737736e-05    151437963.069116    151433672.96206
101.099999999999    1.41624747641808e-05    154810563.096126    154806178.156842
101.199999999999    1.41601793650522e-05    158258010.082184    158253528.222031
101.299999999999    1.41578841984681e-05    161781959.210755    161777378.295123
101.399999999999    1.41555894305827e-05    165384102.137657    165379419.985039
101.499999999999    1.41532945164028e-05    169066167.791836    169061382.173037
101.599999999999    1.41510000053716e-05    172829923.193657    172825031.830386
101.699999999998    1.41487052768824e-05    176677174.291092    176672174.855291
101.799999999998    1.41464108949814e-05    180609766.814203    180604656.926543
101.899999999998    1.4144116867907e-05    184629587.1483    184624364.377255
101.999999999998    1.41418226579072e-05    188738563.226212    188733225.087124
102.099999999998    1.41395288200332e-05    192938665.440057    192933209.393562
102.199999999998    1.41372349926906e-05    197231907.572946    197226331.024132
102.299999999998    1.41349414268798e-05    201620347.751064    201614648.048017
102.399999999998    1.41326478167698e-05    206106089.416564    206100263.849346
102.499999999998    1.41303544579302e-05    210691282.321727    210685328.120861
102.599999999998    1.41280613113691e-05    215378123.544846    215372037.880155
102.699999999998    1.41257681264853e-05    220168858.528328    220162638.507702
102.799999999998    1.41234753659485e-05    225065782.13947    225059424.807199
102.899999999998    1.41211826021893e-05    230071239.754423    230064742.090201
102.999999999998    1.41188898844816e-05    235187628.365838    235180987.283149
103.099999999998    1.4116597429315e-05    240417397.714721    240410610.059302
103.199999999998    1.41143052107114e-05    245763051.447001    245756113.995483
103.299999999998    1.41120129208685e-05    251227148.295386    251220057.753923
103.399999999998    1.41097209013285e-05    256812303.287018    256805056.289424
103.499999999998    1.41074289212782e-05    262521188.977509    262513782.083973
103.599999999998    1.41051373504014e-05    268356536.711939    268348966.407101
103.699999999998    1.41028456176897e-05    274321137.913386    274313400.605189
103.799999999998    1.41005541596193e-05    280417845.399591    280409937.417065
103.899999999998    1.40982629311154e-05    286649574.72838    286641492.320181
103.999999999998    1.4095971585267e-05    293019305.572459    293011044.905291
104.099999999998    1.40936807445727e-05    299530083.124222    299521640.280482
104.199999999998    1.40913897167959e-05    306185019.531226    306176390.507949
104.299999999998    1.40890989935842e-05    312987295.36301    312978476.06929
104.399999999998    1.40868083782315e-05    319940161.109915    319931147.365406
104.499999999998    1.40845179155135e-05    327046938.714629    327037726.247447
104.599999999998    1.40822277689972e-05    334311023.137143    334301607.581788
104.699999999998    1.40799375527479e-05    341735883.953878    341726260.849559
104.799999999998    1.40776475233934e-05    349325066.991679    349315231.779807
104.899999999998    1.40753576848059e-05    357082195.997479    357072144.019701
104.999999999998    1.40730678311187e-05    365010974.344382    365000700.840559
105.099999999998    1.4070778322505e-05    373115186.774962    373104686.88054
105.199999999998    1.40684889835275e-05    381398701.182595    381387969.926716
105.299999999998    1.40661996201748e-05    389865470.431641    389854502.73485
105.399999999998    1.40639105131783e-05    398519534.217321    398508324.888834
105.499999999998    1.40616214250293e-05    407365020.966159    407353564.701839
105.599999999998    1.40593325447109e-05    416406149.777863    416394441.157411
105.699999999998    1.40570438701549e-05    425647232.409542    425635265.894118
105.799999999998    1.40547554200524e-05    435092675.303197    435080445.232815
105.899999999998    1.40524669188823e-05    444746981.657404    444734482.248557
105.999999999998    1.40501786353583e-05    454614753.54416    454601978.886651
106.099999999998    1.4047890521771e-05    464700694.071869    464687638.126326
106.199999999998    1.4045602600694e-05    475009609.595477    474996266.190477
106.299999999998    1.40433147643038e-05    485546411.974772    485532774.804091
106.399999999998    1.40410268116045e-05    496316120.881901    496302183.501675
106.499999999998    1.40387395540878e-05    507323866.159155    507309621.983872
106.599999999998    1.40364518864652e-05    518574890.228149    518560332.529495
106.699999999998    1.40341649047451e-05    530074550.551478    530059672.452971
106.799999999998    1.40318777846202e-05    541828322.147999    541813116.623768
106.899999999998    1.40295906925633e-05    553841800.16292    553826260.033413
106.999999999998    1.40273039080948e-05    566120702.493852    566104820.422349
107.099999999998    1.40250171355241e-05    578670872.474063    578654640.963906
107.199999999998    1.40227306602e-05    591498281.614179    591481693.004619
107.299999999998    1.40204444103983e-05    604609032.403575    604592078.866613
107.399999999998    1.40181581560481e-05    618009361.172782    617992034.709734
107.499999999998    1.40158718193684e-05    631705641.018212    631687933.455815
107.599999999998    1.40135859393122e-05    645704384.790545    645686287.776373
107.699999999998    1.40113000901206e-05    660012248.148186    659993753.147981
107.799999999998    1.40090144714214e-05    674636032.6772    674617130.970105
107.899999999998    1.40067290520849e-05    689582689.079134    689563371.753937
107.999999999998    1.40044434859065e-05    704859320.428243    704839578.379682
108.099999999998    1.40021583106062e-05    720473185.499579    720453009.422884
108.199999999998    1.3999873436906e-05    736431702.169515    736411082.556936
108.299999999998    1.39975883903475e-05    752742450.890278    752721378.027264
108.399999999998    1.39953036610601e-05    769413178.240055    769391642.199318
108.499999999998    1.39930189445285e-05    786451800.550341    786429791.18843
108.599999999998    1.39907344695913e-05    803866407.612207    803843914.563986
108.699999999998    1.39884501246857e-05    821665266.46318    821642279.137539
108.799999999998    1.39861659714307e-05    839856825.256491    839833332.831159
108.899999999998    1.39838818438683e-05    858449717.214483    858425708.631387
108.999999999998    1.39815980097239e-05    877452764.667985    877428228.627382
109.099999999998    1.39793142309345e-05    896874983.183529    896849908.139629
109.199999999998    1.39770306957302e-05    916725585.780308    916699959.935178
109.299999999998    1.39747470210656e-05    937013987.238828    936987798.537955
109.399999999998    1.39724637942094e-05    957749808.503211    957723044.628122
109.499999999998    1.39701805507766e-05    978942881.179212    978915529.543721
109.599999999998    1.39678974662518e-05    1000603252.13002    1000575299.87319
109.699999999998    1.39656146921243e-05    1022741188.17192    1022712622.15214
109.799999999998    1.39633319410942e-05    1045367180.87205    1045337987.66179
109.899999999998    1.3961049176417e-05    1068491951.45035    1068462117.32951
109.999999999998    1.39587668265776e-05    1092126455.78815    1092095966.73666
110.099999999998    1.39564843839997e-05    1116281889.54543    1116250731.23878
110.199999999998    1.39542023289604e-05    1140969693.38941    1140937851.18984
110.299999999998    1.39519203112047e-05    1166201558.33662    1166169017.28821
110.399999999998    1.39496383343078e-05    1191989431.21107    1191956176.03204
110.499999999998    1.394735653534e-05    1218345520.22099    1218311535.29628
110.599999999998    1.39450749393602e-05    1245282300.65664    1245247570.03095
110.699999999998    1.39427935763178e-05    1272812520.7119    1272777028.08229
110.799999999998    1.39405122320183e-05    1300949207.43232    1300912936.14128
110.899999999998    1.39382310943282e-05    1329705672.79221    1329668605.81895
110.999999999998    1.39359502691584e-05    1359095519.90384    1359057639.85658
111.099999999998    1.39336694123387e-05    1389132649.36129    1389093938.47046
111.199999999998    1.39313886645718e-05    1419831265.72216    1419791705.83088
111.299999999998    1.39291080416863e-05    1451205884.12987    1451165456.68588
111.399999999998    1.39268276190157e-05    1483271337.07975    1483230023.12668
111.499999999998    1.39245474019687e-05    1516042781.332    1516000561.50075
111.599999999998    1.39222671415909e-05    1549535704.97464    1549492559.47526
111.699999999998    1.39199871391177e-05    1583765934.63974    1583721843.25061
111.799999999998    1.39177072885011e-05    1618749642.87624    1618704584.93594
111.899999999998    1.39154274977164e-05    1654503355.68277    1654457310.08053
111.999999999998    1.39131480367126e-05    1691043960.2038    1690996905.36857
112.099999999998    1.39108686228962e-05    1728388712.59285    1728340626.48515
112.199999999998    1.39085893742465e-05    1766555246.04623    1766506106.14665
112.299999999998    1.39063102943612e-05    1805561579.01103    1805511362.31021
112.399999999998    1.39040314706088e-05    1845426123.57111    1845374806.55883
112.499999999998    1.39017525587543e-05    1886167694.01499    1886115252.67089
112.599999999998    1.38994739808156e-05    1927805515.58952    1927751925.36919
112.699999999998    1.38971952611169e-05    1970359233.44335    1970304469.27041
112.799999999998    1.38949168790502e-05    2013848921.76429    2013792958.01515
112.899999999998    1.38926385873219e-05    2058295093.11483    2058237903.60967
112.999999999998    1.38903607231234e-05    2103718707.96993    2103660265.95829
113.099999999998    1.38880827039139e-05    2150141184.4617    2150081462.61393
113.199999999998    1.38858048690108e-05    2197584408.33515    2197523378.72604
113.299999999998    1.3883527094493e-05    2246070743.11979    2246008377.21762
113.399999999998    1.3881249541169e-05    2295623040.52162    2295559309.17373
113.499999999998    1.3878972232083e-05    2346264651.0403    2346199524.46031
113.599999999998    1.38766951086353e-05    2398019434.81647    2397952882.57087
113.699999999998    1.3874417993292e-05    2450911772.71392    2450843763.70871
113.799999999998    1.38721411300724e-05    2504966577.64201    2504897080.10631
113.899999999998    1.38698641763317e-05    2560209306.12325    2560138287.59759
113.999999999998    1.38675876349263e-05    2616665970.11146    2616593397.42857
114.099999999998    1.38653111318731e-05    2674363149.06592    2674288988.3399
114.199999999998    1.3863034782394e-05    2733328002.28705    2733252218.8953
114.299999999998    1.38607586523444e-05    2793588281.51911    2793510840.08662
114.399999999998    1.38584825414463e-05    2855172343.82595    2855093208.21049
114.499999999998    1.38562066253891e-05    2918109164.74541    2918028298.01883
114.599999999998    1.38539309795152e-05    2982428351.72855    2982345716.1603
114.699999999998    1.38516550633034e-05    3048160157.86992    3048075714.91342
114.799999999998    1.38493798152071e-05    3115335495.93487    3115249206.20086
114.899999999998    1.38471045776003e-05    3183985952.69061    3183897775.93868
114.999999999998    1.38448292651705e-05    3254143803.54747    3254053698.66423
115.099999999998    1.38425544002936e-05    3325842027.51688    3325749952.49305
115.199999999998    1.38402792900321e-05    3399114322.49316    3399020234.41224
115.299999999998    1.38380046499445e-05    3473995120.86589    3473898975.87507
115.399999999998    1.38357299472915e-05    3550519605.47018    3550421358.76863
115.499999999998    1.38334557102045e-05    3628723725.88193    3628623331.69283
115.599999999998    1.38311812009e-05    3708644215.06563    3708541626.62425
115.699999999998    1.38289070118026e-05    3790318606.38231    3790213775.90489
115.799999999998    1.38266330301936e-05    3873785250.96528    3873678129.6322
115.899999999998    1.3824359191111e-05    3959083335.47174    3958973873.40479
115.999999999998    1.38220854487405e-05    4046252900.21829    4046141046.45767
116.099999999998    1.38198120059927e-05    4135334857.70851    4135220560.18745
116.199999999998    1.3817538487212e-05    4226371011.56131    4226254217.0869
116.299999999998    1.38152652684964e-05    4319404075.84839    4319284730.07097
116.399999999998    1.38129920481463e-05    4414477694.84981    4414355742.24375
116.499999999998    1.38107190905457e-05    4511636463.2366    4511511847.06997
116.599999999998    1.3808446209353e-05    4610925946.68969    4610798609.0022
116.699999999998    1.38061735528145e-05    4712392702.9644    4712262584.53783
116.799999999998    1.38039009898239e-05    4816084303.4103    4815951343.74389
116.899999999998    1.38016284738118e-05    4922049354.95598    4921913492.23806
116.999999999998    1.37993562646502e-05    5030337522.56902    5030198693.64556
117.099999999998    1.37970842686997e-05    5140999552.20107    5140857692.55023
117.199999999998    1.3794812133066e-05    5254087294.22896    5253942337.9343
117.299999999998    1.37925403247836e-05    5369653727.40189    5369505607.11371
117.399999999998    1.37902686707898e-05    5487752983.30607    5487601630.21719
117.499999999998    1.37879972277695e-05    5608440371.35786    5608285715.16967
117.599999999998    1.37857259303273e-05    5731772404.3366    5731614373.22826
117.699999999998    1.37834545546491e-05    5857806824.46899    5857645345.06643
117.799999999998    1.37811833515535e-05    5986602630.07659    5986437627.41352
117.899999999998    1.37789125489512e-05    6118220102.79876    6118051500.28242
117.999999999998    1.37766416037298e-05    6252720835.40357    6252548554.78902
118.099999999998    1.37743710687654e-05    6390167760.19888    6389991721.53986
118.199999999998    1.37721006630131e-05    6530625178.05686    6530445299.67948
118.299999999998    1.3769830015054e-05    6674158788.06521    6673974986.53212
118.399999999998    1.3767559910911e-05    6820835717.81799    6820647907.8749
118.499999999998    1.37652897526695e-05    6970724554.36051    6970532648.91559
118.599999999998    1.37630198931814e-05    7123895375.80199    7123699285.87323
118.699999999998    1.37607501458859e-05    7280419783.61035    7280219418.29232
118.799999999998    1.37584805400252e-05    7440370935.60383    7440166202.0232
118.899999999998    1.37562109459485e-05    7603823579.6545    7603614382.92994
118.999999999998    1.37539417515672e-05    7770854088.11877    7770640331.30979
119.099999999998    1.37516726198846e-05    7941540493.0107    7941322077.08437
119.199999999998    1.37494034158974e-05    8115962521.93416    8115739345.71706
119.299999999997    1.37471346322601e-05    8294201634.78972    8293973594.91154
119.399999999997    1.37448658252698e-05    8476341061.27337    8476108052.1349
119.499999999997    1.37425972809692e-05    8662465839.18394    8662227752.89689
119.599999999997    1.37403286746675e-05    8852662853.55652    8852419579.90467
119.699999999997    1.37380604033935e-05    9047020876.63955    9046772303.01592
119.799999999997    1.37357921530672e-05    9245630608.73404    9245376620.10205
119.899999999997    1.37335242627252e-05    9448584719.91302    9448325198.74216
