0    1    0.0999883602153822    0.0999883602153822
0.1    1.01004795798074    0.100976747097232    0.0999722303276592
0.2    1.02019534941945    0.101975717389817    0.0999570498413341
0.3    1.0304431014587    0.102984054882537    0.0999415249000672
0.4    1.04079216039595    0.104002583464568    0.0999263709144403
0.5    1.05124361815161    0.105031485732045    0.0999116512276389
0.6    1.06179845754236    0.106070518611972    0.0998970358814444
0.7    1.07245772187401    0.107119969183858    0.0998826965380763
0.8    1.08322245137913    0.108179869784889    0.0998685631443074
0.9    1.09409369583099    0.109250346726039    0.0998546533467238
1    1.10507252072434    0.110331535607089    0.0998409910100467
1.1    1.1161600029524    0.111423459881006    0.0998274974791021
1.2    1.12735721270054    0.112526234845825    0.0998141791954945
1.3    1.13866524992157    0.113640044776232    0.0998011002654727
1.4    1.15008522165579    0.114764914483226    0.0997881829296071
1.5    1.16161823281821    0.115900957854719    0.0997754292936073
1.6    1.17326541322673    0.117048314983935    0.0997628615523802
1.7    1.185027895815    0.118207060319207    0.0997504453158127
1.8    1.19690682529058    0.119377325347884    0.0997381941730529
1.9    1.20890336088458    0.120559218998275    0.0997261012741825
2    1.22101866909023    0.121752831167717    0.0997141438127509
2.1    1.23325392711812    0.12295828133213    0.099702322959117
2.2    1.24561032535666    0.12417570433321    0.0996906510851658
2.3    1.25808906798476    0.125405202355985    0.0996791129874945
2.4    1.27069136582785    0.126646869537825    0.0996676871691143
2.5    1.28341844189233    0.127900846641111    0.0996563883346795
2.6    1.29627153515608    0.129167253455816    0.0996452131769319
2.7    1.30925189258349    0.130446191204894    0.0996341436997964
2.8    1.32236077339705    0.131737794433761    0.0996231868670269
2.9    1.33559945147024    0.133042184150472    0.0996123381183017
3    1.34896921022715    0.134359469931142    0.0996015838704853
3.1    1.36247134545647    0.135689785055373    0.0995909275507829
3.2    1.37610716723822    0.137033261002468    0.0995803700939123
3.3    1.38987799765697    0.138390018036849    0.0995699034520614
3.4    1.40378517084559    0.139760178961511    0.0995595208327525
3.5    1.41783003344927    0.141143874137289    0.099549220151528
3.6    1.43201394567305    0.142541241010599    0.0995390034023752
3.7    1.44633828165139    0.143952409847753    0.0995288665687478
3.8    1.4608044276426    0.145377505930496    0.0995188015449144
3.9    1.47541378283749    0.146816668027242    0.0995088088067657
4    1.49016776124805    0.148270036395426    0.0994988888172206
4.1    1.50506779011657    0.149737740255263    0.09948903380868
4.2    1.5201153092991    0.151219916947802    0.0994792408330701
4.3    1.53531177350613    0.152716714808795    0.0994695132572596
4.4    1.55065865226086    0.154228273533834    0.0994598477936899
4.5    1.5661574282129    0.15575472789646    0.0994502373073616
4.6    1.58180959784015    0.157296222979742    0.0994406805942503
4.7    1.59761667280885    0.158852909083932    0.0994311788225428
4.8    1.61358017965694    0.160424932773119    0.0994217298871545
4.9    1.62970165936347    0.162012440022087    0.0994123305276414
5    1.64598266766136    0.16361557950174    0.0994029783644127
5.1    1.66242477526382    0.165234502212974    0.0993936716244813
5.2    1.67902956810395    0.166869362071595    0.0993844094479124
5.3    1.69579864767814    0.168520314144403    0.0993751907840818
5.4    1.71273363093283    0.170187512239219    0.0993660130014071
5.5    1.72983615012598    0.171871112162876    0.0993568738578844
5.6    1.74710785336541    0.17357127483113    0.0993477732337955
5.7    1.76455040509221    0.175288162072738    0.0993387106238986
5.8    1.78216548577996    0.177021933026386    0.0993296831516816
5.9    1.79995479169749    0.178772748582828    0.0993206881680804
5.99999999999999    1.81792003549652    0.180540775730685    0.0993117256014919
6.09999999999999    1.83606294684362    0.182326184040222    0.0993027958838009
6.19999999999999    1.85438527230457    0.184129140966322    0.0992938973989436
6.29999999999999    1.87288877503689    0.185949813673536    0.0992850275745145
6.39999999999999    1.89157523503927    0.187788373217687    0.099276185128205
6.49999999999999    1.91044644968042    0.189644994343313    0.0992673698731712
6.59999999999999    1.92950423390794    0.19151985262994    0.0992585811755615
6.69999999999999    1.94875042020641    0.193413123971491    0.0992498177119083
6.79999999999999    1.96818685870223    0.195324986150088    0.0992410782982668
6.89999999999999    1.98781541743643    0.197255619396225    0.0992323621529276
6.99999999999999    2.00763798258148    0.199205205699736    0.0992236685239399
7.09999999999999    2.02765645857638    0.20117392858322    0.0992149965702101
7.19999999999999    2.04787276829812    0.203161973418664    0.0992063455131056
7.29999999999999    2.06828885326011    0.205169527301152    0.0991977145637838
7.39999999999999    2.08890667375835    0.207196778766176    0.0991891027823606
7.49999999999999    2.10972820901334    0.209243918243873    0.0991805092949532
7.59999999999999    2.13075545740713    0.21131113876949    0.0991719336139258
7.69999999999999    2.15199043676724    0.21339863571619    0.0991633754826353
7.79999999999999    2.17343518455037    0.215506605709166    0.0991548343567232
7.89999999999999    2.19509175790908    0.217635246229847    0.0991463092354529
7.99999999999999    2.21696223379633    0.219784756559137    0.0991377991057507
8.09999999999999    2.2390487092209    0.221955338888794    0.0991293034290553
8.19999999999999    2.26135330157409    0.224147198236542    0.0991208220672623
8.29999999999999    2.28387814886821    0.226360541382657    0.0991123547877679
8.39999999999999    2.30662540985062    0.228595576193756    0.0991039009704482
8.49999999999999    2.32959726410696    0.230852512052509    0.0990954598073005
8.59999999999999    2.35279591226113    0.233131560738056    0.099087030678325
8.69999999999999    2.37622357625457    0.235432936734389    0.0990786132614174
8.79999999999998    2.399882499608    0.237756856786746    0.0990702073228922
8.89999999999998    2.42377494761192    0.240103539372672    0.0990618124876814
8.99999999999998    2.44790320748254    0.242473204681503    0.0990534282321016
9.09999999999998    2.47226958854822    0.244866075011244    0.0990450540448688
9.19999999999998    2.49687642248479    0.24728237508581    0.0990366895449817
9.29999999999998    2.52172606356539    0.249722332020846    0.0990283344527011
9.39999999999998    2.54682088888896    0.252186175103363    0.0990199884897985
9.49999999999998    2.57216329858606    0.254674135680426    0.099011651328834
9.59999999999998    2.59775571602504    0.257186447238182    0.0990033226186932
9.69999999999998    2.62360058803369    0.259723345528539    0.0989950020262779
9.79999999999998    2.64970038513075    0.262285068607034    0.0989866892418826
9.89999999999998    2.6760576017551    0.264871856804249    0.0989783839594975
9.99999999999998    2.7026747564916    0.267483952741359    0.0989700858747007
10.1    2.72955439230337    0.270121601427021    0.0989617947122404
10.2    2.756699076777    0.272785050351225    0.0989535102504375
10.3    2.78411140237362    0.27547454947539    0.0989452323066282
10.4    2.81179398667208    0.278190351123401    0.0989369606884516
10.5    2.8397494725983    0.280932709886261    0.0989286951532434
10.6    2.86798052864933    0.283701882650536    0.0989204354131874
10.7    2.89648984912841    0.286498128753495    0.0989121811836167
10.8    2.92528015440003    0.289321710159607    0.0989039322351489
10.9    2.95435419116033    0.292172891538511    0.0988956884088971
11    2.98371473270774    0.295051940208431    0.0988874495855943
11.1    3.01336457920201    0.297959126013734    0.0988792156349825
11.2    3.04330655791048    0.300894721247126    0.0988709863832181
11.3    3.07354352345144    0.30385900068242    0.0988627616182905
11.4    3.10407835804697    0.306852241698254    0.0988545411241875
11.5    3.13491397179109    0.309874724414062    0.0988463247165342
11.6    3.16605330292978    0.312926731763836    0.098838112256121
11.7    3.19749931814386    0.31600854948641    0.0988299036353985
11.8    3.22925501282706    0.319120466068356    0.0988216987511869
11.9    3.26132341135753    0.322262772698834    0.0988134974828184
12    3.29370756736683    0.325435763277083    0.0988052996876265
12.1    3.32641056401294    0.328639734473629    0.0987971052127618
12.2    3.35943551426155    0.331874985814662    0.0987889139130007
12.3    3.39278556117588    0.335141819752521    0.0987807256631825
12.4    3.42646387821206    0.338440541701637    0.0987725403596657
12.5    3.4604736695162    0.341771460043402    0.0987643579126508
12.6    3.49481817022074    0.345134886119588    0.0987561782356732
12.7    3.52950064674012    0.348531134234967    0.0987480012383262
12.8    3.56452439706773    0.351960521679183    0.0987398268247834
12.9    3.59989275107596    0.355423368764938    0.0987316548968595
13    3.63560907082072    0.358919998872102    0.0987234853584184
13.1    3.67167675085038    0.362450738488075    0.0987153181183853
13.2    3.70809921851833    0.366015917240506    0.0987071530914314
13.3    3.74487993429848    0.369615867924593    0.0986989901970869
13.4    3.78202239210325    0.373250926529698    0.0986908293586612
13.5    3.81953011960442    0.3769214322688    0.0986826705028933
13.6    3.85740667855701    0.380627727610956    0.0986745135603234
13.7    3.89565566512661    0.384370158314316    0.0986663584656996
13.8    3.93428071021988    0.388149073456802    0.0986582051576868
13.9    3.97328547981797    0.391964825463316    0.0986500535776436
14    4.01267367531254    0.395817770130816    0.0986419036678795
14.1    4.05244903384413    0.399708266654374    0.0986337553701971
14.2    4.09261532864341    0.403636677657285    0.0986256086254456
14.3    4.13317636937559    0.407603369226596    0.0986174633743426
14.4    4.17413600248873    0.411608710953059    0.0986093195592205
14.5    4.2154981115662    0.41565307597261    0.0986011771259411
14.6    4.25726661768326    0.419736841005993    0.0985930360251686
14.7    4.2994454797674    0.423860386394144    0.0985848962124935
14.8    4.34203869496208    0.428024096128889    0.0985767576473951
14.9    4.38505029899318    0.432228357880494    0.0985686202914787
15    4.42848436653818    0.436473563024771    0.0985604841066582
15.1    4.47234501159813    0.440760106672517    0.0985523490539066
15.2    4.51663638787269    0.445088387703095    0.0985442150929332
15.3    4.56136268913875    0.449458808802458    0.0985360821827834
15.4    4.60652814963318    0.453871776504535    0.0985279502830514
15.5    4.65213704443966    0.458327701233992    0.0985198193552349
15.6    4.69819368987998    0.462826997348312    0.0985116893637767
15.7    4.74470244390932    0.467370083177671    0.0985035602764984
15.8    4.79166770651551    0.471957381062071    0.0984954320643568
15.9    4.83909392012174    0.476589317386175    0.0984873047006671
16    4.88698556999275    0.481266322613003    0.0984791781600692
16.1    4.93534718464434    0.485988831317902    0.0984710524175463
16.2    4.98418333625633    0.490757282224045    0.0984629274477407
16.3    5.03349864108915    0.495572118240177    0.0984548032246901
16.4    5.08329775990436    0.500433786500733    0.098446679721974
16.5    5.13358539838929    0.505342738407913    0.0984385569131603
16.6    5.18436630758594    0.51029942967495    0.0984304347723775
16.7    5.23564528432428    0.515304320369733    0.0984223132748457
16.8    5.28742717165989    0.520357874958119    0.0984141923972378
16.9    5.33971685931591    0.525460562346535    0.0984060721178115
17    5.3925192841292    0.530612855923814    0.0983979524163165
17.1    5.44583943050067    0.535815233602502    0.0983898332737367
17.2    5.4996823308497    0.541068177860003    0.0983817146719469
17.3    5.55405306607267    0.546372175780013    0.0983735965933718
17.4    5.6089567660057    0.551727719094592    0.0983654790207081
17.5    5.66439860989159    0.557135304227114    0.098357361936747
17.6    5.72038382685112    0.562595432336154    0.0983492453243026
17.7    5.77691769635882    0.568108609360261    0.0983411291662228
17.8    5.83400554872318    0.57367534606345    0.0983330134454541
17.9    5.89165276557151    0.579296158081233    0.09832489814512
18    5.94986478033942    0.584971565967001    0.0983167832485816
18.1    6.00864707876491    0.590702095238634    0.0983086687394617
18.2    6.06800519938715    0.59648827642529    0.0983005546016232
18.3    6.12794473404997    0.602330645114342    0.0982924408191033
18.4    6.18847132841002    0.608229741998544    0.0982843273760168
18.5    6.24959068244968    0.614186112923471    0.0982762142564393
18.6    6.31130855099471    0.620200308935333    0.0982681014442853
18.7    6.37363074423674    0.626272886329205    0.0982599889231898
18.8    6.43656312826055    0.63240440669773    0.0982518766764016
18.9    6.50011162557629    0.638595436980295    0.0982437646866838
19    6.56428221565661    0.644846549512662    0.0982356529362227
19.1    6.62908093547882    0.651158322077046    0.0982275414065394
19.2    6.69451388007202    0.657531337952591    0.0982194300783968
19.3    6.76058720306934    0.663966185966222    0.0982113189317013
19.4    6.82730711726527    0.670463460543886    0.0982032079453964
19.5    6.89467989517812    0.677023761762152    0.0981950970973485
19.6    6.9627118696177    0.683647695400222    0.098186986364231
19.7    7.03140943425816    0.69033587299241    0.0981788757214141
19.8    7.10077904421618    0.697088911881132    0.0981707651428661
19.9    7.17082721663439    0.703907435270501    0.0981626546010794
20    7.24156053127028    0.710792072280632    0.0981545440670298
20.1    7.31298563109051    0.717743458002741    0.0981464335101819
20.2    7.38510922287083    0.724762233555165    0.098138322898551
20.3    7.45793807780155    0.731849046140421    0.0981302121988328
20.4    7.53147903209891    0.739004549103424    0.0981221013766102
20.5    7.60573898762223    0.746229401990974    0.0981139903966473
20.6    7.68072491249711    0.753524270612661    0.0981058792232777
20.7    7.75644384174476    0.760889827103255    0.0980977678208906
20.8    7.83290287791776    0.768326749986664    0.0980896561545151
20.9    7.9101091917421    0.775835724241503    0.0980815441904962
21    7.98807002276606    0.783417441368223    0.0980734318972515
21.1    8.06679268001574    0.79107259945771    0.0980653192460831
21.2    8.1462845426576    0.798801903261157    0.0980572062120187
21.3    8.22655306066797    0.806606064260905    0.0980490927746367
21.4    8.30760575550978    0.814485800741882    0.0980409789188296
21.5    8.38945022081635    0.822441837863142    0.0980328646354508
21.6    8.47209412308241    0.83047490772898    0.0980247499217854
21.7    8.55554520236215    0.838585749459045    0.0980166347817922
21.8    8.63981127297422    0.846775109256911    0.0980085192260701
21.9    8.72490022421353    0.855043740476663    0.0980004032715157
22    8.81082002106955    0.863392403687166    0.0979922869406608
22.1    8.89757870495096    0.871821866733905    0.0979841702607013
22.2    8.98518439441633    0.880332904798531    0.0979760532622566
22.3    9.07364528591067    0.888926300456479    0.097967935977923
22.4    9.16296965450763    0.897602843733295    0.0979598184407092
22.5    9.25316585465733    0.906363332160521    0.0979517006824565
22.6000000000001    9.34424232093973    0.915208570832124    0.097943582732354
22.7000000000001    9.43620756882375    0.924139372462533    0.097935464615657
22.8000000000001    9.52907019543224    0.933156557447314    0.0979273463527032
22.9000000000001    9.62283888031321    0.94226095392735    0.0979192279582967
23.0000000000001    9.71752238621771    0.95145339785721    0.0979111094415022
23.1000000000001    9.81312955988465    0.960734733078062    0.0979029908058561
23.2000000000001    9.90966933283332    0.970105811395187    0.0978948720499657
23.3000000000001    10.0071507221637    0.979567492659783    0.097886753168437
23.4000000000001    10.1055828313653    0.989120644854453    0.0978786341530409
23.5000000000001    10.2049748511346    0.998766144181563    0.0978705149940199
23.6000000000001    10.3053360602016    1.00850487515345    0.09786239568142
23.7000000000001    10.4066758261653    1.01833773068341    0.097854276206339
23.8000000000001    10.5090036063383    1.02826561217638    0.0978461565619989
23.9000000000001    10.6123289486006    1.03828942961861    0.0978380367445671
24.0000000000001    10.716661492262    1.04841010166531    0.097829916753675
24.1000000000001    10.8220109689336    1.05862855572605    0.0978217965926129
24.2000000000001    10.9283872034072    1.0689457280477    0.097813676268208
24.3000000000001    11.0358001145432    1.07936256379482    0.0978055557904149
24.4000000000001    11.1442597161662    1.08988001712798    0.097797435171667
24.5000000000001    11.2537761179687    1.10049905128049    0.0977893144260562
24.6000000000001    11.3643595264223    1.11122063863412    0.0977811935684115
24.7000000000001    11.4760202456956    1.12204576079466    0.0977730726133496
24.8000000000001    11.5887686785812    1.13297540866805    0.0977649515743686
24.9000000000001    11.7026153274292    1.14401058253769    0.0977568304630419
25.0000000000001    11.8175707950887    1.15515229214376    0.0977487092883615
25.1000000000001    11.9336457858579    1.16640155676491    0.0977405880562637
25.2000000000001    12.0508511064417    1.17775940530278    0.0977324667693565
25.3000000000001    12.1691976669185    1.18922687636963    0.097724345426856
25.4000000000001    12.2886964817156    1.20080501837924    0.0977162240247302
25.5000000000001    12.4093586705943    1.21249488964104    0.0977081025560341
25.6000000000001    12.5311954596439    1.22429755845753    0.0976999810114147
25.7000000000001    12.6542181822858    1.23621410322463    0.0976918593797565
25.8000000000001    12.7784382802888    1.24824561253476    0.0976837376489293
25.9000000000001    12.9038673047928    1.26039318528219    0.0976756158065926
26.0000000000001    13.0305169173452    1.27265793076995    0.0976674938410066
26.1000000000001    13.1583988909468    1.2850409688178    0.0976593717417953
26.2000000000001    13.2875251111088    1.29754342987044    0.0976512495006054
26.3000000000001    13.4179075769209    1.31016645510518    0.0976431271116142
26.4000000000001    13.5495584021298    1.32291119653835    0.0976350045718395
26.5000000000001    13.6824898162285    1.33577881713001    0.0976268818812248
26.6000000000001    13.8167141655558    1.34877049088629    0.0976187590424857
26.7000000000001    13.9522439144058    1.36188740295952    0.0976106360607245
26.8000000000001    14.0890916461477    1.37513074974599    0.0976025129428398
26.9000000000001    14.227270064355    1.38850173898193    0.0975943896967753
27.0000000000001    14.3667919939441    1.40200158983832    0.0975862663306668
27.1000000000001    14.5076703823227    1.41563153301546    0.0975781428519623
27.2000000000001    14.6499183005472    1.42939281083832    0.0975700192665872
27.3000000000001    14.7935489444903    1.44328667735379    0.0975618955782292
27.4000000000001    14.938575636018    1.45731439843103    0.0975537717878096
27.5000000000001    15.0850118241765    1.47147725186577    0.0975456478931924
27.6000000000001    15.2328710863911    1.48577652748937    0.0975375238891603
27.7000000000001    15.3821671296744    1.50021352728304    0.0975293997676645
27.8000000000001    15.5329137918477    1.51478956549728    0.0975212755183319
27.9000000000001    15.6851250427739    1.52950596877617    0.0975131511291847
28.0000000000001    15.8388149856029    1.54436407628585    0.0975050265875092
28.1000000000001    15.993997858031    1.55936523984612    0.0974969018807962
28.2000000000001    16.1506880335722    1.57451082406383    0.0974887769976685
28.3000000000001    16.3089000228438    1.58980220646709    0.0974806519287173
28.4000000000001    16.4686484748656    1.60524077763865    0.097472526667174
28.5000000000001    16.6299481783715    1.62082794134775    0.0974644012093649
28.6000000000001    16.7928140631351    1.63656511467934    0.0974562755549146
28.7000000000001    16.9572612013074    1.65245372816037    0.0974481497066856
28.8000000000001    17.1233048087672    1.66849522588281    0.0974400236704621
28.9000000000001    17.290960246484    1.68469106562372    0.0974318974544107
29.0000000000001    17.460243021892    1.70104271896281    0.0974237710683645
29.1000000000001    17.6311687902765    1.7175516713985    0.0974156445229947
29.2000000000001    17.8037533561717    1.73421942246343    0.0974075178289452
29.3000000000001    17.9780126747692    1.75104748584099    0.0973993909960053
29.4000000000001    18.1539628533399    1.76803738948394    0.0973912640323964
29.5000000000001    18.331620152666    1.78519067573672    0.0973831369442324
29.6000000000002    18.5110009884872    1.80250890146229    0.097375009735203
29.7000000000002    18.6921219329585    1.81999363817435    0.0973668824065013
29.8000000000002    18.8749997161221    1.8376464721753    0.097358754956996
29.9000000000002    19.0596512273935    1.8554690046998    0.097350627383623
30.0000000000002    19.246093517062    1.87346285206343    0.0973424996819519
30.1000000000002    19.4343437978062    1.89162964581544    0.0973343718468629
30.2000000000002    19.6244194462251    1.90997103289451    0.0973262438732631
30.3000000000002    19.8163380043851    1.92848867578592    0.0973181157567643
30.4000000000002    20.0101171813823    1.94718425267887    0.0973099874942543
30.5000000000002    20.2057748549209    1.96605945762266    0.0973018590843028
30.6000000000002    20.4033290729068    1.98511600068051    0.097293730527363
30.7000000000002    20.602798055057    2.00435560808064    0.0972856018257513
30.8000000000002    20.804200194523    2.02378002236423    0.0972774729834133
30.9000000000002    21.0075540595298    2.04339100253066    0.0972693440055055
31.0000000000002    21.2128783950291    2.0631903241807    0.0972612148978415
31.1000000000002    21.420192124366    2.08317977965878    0.0972530856662631
31.2000000000002    21.6295143509609    2.1033611781956    0.0972449563160055
31.3000000000002    21.8408643600051    2.12373634605276    0.0972368268511268
31.4000000000002    22.0542616201714    2.14430712667053    0.0972286972740582
31.5000000000002    22.2697257853392    2.16507538082018    0.0972205675853231
31.6000000000002    22.4872766963354    2.18604298676182    0.0972124377834538
31.7000000000002    22.7069343826916    2.20721184040801    0.0972043078651103
31.8000000000002    22.928719064417    2.22858385549342    0.0971961778253872
31.9000000000002    23.1526511537902    2.25016096374996    0.0971880476582742
32.0000000000002    23.378751257167    2.27194511508652    0.097179917357221
32.1000000000002    23.6070401768075    2.29393827777219    0.0971717869157456
32.2000000000002    23.8375389127215    2.31614243862158    0.0971636563280247
32.3000000000002    24.0702686645319    2.33855960318075    0.0971555255894039
32.4000000000002    24.3052508333576    2.36119179591239    0.0971473946967781
32.5000000000002    24.5425070237143    2.38404106037918    0.0971392636488028
32.6000000000002    24.7820590454335    2.40710945942461    0.0971311324459199
32.7000000000002    25.0239289155993    2.43039907535086    0.0971230010902011
32.8000000000002    25.2681388605036    2.45391201009423    0.0971148695850296
32.9000000000002    25.5147113176181    2.47765038539854    0.0971067379346637
33.0000000000002    25.7636689375833    2.5016163429879    0.0970986061437317
33.1000000000002    26.0150345862157    2.52581204474003    0.097090474216719
33.2000000000002    26.2688313465313    2.55023967286172    0.0970823421575037
33.3000000000002    26.525082520788    2.5749014300678    0.0970742099689914
33.4000000000002    26.7838116325449    2.59979953976485    0.0970660776528849
33.5000000000002    27.045042428741    2.62493624624043    0.0970579452096139
33.6000000000002    27.308798881793    2.65031381485834    0.0970498126384214
33.7000000000002    27.5751051917127    2.67593453225969    0.0970416799375948
33.8000000000002    27.8439857882449    2.70180070656918    0.0970335471048048
33.9000000000002    28.1154653330265    2.7279146676056    0.0970254141375065
34.0000000000002    28.389568721766    2.75427876709514    0.0970172810333487
34.1000000000002    28.6663210864455    2.78089537888608    0.0970091477905405
34.2000000000002    28.9457477975433    2.80776689916351    0.0970010144081272
34.3000000000002    29.2278744662782    2.83489574666292    0.0969928808861449
34.4000000000002    29.5127269468758    2.86228436288197    0.0969847472256361
34.5000000000002    29.8003313388546    2.88993521229019    0.0969766134285291
34.6000000000002    30.0907139893339    2.91785078253692    0.0969684794974023
34.7000000000002    30.383901495362    2.94603358465834    0.0969603454351654
34.8000000000002    30.6799207062656    2.9744861532845    0.0969522112446998
34.9000000000002    30.9787987260189    3.00321104684786    0.0969440769285055
35.0000000000002    31.2805629156351    3.03221084779469    0.096935942488397
35.1000000000002    31.5852408955779    3.06148816280043    0.0969278079252852
35.2000000000002    31.8928605481952    3.09104562299028    0.0969196732390692
35.3000000000002    32.2034500201759    3.12088588416538    0.0969115384286499
35.4000000000002    32.5170377250283    3.15101162703503    0.0969034034920624
35.5000000000002    32.8336523455829    3.1814255574544    0.096895268426706
35.6000000000002    33.1533228365192    3.21213040666726    0.096887133229645
35.7000000000002    33.4760784269164    3.24312893155253    0.0968789978979407
35.8000000000002    33.8019486228297    3.27442391487344    0.0968708624289757
35.9000000000002    34.1309632098911    3.30601816552805    0.0968627268207295
36.0000000000002    34.4631522559353    3.33791451879976    0.0968545910719731
36.1000000000002    34.798546113651    3.37011583660707    0.0968464551823622
36.2000000000002    35.1371754232567    3.40262500775184    0.0968383191524182
36.3000000000002    35.4790711152014    3.43544494816617    0.0968301829834044
36.4000000000002    35.8242644128899    3.46857860115819    0.0968220466771165
36.5000000000002    36.172786835433    3.50202893765774    0.0968139102356174
36.6000000000003    36.5246702004215    3.53579895646308    0.0968057736609565
36.7000000000003    36.8799466267256    3.56989168449022    0.0967976369549093
36.8000000000003    37.2386485373195    3.6043101770258    0.0967895001187721
36.9000000000003    37.6008086621308    3.63905751798507    0.0967813631532374
37.0000000000003    37.9664600409166    3.67413682017538    0.0967732260583619
37.1000000000003    38.3356360261659    3.70955122556556    0.0967650888336278
37.2000000000003    38.7083702860297    3.745303905561    0.0967569514780818
37.3000000000003    39.0846968072781    3.78139806128364    0.0967488139905309
37.4000000000003    39.4646498982864    3.81783692385603    0.0967406763697607
37.5000000000003    39.8482641920493    3.85462375468807    0.0967325386147477
37.6000000000003    40.235574649224    3.89176184576543    0.0967244007248319
37.7000000000003    40.6266165612024    3.92925451993855    0.096716262699831
37.8000000000003    41.0214255532117    3.96710513121153    0.0967081245400779
37.9000000000003    41.4200375874447    4.00531706503043    0.0966999862463797
38.0000000000003    41.8224889662178    4.04389373857131    0.0966918478199079
38.1000000000003    42.2288163351589    4.08283860102838    0.0966837092620351
38.2000000000003    42.6390566864235    4.1221551339033    0.0966755705741449
38.3000000000003    43.0532473619396    4.16184685129653    0.0966674317574412
38.4000000000003    43.4714260566828    4.20191730020225    0.0966592928127854
38.5000000000003    43.89363082198    4.24237006080763    0.0966511537405839
38.6000000000003    44.3199000688443    4.28320874679741    0.0966430145407389
38.7000000000003    44.7502725713395    4.32443700566433    0.0966348752126693
38.8000000000003    45.1847874699772    4.36605851902526    0.0966267357553971
38.9000000000003    45.6234842751446    4.40807700294283    0.096618596167683
39.0000000000003    46.0664028705657    4.45049620825178    0.0966104564481946
39.1000000000003    46.5135835167949    4.49331992088904    0.0966023165956803
39.2000000000003    46.9650668547435    4.5365519622265    0.0965941766091258
39.3000000000003    47.4208939092402    4.58019618940542    0.0965860364878729
39.4000000000003    47.8811060926246    4.62425649567175    0.0965778962316839
39.5000000000003    48.3457452083746    4.66873681071162    0.0965697558407453
39.6000000000003    48.814853454767    4.71364110098725    0.0965616153156134
39.7000000000003    49.288473428572    4.75897337007329    0.0965534746571103
39.8000000000003    49.7666481287816    4.80473765899434    0.0965453338661885
39.9000000000003    50.2494209603709    4.85093804656484    0.0965371929437857
40.0000000000003    50.7368357380946    4.89757864973202    0.0965290518906914
40.1000000000003    51.2289366903173    4.94466362392341    0.0965209107074437
40.2000000000003    51.7257684628793    4.99219716339945    0.0965127693942735
40.3000000000003    52.2273761229972    5.04018350161193    0.0965046279510985
40.4000000000003    52.7338051632017    5.08862691156828    0.0964964863775694
40.5000000000003    53.2451015053109    5.13753170620161    0.0964883446731559
40.6000000000003    53.761311504442    5.1869022387456    0.0964802028372586
40.7000000000003    54.28248195306    5.23674290311369    0.0964720608693259
40.8000000000003    54.8086600850647    5.28705813428115    0.0964639187689586
40.9000000000003    55.3398935799162    5.33785240866954    0.0964557765359842
41.0000000000003    55.8762305667986    5.38913024453259    0.0964476341704908
41.1000000000003    56.4177196288227    5.44089620234317    0.0964394916728169
41.2000000000003    56.9644098072673    5.49315488518152    0.0964313490434993
41.3000000000003    57.516350605859    5.54591093912506    0.0964232062831907
41.4000000000003    58.0735919950923    5.5991690536404    0.0964150633925586
41.5000000000003    58.6361844165871    5.65293396197862    0.0964069203721842
41.6000000000003    59.204178787488    5.7072104415747    0.0963987772224761
41.7000000000003    59.7776265049021    5.76200331445207    0.0963906339436137
41.8000000000003    60.3565794503784    5.8173174476328    0.0963824905355257
41.9000000000003    60.9410899944286    5.87315775355377    0.0963743469979075
42.0000000000003    61.5312110010892    5.92952919048892    0.0963662033302735
42.1000000000003    62.1269958325264    5.98643676297706    0.0963580595320348
42.2000000000003    62.7284983536846    6.0438855222546    0.0963499156025882
42.3000000000003    63.3357729369773    6.1018805666926    0.0963417715414055
42.4000000000003    63.9488744670231    6.16042704223707    0.0963336273481069
42.5000000000003    64.5678583454247    6.2195301428519    0.0963254830225078
42.6000000000003    65.1927804955935    6.27919511096399    0.0963173385646346
42.7000000000003    65.8236973676175    6.33942723791026    0.0963091939747066
42.8000000000003    66.4606659431755    6.40023186438685    0.0963010492530891
42.9000000000003    67.1037437404949    6.46161438090084    0.0962929044002275
43.0000000000003    67.7529888193557    6.52358022822533    0.0962847594165716
43.1000000000003    68.40845978614    6.58613489785856    0.0962766143025041
43.2000000000003    69.0702157989274    6.64928393248822    0.0962684690582866
43.3000000000003    69.7383165726376    6.71303292646129    0.0962603236840277
43.4000000000003    70.4128223842197    6.77738752626012    0.0962521781796806
43.5000000000003    71.0937940778897    6.84235343098474    0.0962440325450676
43.6000000000003    71.7812930704166    6.90793639284129    0.0962358867799258
43.7000000000004    72.4753813564579    6.97414221763594    0.0962277408839672
43.8000000000004    73.1761215139438    7.04097676527381    0.096219594856939
43.9000000000004    73.8835767095127    7.10844595026195    0.0962114486986757
44.0000000000004    74.5978107039962    7.17655574221585    0.0962033024091336
44.1000000000004    75.3188878579558    7.24531216636899    0.0961951559884016
44.2000000000004    76.04687313727    7.31472130408521    0.0961870094366881
44.3000000000004    76.7818321187729    7.38478929337409    0.096178862754286
44.4000000000004    77.5238309959448    7.45552232940971    0.0961707159415239
44.5000000000004    78.2729365846548    7.52692666505361    0.0961625689987111
44.6000000000004    79.0292163289555    7.59900861138251    0.0961544219260884
44.7000000000004    79.7927383069313    7.67177453822171    0.0961462747237902
44.8000000000004    80.5635712365999    7.74523087468468    0.0961381273918259
44.9000000000004    81.3417844818683    7.81938410971916    0.0961299799300833
45.0000000000004    82.1274480585437    7.89424079266005    0.096121832338352
45.1000000000004    82.9206326404003    7.96980753378864    0.096113684616362
45.2000000000004    83.7214095653014    8.04609100489778    0.0961055367638304
45.3000000000004    84.5298508413798    8.12309793986253    0.0960973887805091
45.4000000000004    85.3460291532739    8.20083513521546    0.0960892406662235
45.5000000000004    86.1700178684229    8.27930945072631    0.0960810924208972
45.6000000000004    87.0018910434192    8.3585278099853    0.0960729440445598
45.7000000000004    87.84172343042    8.43849720099038    0.0960647955373345
45.8000000000004    88.6895904836173    8.51922467673838    0.0960566468994131
45.9000000000004    89.5455683657677    8.60071735582044    0.0960484981310187
46.0000000000004    90.4097339547814    8.68298242302252    0.0960403492323662
46.1000000000004    91.2821648503722    8.76602712993141    0.0960322002036268
46.2000000000004    92.1629393807677    8.84985879554718    0.0960240510449035
46.3000000000004    93.0521366094816    8.93448480690232    0.0960159017562197
46.4000000000004    93.9498363421481    9.01991261968785    0.0960077523375238
46.5000000000004    94.8561191334192    9.10614975888657    0.0959996027887076
46.6000000000004    95.7710662939254    9.19320381941314    0.0959914531096355
46.7000000000004    96.6947598973018    9.28108246676044    0.0959833033001763
46.8000000000004    97.6272827872775    9.36979343765183    0.0959751533602333
46.9000000000004    98.5687185848321    9.45934454069871    0.095967003289767
47.0000000000004    99.5191516954172    9.54974365706303    0.0959588530888048
47.1000000000004    100.478667316245    9.64099874112451    0.0959507027574381
47.2000000000004    101.447351443642    9.73311782115269    0.0959425522958064
47.3000000000004    102.425290880475    9.82610899998411    0.0959344017040736
47.4000000000004    103.412573243639    9.91998045570502    0.0959262509823988
47.5000000000004    104.409286971616    10.0147404423403    0.0959181001309085
47.6000000000004    105.415521332107    10.1103972905491    0.0959099491496768
47.7000000000004    106.431366429726    10.2069594083281    0.0959017980387152
47.8000000000004    107.456913213773    10.304435281722    0.0958936467979731
47.9000000000004    108.49225348607    10.4028334755416    0.0958854954273505
48.0000000000004    109.537479908881    10.5021626340899    0.0958773439267192
48.1000000000004    110.592686012888    10.602431481895    0.0958691922959482
48.2000000000004    111.65796620526    10.70364882445    0.0958610405349273
48.3000000000004    112.733415777778    10.8058235489586    0.0958528886435874
48.4000000000004    113.819130915052    10.908964625088    0.0958447366219115
48.5000000000004    114.915208702796    11.0130811057258    0.0958365844699355
48.6000000000004    116.021747136197    11.1181821277441    0.0958284321877391
48.7000000000004    117.138845128345    11.2242769127688    0.0958202797754302
48.8000000000004    118.266602518751    11.3313747679558    0.0958121272331238
48.9000000000004    119.405120081936    11.4394850867736    0.0958039745609217
49.0000000000004    120.554499536105    11.5486173497937    0.095795821758896
49.1000000000004    121.714843551895    11.6587811254887    0.0957876688270799
49.2000000000004    122.886255761203    11.7699860710392    0.0957795157654658
49.3000000000004    124.068840766103    11.8822419331479    0.0957713625740128
49.4000000000004    125.262704147833    11.995558548863    0.0957632092526605
49.5000000000004    126.467952475875    12.1099458464094    0.095755055801346
49.6000000000004    127.684693317115    12.225413846027    0.0957469022200199
49.7000000000004    128.913035245081    12.3419726608168    0.0957387485086603
49.8000000000004    130.153087849278    12.459632497594    0.0957305946672793
49.9000000000004    131.404961744599    12.5784036577474    0.0957224406959226
50.0000000000004    132.668768580827    12.6982965381063    0.0957142865946625
50.1000000000004    133.944621052221    12.819321631814    0.0957061323635845
50.2000000000004    135.23263290719    12.9414895292094    0.0956979780027729
50.3000000000004    136.532918958063    13.0648109187156    0.0956898235122959
50.4000000000004    137.845595090933    13.1892965877382    0.0956816688921943
50.5000000000004    139.17077827561    13.314957423571    0.0956735141424759
50.6000000000004    140.508586575648    13.4418044143122    0.0956653592631175
50.7000000000005    141.859139158473    13.5698486497888    0.0956572042540717
50.8000000000005    143.222556305605    13.6991013224906    0.0956490491152786
50.9000000000005    144.598959422971    13.8295737285126    0.0956408938466791
51.0000000000005    145.988471051308    13.9612772685065    0.0956327384482283
51.1000000000005    147.391214876672    14.0942234486398    0.0956245829199043
51.2000000000005    148.807315741036    14.2284238815635    0.0956164272617126
51.3000000000005    150.236899652985    14.3638902873874    0.0956082714736855
51.4000000000005    151.680093798513    14.5006344946638    0.0956001155558748
51.5000000000005    153.137026551918    14.6386684413788    0.0955919595083423
51.6000000000005    154.607827486789    14.7780041759534    0.0955838033311487
51.7000000000005    156.092627387108    14.9186538582526    0.0955756470243431
51.8000000000005    157.59155825844    15.0606297606047    0.095567490587956
51.9000000000005    159.104753339229    15.2039442688308    0.0955593340219967
52.0000000000005    160.632347112206    15.3486098832831    0.0955511773264554
52.1000000000005    162.174475315886    15.4946392198947    0.0955430205013091
52.2000000000005    163.731274956185    15.6420450112385    0.0955348635465303
52.3000000000005    165.302884318133    15.7908401075962    0.0955267064620966
52.4000000000005    166.889442977704    15.9410374780368    0.0955185492479979
52.5000000000005    168.491091813741    16.0926502115039    0.0955103919042415
52.6000000000005    170.107973020005    16.2456915179136    0.0955022344308523
52.7000000000005    171.740230117324    16.4001747292598    0.0954940768278705
52.8000000000005    173.388007965857    16.5561133007307    0.095485919095344
52.9000000000005    175.05145277747    16.7135208118332    0.0954777612333211
53.0000000000005    176.730712128223    16.8724109675296    0.0954696032418418
53.1000000000005    178.425934970976    17.0327975993828    0.0954614451209319
53.2000000000005    180.1372716481    17.1946946667133    0.0954532868706004
53.3000000000005    181.864873904318    17.358116257768    0.0954451284908397
53.4000000000005    183.608894899654    17.5230765908985    0.0954369699816301
53.5000000000005    185.369489222498    17.6895900157521    0.0954288113429462
53.6000000000005    187.146812902804    17.8576710144728    0.0954206525747639
53.7000000000005    188.941023425393    18.0273342029138    0.0954124936770669
53.8000000000005    190.752279743387    18.1985943318603    0.0954043346498522
53.9000000000005    192.580742291765    18.3714662882627    0.0953961754931313
54.0000000000005    194.426573001039    18.5459650964808    0.0953880162069289
54.1000000000005    196.289935311061    18.7221059195383    0.0953798567912787
54.2000000000005    198.170994184947    18.8999040603888    0.0953716972462179
54.3000000000005    200.069916123139    19.079374963192    0.095363537571781
54.4000000000005    201.986869177585    19.2605342146032    0.0953553777679947
54.5000000000005    203.922022966059    19.4433975450733    0.0953472178348752
54.6000000000005    205.8755486866    19.6279808301619    0.0953390577724273
54.7000000000005    207.847619132092    19.8143000918629    0.0953308975806475
54.8000000000005    209.838408704973    20.0023714999414    0.0953227372595272
54.9000000000005    211.84809343208    20.1922113732846    0.0953145768090586
55.0000000000005    213.876850979629    20.3838361812635    0.095306416229239
55.1000000000005    215.924860668333    20.5772625451071    0.0952982555200736
55.2000000000005    217.992303488651    20.7725072392888    0.0952900946815777
55.3000000000005    220.07936211619    20.9695871929247    0.0952819337137749
55.4000000000005    222.186220927236    21.1685194911841    0.0952737726166944
55.5000000000005    224.313066014427    21.3693213767121    0.0952656113903665
55.6000000000005    226.460085202578    21.5720102510653    0.0952574500348182
55.7000000000005    228.62746806464    21.7766036761607    0.0952492885500695
55.8000000000005    230.81540593781    21.9831193757378    0.0952411269361317
55.9000000000005    233.024091939788    22.191575236834    0.0952329651930076
56.0000000000005    235.253720985177    22.4019893112745    0.0952248033206924
56.1000000000005    237.504489802043    22.6143798171755    0.0952166413191782
56.2000000000005    239.776596948612    22.8287651404611    0.0952084791884576
56.3000000000005    242.070242830135    23.0451638363944    0.0952003169285273
56.4000000000005    244.385629715891    23.2635946311215    0.0951921545393909
56.5000000000005    246.722961756359    23.4840764232296    0.09518399202106
56.6000000000005    249.082445000537    23.7066282853185    0.0951758293735531
56.7000000000005    251.464287413423    23.9312694655859    0.0951676665968932
56.8000000000005    253.868698893654    24.1580193894266    0.0951595036911045
56.9000000000005    256.295891291308    24.3868976610462    0.0951513406562099
57.0000000000005    258.746078425863    24.6179240650898    0.0951431774922276
57.1000000000005    261.219476104326    24.8511185682848    0.0951350141991699
57.2000000000005    263.71630213952    25.0865013210999    0.0951268507770436
57.3000000000005    266.236776368546    25.3240926594187    0.0951186872258517
57.4000000000005    268.781120671404    25.5639131062288    0.0951105235455945
57.5000000000005    271.349558989792    25.8059833733265    0.095102359736274
57.6000000000005    273.942317346069    26.0503243630364    0.0950941957978956
57.7000000000005    276.559623862399    26.2969571699468    0.0950860317304695
57.8000000000006    279.201708780059    26.5459030826598    0.0950778675340106
57.9000000000006    281.868804478931    26.7971835855574    0.0950697032085382
58.0000000000006    284.56114549717    27.0508203605828    0.0950615387540735
58.1000000000006    287.278968551048    27.3068352890374    0.0950533741706371
58.2000000000006    290.022512554978    27.5652504533949    0.0950452094582468
58.3000000000006    292.792018641727    27.8260881391306    0.0950370446169159
58.4000000000006    295.587730182804    28.0893708365689    0.0950288796466526
58.5000000000006    298.40989280904    28.3551212427463    0.0950207145474612
58.6000000000006    301.258754431353    28.6233622632928    0.0950125493193431
58.7000000000006    304.134565261699    28.8941170143294    0.0950043839622992
58.8000000000006    307.037577834219    29.1674088243834    0.0949962184763324
58.9000000000006    309.968047026576    29.4432612363204    0.0949880528614488
59.0000000000006    312.926230081483    29.7216980092937    0.0949798871176584
59.1000000000006    315.912386628434    30.0027431207106    0.0949717212449754
59.2000000000006    318.926778705625    30.2864207682166    0.0949635552434168
59.3000000000006    321.969670782078    30.572755371697    0.0949553891130008
59.4000000000006    325.041329779965    30.8617715752959    0.094947222853745
59.5000000000006    328.142025097137    31.1534942494546    0.0949390564656646
59.6000000000006    331.272028629855    31.4479484929672    0.0949308899487718
59.7000000000006    334.43161479573    31.745159635056    0.094922723303076
59.8000000000006    337.621060556867    32.0451532374652    0.094914556528584
59.9000000000006    340.840645443223    32.3479550965739    0.0949063896253017
60.0000000000006    344.090651576181    32.6535912455279    0.0948982225932355
60.1000000000006    347.371363692329    32.9620879563913    0.0948900554323937
60.2000000000006    350.68306916746    33.2734717423163    0.0948818881427873
60.3000000000006    354.026058040792    33.587769359733    0.09487372072443
60.4000000000006    357.400623039406    33.9050078105584    0.0948655531773376
60.5000000000006    360.807059602904    34.2252143444248    0.0948573855015264
60.6000000000006    364.245665908291    34.5484164609287    0.0948492176970123
60.7000000000006    367.71674289509    34.8746419118993    0.0948410497638099
60.8000000000006    371.220594290671    35.2039187036878    0.0948328817019311
60.9000000000006    374.757526635827    35.5362750994776    0.0948247135113851
61.0000000000006    378.327849310567    35.8717396216152    0.0948165451921788
61.1000000000006    381.93187456015    36.2103410539623    0.0948083767443181
61.2000000000006    385.569917521359    36.5521084442698    0.094800208167809
61.3000000000006    389.242296249004    36.8970711065715    0.0947920394626587
61.4000000000006    392.949331742673    37.2452586236009    0.0947838706288762
61.5000000000006    396.691347973724    37.5967008492289    0.0947757016664734
61.6000000000006    400.468671912519    37.9514279109224    0.0947675325754638
61.7000000000006    404.281633555909    38.3094702122258    0.094759363355862
61.8000000000006    408.130565954964    38.6708584352643    0.0947511940076831
61.9000000000006    412.015805242962    39.0356235432695    0.0947430245309414
62.0000000000006    415.937690663618    39.4037967831278    0.09473485492565
62.1000000000006    419.896564599587    39.7754096879516    0.0947266851918196
62.2000000000006    423.892772601209    40.1504940796748    0.0947185153294597
62.3000000000006    427.926663415522    40.5290820716701    0.0947103453385792
62.4000000000006    431.998589015543    40.9112060713914    0.0947021752191868
62.5000000000006    436.1089046298    41.2968987830389    0.0946940049712918
62.6000000000006    440.25796877215    41.6861932102488    0.0946858345949051
62.7000000000006    444.44614327185    42.0791226588056    0.094677664090039
62.8000000000006    448.673793303912    42.4757207393805    0.0946694934567068
62.9000000000006    452.941287419726    42.8760213702925    0.0946613226949229
63.0000000000006    457.24899757797    43.2800587802952    0.0946531518047014
63.1000000000006    461.597299175785    43.6878675113874    0.0946449807860557
63.2000000000006    465.986571080248    44.0994824216506    0.0946368096389976
63.3000000000006    470.417195660116    44.5149386881106    0.0946286383635377
63.4000000000006    474.88955881787    44.9342718096257    0.0946204669596852
63.5000000000006    479.404050022041    45.3575176098006    0.0946122954274486
63.6000000000006    483.96106233983    45.7847122399268    0.0946041237668363
63.7000000000006    488.560992470026    46.2158921819489    0.0945959519778574
63.8000000000006    493.20424077622    46.6510942514578    0.094587780060522
63.9000000000006    497.891211320318    47.0903556007104    0.0945796080148417
64.0000000000006    502.622311896362    47.533713721676    0.0945714358408291
64.1000000000006    507.397954064653    47.9812064491102    0.0945632635384975
64.2000000000006    512.218553186184    48.4328719636562    0.0945550911078606
64.3000000000006    517.084528457384    48.8887487949728    0.0945469185489313
64.4000000000006    521.996302945178    49.3488758248924    0.0945387458617216
64.5000000000006    526.954303622363    49.8132922906058    0.094530573046243
64.6000000000006    531.9589614033    50.2820377878763    0.0945224001025061
64.7000000000006    537.010711179938    50.7551522742821    0.0945142270305209
64.8000000000006    542.109991858156    51.2326760724891    0.0945060538302976
64.9000000000006    547.257246394436    51.7146498735511    0.0944978805018468
65.0000000000006    552.452921832866    52.2011147402412    0.0944897070451798
65.1000000000006    557.697469342484    52.6921121104115    0.094481533460309
65.2000000000006    562.991344254948    53.187683800384    0.0944733597472472
65.3000000000006    568.335006102561    53.6878720083702    0.0944651859060073
65.4000000000006    573.728918656623    54.1927193179226    0.0944570119366024
65.5000000000006    579.173549966145    54.7022687014163    0.0944488378390447
65.6000000000005    584.669372396906    55.2165635235621    0.0944406636133457
65.7000000000005    590.216862670858    55.7356475449511    0.0944324892595163
65.8000000000005    595.816501905896    56.259564925631    0.0944243147775666
65.9000000000005    601.468775655984    56.7883602287139    0.0944161401675065
66.0000000000005    607.174173951639    57.3220784240179    0.0944079654293458
66.1000000000005    612.933191340787    57.86076489174    0.0943997905630954
66.2000000000005    618.746326929987    58.4044654261615    0.0943916155687663
66.3000000000005    624.61408442602    58.9532262393872    0.0943834404463701
66.4000000000005    630.536972177864    59.5070939651181    0.0943752651959196
66.5000000000005    636.515503219043    60.0661156624564    0.0943670898174273
66.6000000000005    642.550195310356    60.6303388197456    0.0943589143109058
66.7000000000005    648.641570982992    61.1998113584448    0.0943507386763675
66.8000000000005    654.790157582044    61.7745816370368    0.094342562913824
66.9000000000005    660.9964873104    62.3546984549723    0.0943343870232867
67.0000000000005    667.261097273039    62.9402110566486    0.0943262110047664
67.1000000000005    673.584529521729    63.5311691354245    0.0943180348582739
67.2000000000005    679.967331100124    64.1276228376705    0.0943098585838205
67.3000000000005    686.410054089264    64.7296227668554    0.0943016821814176
67.4000000000004    692.913255653495    65.3372199876691    0.0942935056510772
67.5000000000004    699.477498086797    65.9504660301824    0.0942853289928115
67.6000000000004    706.103348859531    66.5694128940434    0.0942771522066331
67.7000000000004    712.791380665606    67.1941130527118    0.0942689752925544
67.8000000000004    719.542171470074    67.8246194577302    0.0942607982505875
67.9000000000004    726.356304557152    68.4609855430348    0.0942526210807441
68.0000000000004    733.234368578681    69.103265229303    0.0942444437830355
68.1000000000004    740.176957603013    69.7515129283414    0.0942362663574728
68.2000000000004    747.184671164349    70.4057835475116    0.0942280888040666
68.3000000000004    754.258114312515    71.0661324941966    0.0942199111228274
68.4000000000004    761.397897663188    71.7326156803067    0.0942117333137664
68.5000000000004    768.604637448576    72.4052895268252    0.0942035553768949
68.6000000000004    775.878955568553    73.0842109683948    0.0941953773122248
68.7000000000004    783.221479642255    73.7694374579447    0.0941871991197684
68.8000000000004    790.632843060142    74.4610269713587    0.0941790207995377
68.9000000000004    798.113685036527    75.1590380121855    0.0941708423515451
69.0000000000004    805.664650662579    75.86352961639    0.0941626637758027
69.1000000000003    813.286390959805    76.5745613571478    0.0941544850723223
69.2000000000003    820.979562934009    77.2921933496824    0.0941463062411156
69.3000000000003    828.744829629742    78.0164862561447    0.0941381272821939
69.4000000000003    836.582860185238    78.7475012905368    0.0941299481955683
69.5000000000003    844.494329887849    79.4853002236802    0.0941217689812506
69.6000000000003    852.479920229974    80.2299453882265    0.0941135896392525
69.7000000000003    860.540318965494    80.9814996837138    0.0941054101695855
69.8000000000003    868.676220166717    81.7400265816686    0.094097230572262
69.9000000000003    876.888324281828    82.5055901307516    0.0940890508472943
70.0000000000003    885.177338192867    83.2782549619503    0.0940808709946946
70.1000000000003    893.543975274218    84.058086293817    0.0940726910144747
70.2000000000003    901.98895545163    84.8451499377545    0.0940645109066464
70.3000000000003    910.513005261769    85.6395123033482    0.0940563306712211
70.4000000000003    919.1168579123    86.4412404037458    0.0940481503082101
70.5000000000003    927.801253342518    87.2504018610846    0.0940399698176246
70.6000000000003    936.566938284517    88.0670649119681    0.0940317891994757
70.7000000000003    945.414666324912    88.8912984129899    0.094023608453775
70.8000000000003    954.345197967115    89.7231718463078    0.0940154275805341
70.9000000000002    963.359300694173    90.5627553252671    0.094007246579765
71.0000000000002    972.457749032168    91.4101196000736    0.0939990654514799
71.1000000000002    981.641324614188    92.2653360635167    0.0939908841956908
71.2000000000002    990.910816244872    93.1284767567441    0.0939827028124098
71.3000000000002    1000.26701996554    93.9996143750879    0.0939745213016486
71.4000000000002    1009.71073911989    94.8788222739416    0.0939663396634192
71.5000000000002    1019.24278442033    95.7661744746903    0.0939581578977333
71.6000000000002    1028.86397401483    96.661745670693    0.0939499760046024
71.7000000000002    1038.57513355446    97.5656112333185    0.0939417939840383
71.8000000000002    1048.37709626149    98.4778472180347    0.0939336118360524
71.9000000000002    1058.27070299807    99.398530370552    0.0939254295606568
72.0000000000002    1068.2568023356    100.327738133022    0.0939172471578636
72.1000000000002    1078.33625062467    101.265548650288    0.0939090646276849
72.2000000000002    1088.50991206566    102.212040776197    0.0939008819701328
72.3000000000002    1098.77865877991    103.167294079961    0.0938926991852191
72.4000000000002    1109.14337088165    104.131388852579    0.0938845162729556
72.5000000000002    1119.60493655043    105.104406113316    0.0938763332333541
72.6000000000002    1130.16425210431    106.086427616238    0.0938681500664259
72.7000000000001    1140.82222207368    107.077535856803    0.0938599667721827
72.8000000000001    1151.57975927567    108.077814078519    0.0938517833506363
72.9000000000001    1162.43778488938    109.087346279648    0.0938435998017982
73.0000000000001    1173.3972285316    110.106217219983    0.0938354161256798
73.1000000000001    1184.45902833338    111.134512427674    0.0938272323222932
73.2000000000001    1195.62413101714    112.172318206122    0.0938190483916504
73.3000000000001    1206.8934919746    113.219721640931    0.0938108643337634
73.4000000000001    1218.26807534533    114.276810606922    0.0938026801486442
73.5000000000001    1229.74885409599    115.343673775207    0.0937944958363049
73.6000000000001    1241.33681010037    116.42040062033    0.0937863113967571
73.7000000000001    1253.03293422005    117.507081427471    0.0937781268300129
73.8000000000001    1264.83822638586    118.603807299709    0.0937699421360839
73.9000000000001    1276.75369567999    119.710670165354    0.0937617573149819
74.0000000000001    1288.78036041893    120.827762785342    0.0937535723667189
74.1000000000001    1300.91924823706    121.955178760699    0.0937453872913065
74.2000000000001    1313.17139617107    123.093012540063    0.093737202088757
74.3000000000001    1325.53785074508    124.241359427283    0.0937290167590822
74.4    1338.01966805653    125.400315589078    0.0937208313022942
74.5    1350.61791386289    126.569978062764    0.093712645718405
74.6    1363.33366366908    127.750444764058    0.0937044600074265
74.7    1376.1680028157    128.941814494935    0.0936962741693705
74.8    1389.12202656807    130.144186951574    0.0936880882042487
74.9    1402.19684020602    131.357662732357    0.0936799021120726
75    1415.39355911454    132.582343345953    0.093671715892854
75.1    1428.71330887521    133.81833121946    0.0936635295466046
75.2    1442.15722535843    135.065729706635    0.0936553430733363
75.3    1455.72645481654    136.324643096179    0.0936471564730612
75.4    1469.42215397767    137.59517662011    0.0936389697457913
75.5    1483.24549014056    138.877436462204    0.0936307828915385
75.6    1497.19764127011    140.171529766507    0.0936225959103145
75.7    1511.27979609386    141.477564645932    0.0936144088021315
75.8    1525.4931541993    142.795650190923    0.0936062215670015
75.9    1539.83892613204    144.125896478199    0.0935980342049361
76    1554.31833349493    145.468414579578    0.0935898467159475
76.1    1568.93260904796    146.823316570874    0.0935816591000474
76.1999999999999    1583.68299680911    148.190715540878    0.0935734713572478
76.2999999999999    1598.57075215613    149.570725600412    0.0935652834875607
76.3999999999999    1613.59714192919    150.963461891471    0.0935570954909979
76.4999999999999    1628.76344453443    152.369040596438    0.0935489073675715
76.5999999999999    1644.07095004848    153.787578947387    0.0935407191172936
76.6999999999999    1659.52096032391    155.219195235462    0.0935325307401759
76.7999999999999    1675.11478909557    156.664008820345    0.0935243422362304
76.8999999999999    1690.85376208797    158.122140139805    0.0935161536054692
76.9999999999999    1706.73921712353    159.593710719326    0.093507964847904
77.0999999999999    1722.77250423184    161.078843181835    0.0934997759635464
77.1999999999999    1738.9549857599    162.577661257496    0.0934915869524083
77.2999999999999    1755.28803648334    164.090289793607    0.0934833978145016
77.3999999999999    1771.77304371862    165.61685476458    0.0934752085498382
77.4999999999999    1788.41140743626    167.157483282    0.0934670191584302
77.5999999999999    1805.20454037502    168.712303604786    0.0934588296402895
77.6999999999999    1822.15386815721    170.281445149436    0.093450639995428
77.7999999999999    1839.26082940491    171.86503850036    0.0934424502238579
77.8999999999998    1856.52687585728    173.463215420306    0.0934342603255911
77.9999999999998    1873.95347248897    175.076108860882    0.0934260703006395
78.0999999999998    1891.54209762946    176.703852973166    0.093417880149015
78.1999999999998    1909.2942430836    178.346583118409    0.0934096898707295
78.2999999999998    1927.21141425314    180.004435878839    0.0934014994657949
78.3999999999998    1945.29513025937    181.677549068554    0.0933933089342233
78.4999999999998    1963.54692406685    183.366061744512    0.093385118276027
78.5999999999998    1981.96834260827    185.070114217622    0.0933769274912177
78.6999999999998    2000.56094691038    186.789848063925    0.0933687365798075
78.7999999999998    2019.32631222106    188.525406135885    0.0933605455418081
78.8999999999998    2038.26602813755    190.276932573769    0.0933523543772316
78.9999999999998    2057.38169873581    192.044572817132    0.09334416308609
79.0999999999998    2076.67494270098    193.828473616405    0.093335971668395
79.1999999999998    2096.14739345909    195.628783044579    0.0933277801241587
79.2999999999998    2115.8006993099    197.445650509001    0.0933195884533929
79.3999999999998    2135.63652356089    199.279226763265    0.0933113966561095
79.4999999999998    2155.65654466255    201.129663919216    0.0933032047323205
79.5999999999998    2175.86245634474    202.997115459052    0.0932950126820379
79.6999999999997    2196.25596775436    204.881736247537    0.0932868205052737
79.7999999999997    2216.83880359424    206.783682544322    0.0932786282020397
79.8999999999997    2237.61270426322    208.703112016374    0.0932704357723482
79.9999999999997    2258.57942599752    210.640183750511    0.0932622432162111
80.0999999999997    2279.74074101333    212.595058266055    0.0932540505336403
80.1999999999997    2301.09843765073    214.56789752759    0.093245857724648
80.2999999999997    2322.65432051884    216.55886495783    0.0932376647892459
80.3999999999997    2344.41021064229    218.568125450612    0.0932294717274463
80.4999999999997    2366.36794560897    220.595845383992    0.093221278539261
80.5999999999997    2388.52937971909    222.64219263346    0.093213085224702
80.6999999999997    2410.89638413566    224.707336585274    0.0932048917837812
80.7999999999997    2433.47084703615    226.791448149905    0.0931966982165109
80.8999999999997    2456.25467376564    228.894699775611    0.0931885045229029
80.9999999999997    2479.24978699127    231.017265462117    0.0931803107029693
81.0999999999997    2502.45812685806    233.159320774427    0.093172116756722
81.1999999999997    2525.88165114616    235.321042856751    0.0931639226841728
81.2999999999997    2549.52233542941    237.502610446556    0.0931557284853337
81.3999999999997    2573.38217323547    239.704203888743    0.0931475341602167
81.4999999999996    2597.46317620716    241.926005149946    0.0931393397088339
81.5999999999996    2621.76737426546    244.168197832954    0.0931311451311971
81.6999999999996    2646.29681577375    246.430967191269    0.0931229504273181
81.7999999999996    2671.05356770371    248.714500143785    0.0931147555972092
81.8999999999996    2696.03971580251    251.018985289594    0.0931065606408825
81.9999999999996    2721.25736476163    253.34461292293    0.0930983655583498
82.0999999999996    2746.7086383871    255.691575048237    0.0930901703496233
82.1999999999996    2772.39567977128    258.060065395374    0.0930819750147151
82.2999999999996    2798.32065146617    260.450279434953    0.0930737795536372
82.3999999999996    2824.48573565827    262.862414393807    0.0930655839664013
82.4999999999996    2850.89313434493    265.296669270604    0.0930573882530196
82.5999999999996    2877.54506951239    267.753244851588    0.0930491924135041
82.6999999999996    2904.44378331525    270.232343726463    0.0930409964478667
82.7999999999996    2931.59153825768    272.734170304416    0.0930328003561196
82.8999999999996    2958.99061737613    275.258930830284    0.0930246041382749
82.9999999999996    2986.64332442374    277.806833400855    0.0930164077943446
83.0999999999996    3014.5519840563    280.378087981319    0.0930082113243406
83.1999999999995    3042.71894202    282.972906421861    0.0930000147282748
83.2999999999995    3071.14656534067    285.591502474402    0.0929918180061594
83.3999999999995    3099.83724251488    288.234091809482    0.0929836211580062
83.4999999999995    3128.79338370257    290.900892033298    0.092975424183827
83.5999999999995    3158.01742092154    293.592122704885    0.0929672270836341
83.6999999999995    3187.51180824355    296.308005353453    0.0929590298574395
83.7999999999995    3217.27902199223    299.048763495871    0.0929508325052553
83.8999999999995    3247.32156094272    301.814622654311    0.0929426350270934
83.9999999999995    3277.64194652309    304.605810374039    0.092934437422966
84.0999999999995    3308.24272301753    307.422556241369    0.0929262396928849
84.1999999999995    3339.12645777137    310.265091901774    0.0929180418368623
84.2999999999995    3370.29574139788    313.133651078146    0.0929098438549101
84.3999999999995    3401.75318798699    316.028469589233    0.0929016457470404
84.4999999999995    3433.50143531573    318.949785368223    0.0928934475132654
84.5999999999995    3465.54314506064    321.897838481497    0.0928852491535969
84.6999999999995    3497.88100301203    324.872871147547    0.092877050668047
84.7999999999995    3530.51771929015    327.875127756059    0.0928688520566277
84.8999999999995    3563.45602856324    330.904854887163    0.0928606533193512
84.9999999999994    3596.69869026758    333.962301330851    0.0928524544562295
85.0999999999994    3630.24848882941    337.047718106565    0.0928442554672744
85.1999999999994    3664.1082338889    340.161358482962    0.0928360563524982
85.2999999999994    3698.28076052601    343.303477997845    0.0928278571119129
85.3999999999994    3732.76892948846    346.47433447827    0.0928196577455306
85.4999999999994    3767.57562742166    349.674188060833    0.092811458253363
85.5999999999994    3802.70376710063    352.903301212134    0.0928032586354222
85.6999999999994    3838.15628766409    356.161938749415    0.0927950588917203
85.7999999999994    3873.93615485051    359.450367861387    0.0927868590222694
85.8999999999994    3910.04636123636    362.76885812923    0.0927786590270816
85.9999999999994    3946.48992647636    366.117681547784    0.0927704589061687
86.0999999999994    3983.26989754592    369.497112546925    0.0927622586595428
86.1999999999994    4020.38934898575    372.907428013127    0.0927540582872161
86.2999999999994    4057.85138314855    376.348907311207    0.0927458577892008
86.3999999999994    4095.65913044799    379.821832306272    0.0927376571655089
86.4999999999994    4133.8157496098    383.326487385846    0.0927294564161523
86.5999999999994    4172.32442792516    386.863159482201    0.0927212555411429
86.6999999999993    4211.18838150624    390.432138094879    0.092713054540493
86.7999999999993    4250.41085554413    394.033715313406    0.0927048534142149
86.8999999999993    4289.99512456892    397.668185840215    0.0926966521623203
86.9999999999993    4329.94449271218    401.33584701376    0.0926884507848212
87.0999999999993    4370.26229397168    405.036998831839    0.0926802492817298
87.1999999999993    4410.95189247854    408.771943975119    0.0926720476530583
87.2999999999993    4452.0166827667    412.540987830863    0.0926638458988185
87.3999999999993    4493.46009004472    416.344438516868    0.0926556440190225
87.4999999999993    4535.28557047007    420.182606905617    0.0926474420136824
87.5999999999993    4577.49661142584    424.055806648629    0.0926392398828101
87.6999999999993    4620.0967317998    427.964354201037    0.0926310376264177
87.7999999999993    4663.08948226605    431.90856884637    0.0926228352445173
87.8999999999993    4706.47844556907    435.888772721557    0.0926146327371213
87.9999999999993    4750.26723681036    439.905290842147    0.0926064301042414
88.0999999999993    4794.4595037375    443.958451127747    0.0925982273458897
88.1999999999993    4839.05892703591    448.048584427693    0.0925900244620782
88.2999999999993    4884.06922062304    452.176024546932    0.0925818214528192
88.3999999999993    4929.4941319453    456.341108272138    0.0925736183181245
88.4999999999992    4975.33744227747    460.544175398054    0.0925654150580064
88.5999999999992    5021.60296702491    464.785568754063    0.0925572116724769
88.6999999999992    5068.29455602828    469.065634230991    0.0925490081615481
88.7999999999992    5115.41609387111    473.384720808152    0.092540804525232
88.8999999999992    5162.97150018991    477.743180580613    0.0925326007635408
88.9999999999992    5210.96472998723    482.141368786712    0.0925243968764866
89.0999999999992    5259.39977394726    486.57964383581    0.0925161928640813
89.1999999999992    5308.28065875439    491.058367336284    0.092507988726337
89.2999999999992    5357.61144741451    495.577904123769    0.092499784463266
89.3999999999992    5407.39623957915    500.13862228964    0.09249158007488
89.4999999999992    5457.63917187244    504.740893209748    0.0924833755611913
89.5999999999992    5508.34441822109    509.385091573408    0.0924751709222119
89.6999999999992    5559.51619018712    514.07159541263    0.092466966157954
89.7999999999992    5611.15873730362    518.800786131618    0.0924587612684296
89.8999999999992    5663.27634741345    523.573048536517    0.0924505562536508
89.9999999999992    5715.87334701092    528.38877086542    0.0924423511136295
90.0999999999992    5768.95410158653    533.248344818647    0.0924341458483779
90.1999999999992    5822.52301597465    538.152165589273    0.0924259404579081
90.2999999999991    5876.58453470438    543.100631893931    0.0924177349422323
90.3999999999991    5931.14314235344    548.094146003885    0.0924095293013625
90.4999999999991    5986.20336390516    553.133113776367    0.0924013235353108
90.5999999999991    6041.76976510871    558.217944686191    0.0923931176440893
90.6999999999991    6097.8469528424    563.349051857646    0.09238491162771
90.7999999999991    6154.43957548024    568.52685209666    0.0923767054861851
90.8999999999991    6211.55232326173    573.751765923251    0.0923684992195268
90.9999999999991    6269.18992866489    579.024217604251    0.0923602928277469
91.0999999999991    6327.35716678258    584.344635186329    0.0923520863108577
91.1999999999991    6386.05885570216    589.713450529289    0.0923438796688712
91.2999999999991    6445.29985688844    595.131099339666    0.0923356729017995
91.3999999999991    6505.08507557009    600.59802120461    0.0923274660096548
91.4999999999991    6565.41946112936    606.114659626068    0.0923192589924492
91.5999999999991    6626.3080074953    611.681462055259    0.0923110518501946
91.6999999999991    6687.75575354041    617.298879927456    0.092302844582903
91.7999999999991    6749.76778348079    622.967368697071    0.0922946371905867
91.8999999999991    6812.34922727983    628.687387873033    0.092286429673258
91.999999999999    6875.5052610554    634.45940105449    0.0922782220309288
92.099999999999    6939.24110749073    640.283875966806    0.0922700142636111
92.199999999999    7003.56203624876    646.16128449789    0.0922618063713171
92.299999999999    7068.4733643903    652.092102734826    0.0922535983540588
92.399999999999    7133.98045679573    658.076811000824    0.0922453902118486
92.499999999999    7200.08872659047    664.115893892498    0.0922371819446986
92.599999999999    7266.80363557423    670.209840317462    0.0922289735526205
92.699999999999    7334.13069465396    676.35914353226    0.0922207650356266
92.799999999999    7402.07546428068    682.564301180621    0.0922125563937292
92.899999999999    7470.64355489008    688.825815332047    0.0922043476269404
92.999999999999    7539.84062734709    695.144192520732    0.092196138735272
93.099999999999    7609.67239339423    701.519943784835    0.0921879297187362
93.199999999999    7680.14461610405    707.953584706074    0.0921797205773453
93.299999999999    7751.26311033545    714.445635449684    0.0921715113111113
93.399999999999    7823.03374319399    720.996620804698    0.0921633019200464
93.499999999999    7895.46243449639    727.607070224608    0.0921550924041624
93.599999999999    7968.55515723891    734.277517868351    0.0921468827634716
93.699999999999    8042.31793807006    741.008502641675    0.0921386729979862
93.7999999999989    8116.75685776725    747.800568238844    0.0921304631077181
93.8999999999989    8191.87805171782    754.654263184716    0.0921222530926795
93.9999999999989    8267.68771040419    761.570140877193    0.0921140429528827
94.0999999999989    8344.19207989326    768.548759630019    0.0921058326883398
94.1999999999989    8421.3974623302    775.590682715973    0.0920976222990628
94.2999999999989    8499.31021643646    782.696478410421    0.0920894117850643
94.3999999999989    8577.93675801228    789.866720035247    0.0920812011463557
94.4999999999989    8657.28356044351    797.10198600318    0.0920729903829492
94.5999999999989    8737.35715521292    804.402859862491    0.0920647794948573
94.6999999999989    8818.16413241601    811.769930342082    0.092056568482092
94.7999999999989    8899.71114128133    819.203791396964    0.0920483573446654
94.8999999999989    8982.0048906954    826.705042254139    0.0920401460825896
94.9999999999989    9065.05214973216    834.274287458867    0.0920319346958767
95.0999999999989    9148.85974818717    841.912136921345    0.0920237231845387
95.1999999999989    9233.43457711643    849.619205963789    0.092015511548588
95.2999999999989    9318.78358937993    857.396115367916    0.0920072997880367
95.3999999999989    9404.91380019001    865.243491422848    0.0919990879028968
95.4999999999988    9491.8322876645    873.161965973427    0.0919908758931803
95.5999999999988    9579.5461933847    881.152176468952    0.0919826637588997
95.6999999999988    9668.06272295829    889.214766012331    0.0919744515000668
95.7999999999988    9757.38914658717    897.350383409669    0.0919662391166938
95.8999999999988    9847.53279964022    905.559683220278    0.091958026608793
95.9999999999988    9938.50108323122    913.843325807128    0.0919498139763766
96.0999999999988    10030.3014648016    922.201977387724    0.0919416012194566
96.1999999999988    10122.9414787088    930.636310085437    0.0919333883380451
96.2999999999988    10216.4287268187    939.14700198127    0.0919251753321543
96.3999999999988    10310.770879105    947.734737166077    0.0919169622017963
96.4999999999988    10405.975674252    956.400205793237    0.0919087489469832
96.5999999999988    10502.0509202637    965.144104131774    0.0919005355677273
96.6999999999988    10599.0044950783    973.967134619948    0.0918923220640405
96.7999999999988    10696.8443471877    982.870005919309    0.091884108435935
96.8999999999988    10795.5784962622    991.85343296921    0.0918758946834232
96.9999999999988    10895.2150337815    1000.9181370418    0.0918676808065169
97.0999999999988    10995.7621236705    1010.0648457975    0.0918594668052284
97.1999999999988    11097.228002941    1019.29429334093    0.0918512526795699
97.2999999999987    11199.6209823387    1028.60722027737    0.0918430384295535
97.3999999999987    11302.9494469965    1038.00437376964    0.0918348240551913
97.4999999999987    11407.2218570926    1047.48650759557    0.0918266095564955
97.5999999999987    11512.4467485156    1057.05438220584    0.0918183949334782
97.6999999999987    11618.6327335338    1066.70876478246    0.0918101801861517
97.7999999999987    11725.7885014721    1076.45042929763    0.091801965314528
97.8999999999987    11833.9228193933    1086.2801565732    0.0917937503186193
97.9999999999987    11943.0445327867    1096.1987343406    0.0917855351984378
98.0999999999987    12053.1625662615    1106.2069573013    0.0917773199539956
98.1999999999987    12164.285924247    1116.30562718777    0.0917691045853049
98.2999999999987    12276.423691699    1126.49555282503    0.0917608890923778
98.3999999999987    12389.585034812    1136.77755019266    0.0917526734752265
98.4999999999987    12503.7792017375    1147.15244248737    0.0917444577338632
98.5999999999987    12619.0155233095    1157.62106018615    0.0917362418683
98.6999999999987    12735.3034137748    1168.18424110991    0.091728025878549
98.7999999999987    12852.6523715314    1178.84283048769    0.0917198097646224
98.8999999999987    12971.0719798723    1189.59768102144    0.0917115935265324
98.9999999999986    13090.5719077357    1200.44965295136    0.0917033771642912
99.0999999999986    13211.1619104626    1211.39961412176    0.091695160677911
99.1999999999986    13332.8518305601    1222.44844004754    0.0916869440674038
99.2999999999986    13455.6515984721    1233.59701398123    0.0916787273327817
99.3999999999986    13579.5712333563    1244.84622698059    0.0916705104740569
99.4999999999986    13704.6208438682    1256.19697797684    0.0916622934912419
99.5999999999986    13830.8106289517    1267.6501738434    0.0916540763843486
99.6999999999986    13958.1508786369    1279.20672946531    0.0916458591533893
99.7999999999986    14086.6519748448    1290.86756780921    0.091637641798376
99.8999999999986    14216.3243921987    1302.63361999389    0.091629424319321
99.9999999999986    14347.1786988435    1314.50582536153    0.0916212067162366
100.099999999999    14479.225557271    1326.48513154947    0.0916129889891346
100.199999999999    14612.4757251534    1338.57249456266    0.0916047711380273
100.299999999999    14746.9400561836    1350.76887884671    0.0915965531629269
100.399999999999    14882.6295009228    1363.07525736159    0.0915883350638457
100.499999999999    15019.5551076559    1375.4926116559    0.0915801168407958
100.599999999999    15157.7280232539    1388.02193194188    0.0915718984937893
100.699999999999    15297.1594940443    1400.664217171    0.0915636800228386
100.799999999999    15437.8608666881    1413.42047511022    0.0915554614279559
100.899999999999    15579.8435890663    1426.2917224189    0.0915472427091531
100.999999999999    15723.1192111719    1439.27898472638    0.0915390238664423
101.099999999999    15867.6993860116    1452.38329671027    0.0915308048998359
101.199999999999    16013.595870514    1465.60570217531    0.0915225858093462
101.299999999999    16160.8205264466    1478.947254133    0.091514366594985
101.399999999999    16309.3853213406    1492.40901488191    0.0915061472567647
101.499999999999    16459.302329423    1505.99205608864    0.0914979277946974
101.599999999999    16610.5837325583    1519.69745886953    0.0914897082087956
101.699999999998    16763.2418211969    1533.52631387298    0.0914814884990713
101.799999999998    16917.2889953329    1547.47972136261    0.0914732686655367
101.899999999998    17072.7377654695    1561.55879130105    0.0914650487082039
101.999999999998    17229.6007535931    1575.76464343446    0.0914568286270852
102.099999999998    17387.8906941563    1590.09840737779    0.0914486084221928
102.199999999998    17547.6204350687    1604.56122270079    0.0914403880935387
102.299999999998    17708.8029386965    1619.15423901472    0.091432167641135
102.399999999998    17871.4512828716    1633.87861605988    0.0914239470649944
102.499999999998    18035.5786619085    1648.73552379378    0.0914157263651288
102.599999999998    18201.1983876304    1663.72614248018    0.0914075055415504
102.699999999998    18368.3238904045    1678.85166277884    0.0913992845942715
102.799999999998    18536.9687201861    1694.11328583603    0.0913910635233042
102.899999999998    18707.1465475717    1709.51222337589    0.0913828423286605
102.999999999998    18878.8711648613    1725.04969779248    0.0913746210103529
103.099999999998    19052.1564871302    1740.7269422427    0.0913663995683934
103.199999999998    19227.0165533099    1756.54520073996    0.0913581780027945
103.299999999998    19403.4655272782    1772.50572824869    0.0913499563135681
103.399999999998    19581.5176989596    1788.60979077965    0.0913417345007266
103.499999999998    19761.1874854341    1804.85866548603    0.091333512564282
103.599999999998    19942.4894320568    1821.25364076045    0.0913252905042465
103.699999999998    20125.4382135862    1837.79601633272    0.0913170683206325
103.799999999998    20310.0486353233    1854.48710336846    0.091308846013452
103.899999999998    20496.3356342599    1871.3282245686    0.0913006235827174
103.999999999998    20684.3142802371    1888.32071426971    0.0912924010284409
104.099999999998    20873.9997771139    1905.46591854517    0.0912841783506348
104.199999999998    21065.4074639461    1922.76519530727    0.0912759555493112
104.299999999998    21258.5528161753    1940.21991441012    0.0912677326244823
104.399999999998    21453.4514468281    1957.8314577535    0.0912595095761601
104.499999999998    21650.119107726    1975.60121938755    0.091251286404357
104.599999999998    21848.5716907056    1993.53060561843    0.0912430631090853
104.699999999998    22048.8252288497    2011.6210351148    0.0912348396903571
104.799999999998    22250.8958977286    2029.8739390153    0.0912266161481847
104.899999999998    22454.8000166528    2048.29076103688    0.0912183924825802
104.999999999998    22660.554049936    2066.8729575841    0.0912101686935558
105.099999999998    22868.1746081696    2085.62199785938    0.0912019447811237
105.199999999998    23077.6784495078    2104.53936397416    0.0911937207452964
105.299999999998    23289.0824809644    2123.62655106105    0.0911854965860857
105.399999999998    23502.4037597201    2142.88506738689    0.0911772723035041
105.499999999998    23717.6594944418    2162.31643446687    0.0911690478975638
105.599999999998    23934.8670466134    2181.92218717952    0.091160823368277
105.699999999998    24154.0439318777    2201.70387388277    0.091152598715656
105.799999999998    24375.20782139    2221.66305653099    0.0911443739397131
105.899999999998    24598.3765431839    2241.80131079297    0.0911361490404604
105.999999999998    24823.5680835486    2262.12022617103    0.0911279240179101
106.099999999998    25050.8005884181    2282.62140612104    0.0911196988720744
106.199999999998    25280.0923647728    2303.30646817352    0.0911114736029654
106.299999999998    25511.4618820528    2324.17704405581    0.0911032482105956
106.399999999998    25744.9277735839    2345.23477981518    0.0910950226949771
106.499999999998    25980.5088380158    2366.48133594314    0.0910867970561222
106.599999999998    26218.2240407726    2387.9183875007    0.0910785712940432
106.699999999998    26458.092515516    2409.54762424476    0.091070345408752
106.799999999998    26700.1335656215    2431.37075075555    0.0910621194002612
106.899999999998    26944.3666656671    2453.38948656522    0.0910538932685831
106.999999999998    27190.8114629346    2475.60556628744    0.0910456670137297
107.099999999998    27439.4877789246    2498.02073974822    0.091037440635713
107.199999999998    27690.4156108842    2520.63677211774    0.0910292141345456
107.299999999998    27943.6151333481    2543.45544404342    0.0910209875102395
107.399999999998    28199.1066996929    2566.47855178402    0.0910127607628072
107.499999999998    28456.9108437049    2589.70790734499    0.0910045338922608
107.599999999998    28717.0482811619    2613.14533861488    0.0909963068986125
107.699999999998    28979.5399114279    2636.79268950302    0.0909880797818747
107.799999999998    29244.4068190625    2660.65182007831    0.0909798525420597
107.899999999998    29511.6702754436    2684.72460670918    0.0909716251791794
107.999999999998    29781.3517404043    2709.01294220485    0.0909633976932462
108.099999999998    30053.4728638845    2733.51873595769    0.0909551700842725
108.199999999998    30328.0554875959    2758.24391408684    0.0909469423522705
108.299999999998    30605.1216467019    2783.1904195831    0.0909387144972523
108.399999999998    30884.6935715125    2808.36021245498    0.0909304865192304
108.499999999998    31166.7936891929    2833.75526987605    0.0909222584182169
108.599999999998    31451.4446254877    2859.37758633355    0.090914030194224
108.699999999998    31738.6692064596    2885.22917377828    0.0909058018472641
108.799999999998    32028.4904602434    2911.3120617757    0.0908975733773492
108.899999999998    32320.9316188147    2937.62829765843    0.0908893447844917
108.999999999998    32616.016119775    2964.17994667999    0.0908811160687038
109.099999999998    32913.7676081507    2990.96909216984    0.0908728872299977
109.199999999998    33214.209938209    3017.99783568979    0.090864658268386
109.299999999998    33517.3671752887    3045.26829719175    0.0908564291838809
109.399999999998    33823.2635976474    3072.78261517675    0.0908481999764945
109.499999999998    34131.923698324    3100.54294685543    0.090839970646239
109.599999999998    34443.3721870184    3128.55146830979    0.0908317411931266
109.699999999998    34757.633991986    3156.81037465647    0.0908235116171696
109.799999999998    35074.7342619497    3185.32188021124    0.0908152819183804
109.899999999998    35394.6983680283    3214.08821865505    0.0908070520967713
109.999999999998    35717.5519056807    3243.1116432014    0.0907988221523545
110.099999999998    36043.3206966685    3272.3944267652    0.0907905920851421
110.199999999998    36372.0307910338    3301.93886213305    0.0907823618951466
110.299999999998    36703.7084690952    3331.74726213496    0.0907741315823802
110.399999999998    37038.3802434608    3361.82195981759    0.090765901146855
110.499999999998    37376.0728610587    3392.16530861886    0.0907576705885834
110.599999999998    37716.8133051846    3422.77968254418    0.0907494399075778
110.699999999998    38060.6287975675    3453.6674763441    0.0907412091038504
110.799999999998    38407.5468004534    3484.83110569352    0.0907329781774134
110.899999999998    38757.5950187062    3516.27300737237    0.0907247471282792
110.999999999998    39110.8014019278    3547.99563944792    0.0907165159564598
111.099999999998    39467.1941465958    3580.00148145856    0.0907082846619678
111.199999999998    39826.8016982196    3612.29303459922    0.0907000532448155
111.299999999998    40189.6527535156    3644.8728219083    0.0906918217050149
111.399999999998    40555.7762626012    3677.74338845625    0.0906835900425782
111.499999999998    40925.2014312069    3710.90730153577    0.0906753582575179
111.599999999998    41297.9577229084    3744.36715085354    0.0906671263498463
111.699999999998    41674.0748613776    3778.12554872372    0.0906588943195757
111.799999999998    42053.5828326531    3812.18513026294    0.0906506621667184
111.899999999998    42436.5118874302    3846.54855358714    0.0906424298912866
111.999999999998    42822.8925433705    3881.21850000989    0.0906341974932926
112.099999999998    43212.7555874322    3916.19767424257    0.0906259649727486
112.199999999998    43606.1320782191    3951.48880459616    0.090617732329667
112.299999999998    44003.0533483514    3987.09464318475    0.09060949956406
112.399999999998    44403.551006856    4023.01796613087    0.09060126667594
112.499999999998    44807.6569415776    4059.26157377242    0.0905930336653193
112.599999999998    45215.4033216105    4095.82829087151    0.09058480053221
112.699999999998    45626.8225997519    4132.72096682503    0.0905765672766245
112.799999999998    46041.9475149755    4169.94247587698    0.0905683338985753
112.899999999998    46460.8110949273    4207.49571733258    0.0905601003980743
112.999999999998    46883.446658442    4245.38361577435    0.0905518667751341
113.099999999998    47309.8878180821    4283.60912127988    0.0905436330297671
113.199999999998    47740.168482698    4322.17520964149    0.0905353991619853
113.299999999998    48174.3228600104    4361.08488258783    0.0905271651718009
113.399999999998    48612.3854592155    4400.34116800727    0.0905189310592264
113.499999999998    49054.3910936119    4439.94712017327    0.090510696824274
113.599999999998    49500.3748832502    4479.90581997161    0.0905024624669562
113.699999999998    49950.3722576062    4520.22037512957    0.0904942279872851
113.799999999998    50404.4189582761    4560.89392044711    0.0904859933852732
113.899999999998    50862.5510416956    4601.92961802991    0.0904777586609327
113.999999999998    51324.8048818821    4643.33065752449    0.0904695238142758
114.099999999998    51791.2171732005    4685.10025635533    0.0904612888453149
114.199999999998    52261.8249331532    4727.2416599639    0.0904530537540624
114.299999999998    52736.6655051933    4769.75814204987    0.0904448185405307
114.399999999998    53215.7765615631    4812.65300481423    0.0904365832047319
114.499999999998    53699.1961061561    4855.92957920456    0.0904283477466782
114.599999999998    54186.962477404    4899.5912251624    0.090420112166382
114.699999999998    54679.1143511886    4943.6413318727    0.0904118764638557
114.799999999998    55175.6907437786    4988.08331801531    0.0904036406391115
114.899999999998    55676.7310147917    5032.92063201873    0.0903954046921619
114.999999999998    56182.2748701823    5078.15675231597    0.090387168623019
115.099999999998    56692.3623652549    5123.79518760256    0.0903789324316954
115.199999999998    57207.0339077028    5169.83947709676    0.0903706961182033
115.299999999998    57726.3302606742    5216.29319080201    0.0903624596825547
115.399999999998    58250.2925458633    5263.15992977161    0.0903542231247623
115.499999999998    58778.9622466286    5310.44332637557    0.0903459864448384
115.599999999998    59312.3812111384    5358.14704456985    0.0903377496427953
115.699999999998    59850.5916555425    5406.27478016777    0.0903295127186451
115.799999999998    60393.6361671719    5454.83026111378    0.0903212756724003
115.899999999998    60941.5577077653    5503.8172477596    0.0903130385040731
115.999999999998    61494.3996167238    5553.23953314259    0.0903048012136759
116.099999999998    62052.2056143938    5603.1009432666    0.0902965638012211
116.199999999998    62615.0198053772    5653.40533738509    0.090288326266721
116.299999999998    63182.8866818708    5704.15660828676    0.0902800886101879
116.399999999998    63755.8511270345    5755.35868258354    0.0902718508316342
116.499999999998    64333.9584183875    5807.01552100103    0.0902636129310722
116.599999999998    64917.2542312347    5859.13111867142    0.0902553749085142
116.699999999998    65505.7846421218    5911.70950542889    0.0902471367639723
116.799999999998    66099.5961323205    5964.75474610751    0.090238898497459
116.899999999998    66698.7355913433    6018.27094084168    0.0902306601089868
116.999999999998    67303.2503204888    6072.2622253691    0.0902224215985679
117.099999999998    67913.1880364171    6126.73277133629    0.0902141829662148
117.199999999998    68528.5968747561    6181.68678660676    0.0902059442119398
117.299999999998    69149.5253937385    6237.12851557173    0.0901977053357549
117.399999999998    69776.0225778704    6293.06223946353    0.0901894663376727
117.499999999998    70408.1378416312    6349.49227667168    0.0901812272177056
117.599999999998    71045.9210332048    6406.42298306148    0.0901729879758658
117.699999999998    71689.4224382435    6463.85875229557    0.0901647486121656
117.799999999998    72338.6927836639    6521.80401615797    0.0901565091266175
117.899999999998    72993.7832414751    6580.26324488103    0.0901482695192338
117.999999999998    73654.7454326401    6639.24094747502    0.0901400297900269
118.099999999998    74321.6314309701    6698.74167206065    0.0901317899390091
118.199999999998    74994.4937670522    6758.77000620425    0.0901235499661926
118.299999999998    75673.3854322109    6819.33057725594    0.0901153098715898
118.399999999998    76358.3598825034    6880.42805269056    0.0901070696552131
118.499999999998    77049.4710427491    6942.06714045156    0.090098829317075
118.599999999998    77746.7733105937    7004.25258929768    0.0900905888571878
118.699999999998    78450.3215606086    7066.98918915271    0.0900823482755638
118.799999999998    79160.1711484243    7130.28177145813    0.0900741075722152
118.899999999998    79876.3779149002    7194.13520952876    0.0900658667471545
118.999999999998    80598.99819033    7258.55441891139    0.0900576258003942
119.099999999998    81328.0887986825    7323.54435774645    0.0900493847319463
119.199999999998    82063.7070618793    7389.11002713282    0.0900411435418234
119.299999999997    82805.9108041091    7455.25647149559    0.0900329022300379
119.399999999997    83554.7583561784    7521.98877895702    0.0900246607966021
119.499999999997    84310.3085599005    7589.31208171061    0.0900164192415283
119.599999999997    85072.6207725205    7657.23155639837    0.0900081775648288
119.699999999997    85841.7548711801    7725.75242449125    0.0899999357665163
119.799999999997    86617.7712574188    7794.87995267271    0.0899916938466029
119.899999999997    87400.7308617147    7864.61945322569    0.0899834518051009
