0    1    0.11929283693866    0.11929283693866
0.1    1.01199964785284    0.120709381909905    0.119278086870894
0.2    1.02414187638198    0.122143417584552    0.119264157048291
0.3    1.03642833136975    0.123594060834958    0.119249982940562
0.4    1.04886068854897    0.125062117537462    0.119236156815523
0.5    1.06144075487725    0.126547854309782    0.11922272037163
0.6    1.07417025941093    0.128051191915608    0.119209399807653
0.7    1.08705099326037    0.129572495791185    0.11919633632141
0.8    1.10008475856917    0.131111919558808    0.119183470671241
0.9    1.11327337717213    0.132669690042059    0.119170809939836
1    1.12661869657758    0.134246051590846    0.119158373634892
1.1    1.1401225874903    0.135841163360313    0.119146103103995
1.2    1.15378692924964    0.137455238169549    0.119133987987663
1.3    1.16761363512421    0.139088568889771    0.119122083457834
1.4    1.18160464302759    0.140741325125931    0.119110335217805
1.5    1.19576190014939    0.142413719494928    0.119098726491566
1.6    1.21008738692658    0.144106020123276    0.119087283844253
1.7    1.22458310417405    0.145818430823694    0.119075978042376
1.8    1.23925107309132    0.147551194091765    0.119064810429171
1.9    1.2540933429924    0.149304556988811    0.119053783215653
2    1.26911198448908    0.151078741490593    0.119042876702022
2.1    1.28430909129052    0.152873988783428    0.119032084893065
2.2    1.29968678224577    0.154690557286302    0.119021413004607
2.3    1.31524720274778    0.15652870031017    0.119010859694782
2.4    1.3309925223078    0.158388650843313    0.119000406229693
2.5    1.34692493291644    0.160270662498423    0.118990048058131
2.6    1.36304665480749    0.162175010396546    0.118979794143181
2.7    1.37935993499575    0.164101945459474    0.118969633158136
2.8    1.39586704389938    0.166051723575135    0.118959555855167
2.9    1.41257027971078    0.168024623740791    0.118949567433341
3    1.42947196864754    0.170020912048169    0.118939661481456
3.1    1.44657446212041    0.172040852145069    0.118929828121595
3.2    1.46388013907655    0.174084727443249    0.118920069202568
3.3    1.48139140760906    0.176152822384261    0.118910384844589
3.4    1.4991107035534    0.178245414719461    0.118900768500257
3.5    1.51704049055295    0.180362787136286    0.118891215006756
3.6    1.53518326098066    0.182505229723604    0.118881722047322
3.7    1.55354153649768    0.184673038672057    0.118872289110715
3.8    1.57211786871507    0.186866512555384    0.118862914972218
3.9    1.59091483900875    0.189085947552515    0.118853594746988
4    1.60993505822558    0.191331644131723    0.11884432428138
4.1    1.6291811678351    0.19360391314663    0.118835103774184
4.2    1.6486558408549    0.195903067362894    0.118825932319088
4.3    1.66836178130768    0.198229416856673    0.118816805250297
4.4    1.68830172422624    0.200583278144807    0.118807719773393
4.5    1.70847843693664    0.202964977262665    0.118798676573635
4.6    1.72889471967877    0.205374841207561    0.118789674622709
4.7    1.74955340517815    0.207813195589275    0.118780709965304
4.8    1.77045735879662    0.21028037174451    0.118771779901797
4.9    1.79160947952705    0.212776709210984    0.118762884234768
5    1.81301270063882    0.215302551028039    0.118754022490949
5.1    1.83466998973266    0.217858241496953    0.118745192713758
5.2    1.85658434893821    0.220444128563038    0.11873639282218
5.3    1.87875881544527    0.223060565367561    0.118727621413553
5.4    1.90119646201172    0.225707909637629    0.118718877374093
5.5    1.92390039737279    0.228386523378133    0.118710159678749
5.6    1.94687376668735    0.231096772934823    0.11870146739305
5.7    1.97011975195976    0.233839028413039    0.11869279934909
5.8    1.99364157236996    0.236613663564756    0.118684154084668
5.9    2.01744248467271    0.239421056978748    0.118675530429106
5.99999999999999    2.04152578376571    0.242261592834078    0.118666927824547
6.09999999999999    2.06589480323952    0.245135659836387    0.118658345745384
6.19999999999999    2.09055291573299    0.248043649935904    0.118649783064178
6.29999999999999    2.11550353322671    0.250985958906346    0.118641238345523
6.39999999999999    2.14075010751426    0.253962988058132    0.118632710640394
6.49999999999999    2.16629613083833    0.256975144733453    0.11862419965363
6.59999999999999    2.19214513646095    0.260022841069052    0.118615705111952
6.69999999999999    2.21830069905214    0.263106492844554    0.118607226223648
6.79999999999999    2.24476643502986    0.266226519866518    0.118598761863159
6.89999999999999    2.27154600302545    0.269383347230061    0.11859031112347
6.99999999999999    2.29864310447587    0.272577405917433    0.118581873535164
7.09999999999999    2.32606148420893    0.275809132305193    0.118573448800728
7.19999999999999    2.35380493093691    0.279078967461773    0.118565036462341
7.29999999999999    2.38187727770129    0.282387357087263    0.11855663586488
7.39999999999999    2.41028240235436    0.285734752005699    0.118548246349305
7.49999999999999    2.43902422810243    0.289121608579143    0.118539867397743
7.59999999999999    2.46810672407019    0.292548388719947    0.118531498604526
7.69999999999999    2.49753390584642    0.296015559711975    0.118523139573417
7.79999999999999    2.52730983601258    0.2995235941651    0.118514789875415
7.89999999999999    2.55743862467944    0.303072970151472    0.118506449080263
7.99999999999999    2.58792443004288    0.30666417135049    0.11849811678829
8.09999999999999    2.61877145894953    0.310297687093639    0.11848979262135
8.19999999999999    2.64998396746161    0.313974012378246    0.118481476202665
8.29999999999999    2.68156626142518    0.317693647957227    0.118473167166259
8.39999999999999    2.71352269705305    0.321457100493397    0.118464865188895
8.49999999999999    2.74585768152386    0.325264882667995    0.118456570002377
8.59999999999999    2.77857567358665    0.329117513174445    0.118448281363384
8.69999999999999    2.81168118415875    0.333015516653632    0.118439999004819
8.79999999999998    2.84517877691738    0.33695942369561    0.118431722614173
8.89999999999998    2.87907306889787    0.3409497709763    0.118423451860087
8.99999999999998    2.91336873111264    0.344987101476976    0.118415186444739
9.09999999999998    2.94807048919327    0.349071964665056    0.118406926138519
9.19999999999998    2.98318312404565    0.353204916553271    0.118398670770929
9.29999999999998    3.01871147250392    0.357386519656154    0.118390420188026
9.39999999999998    3.05466042797688    0.361617342937656    0.118382174210165
9.49999999999998    3.09103494109145    0.365897961838607    0.118373932618635
9.59999999999998    3.1278400203446    0.370228958405272    0.118365695175319
9.69999999999998    3.16508073277251    0.374610921469695    0.118357461656767
9.79999999999998    3.20276220463854    0.379044446807732    0.118349231878272
9.89999999999998    3.24088962213405    0.383530137229008    0.118341005694745
9.99999999999998    3.27946823208434    0.388068602604931    0.118332782982406
10.1    3.31850334265504    0.392660459878157    0.118324563616079
10.2    3.35800032405997    0.397306333099315    0.118316347456142
10.3    3.3979646092749    0.402006853511224    0.118308134350172
10.4    3.43840169476222    0.406762659669377    0.1182999241447
10.5    3.47931714120878    0.411574397570297    0.118291716697981
10.6    3.52071657427628    0.416442720762513    0.118283511886531
10.7    3.56260568536128    0.421368290431179    0.118275309603467
10.8    3.60499023236251    0.426351775464265    0.1182671097516
10.9    3.64787604045414    0.431393852516316    0.118258912236122
11    3.69126900286578    0.436495206083144    0.118250716960553
11.1    3.73517508167076    0.441656528591889    0.118242523826844
11.2    3.77960030858415    0.446878520502283    0.118234332738131
11.3    3.82455078577122    0.452161890411089    0.118226143601832
11.4    3.87003268666637    0.457507355153253    0.118217956331358
11.5    3.91605225680187    0.462915639897731    0.118209770846056
11.6    3.96261581464592    0.468387478239964    0.118201587070034
11.7    4.00972975244986    0.473923612294687    0.118193404930876
11.8    4.05740053710485    0.479524792791912    0.118185224358963
11.9    4.10563471100825    0.485191779176865    0.118177045287527
12    4.15443889294023    0.490925339712707    0.118168867653091
12.1    4.20381977895079    0.496726251584036    0.118160691395769
12.2    4.25378414325703    0.502595300999647    0.118152516459103
12.3    4.30433883915072    0.508533283294225    0.118144342789371
12.4    4.35549079991588    0.514541003029945    0.118136170334669
12.5    4.40724703975671    0.520619274099621    0.118127999044129
12.6    4.4596146547358    0.526768919832912    0.118119828867617
12.7    4.51260082372329    0.532990773106236    0.118111659755997
12.8    4.56621280935705    0.539285676455995    0.11810349166182
12.9    4.62045795901449    0.545654482193888    0.11809532454014
13    4.67534370579583    0.552098052522864    0.118087158349118
13.1    4.73087756951906    0.558617259652574    0.118078993050197
13.2    4.78706715772634    0.565212985913946    0.118070828607802
13.3    4.84392016670185    0.571886123873199    0.118062664988673
13.4    4.90144438250098    0.578637576446238    0.118054502161052
13.5    4.9596476819911    0.585468257014531    0.118046340093958
13.6    5.01853803390389    0.592379089543357    0.118038178756722
13.7    5.07812349989977    0.599371008702983    0.118030018118861
13.8    5.13841223564449    0.606444959992737    0.118021858150249
13.9    5.19941249189832    0.613601899867623    0.118013698821498
14    5.26113261561801    0.620842795866816    0.118005540104388
14.1    5.32358105107168    0.628168626743421    0.117997381972228
14.2    5.38676634096669    0.635580382594967    0.117989224400052
14.3    5.45069712759067    0.643079064994412    0.117981067364619
14.4    5.51538215396558    0.650665687121666    0.117972910844235
14.5    5.58083026501501    0.658341273895888    0.117964754818451
14.6    5.64705040874476    0.66610686210892    0.11795659926772
14.7    5.71405163743679    0.673963500560242    0.117948444173068
14.8    5.7818431088568    0.681912250193794    0.11794028951585
14.9    5.85043408747555    0.689954184236843    0.117932135277599
15    5.91983394570417    0.698090388340973    0.117923981439978
15.1    5.99005216514374    0.706321960725148    0.117915827984813
15.2    6.0610983378492    0.714650012320707    0.117907674894168
15.3    6.13298216760789    0.723075666918104    0.117899522150434
15.4    6.20571347123282    0.731600061315249    0.117891369736397
15.5    6.27930217987094    0.740224345467324    0.117883217635266
15.6    6.35375834032629    0.748949682637988    0.117875065830648
15.7    6.42909211639853    0.757777249551982    0.117866914306475
15.8    6.50531379023669    0.766708236549175    0.117858763046891
15.9    6.58243376370837    0.7757438477401    0.117850612036097
16    6.6604625597847    0.78488530116312    0.1178424612582
16.1    6.73941082394099    0.794133828943282    0.117834310697044
16.2    6.81928932557336    0.803490677452948    0.117826160336054
16.3    6.90010895943158    0.812957107474279    0.117818010158096
16.4    6.98188074706822    0.822534394363598    0.117809860145347
16.5    7.0646158383043    0.832223828217689    0.117801710279188
16.6    7.14832551271175    0.842026714042037    0.117793560540112
16.7    7.23302118111271    0.851944371921022    0.11778541090764
16.8    7.31871438709596    0.86197813719012    0.117777261360263
16.9    7.40541680855073    0.872129360610157    0.117769111875397
17    7.49314025921799    0.882399408543667    0.117760962429356
17.1    7.58189669025947    0.892789663133472    0.117752812997366
17.2    7.67169819184468    0.903301522483595    0.117744663553611
17.3    7.76255699475618    0.913936400842658    0.117736514071336
17.4    7.85448547201322    0.924695728789929    0.117728364523019
17.5    7.94749614051417    0.935580953424194    0.117720214880616
17.6    8.04160166269805    0.946593538555622    0.117712065115897
17.7    8.1368148482253    0.957734964900787    0.117703915200882
17.8    8.23314865567821    0.969006730280954    0.117695765108365
17.9    8.33061619428149    0.98041034982367    0.117687614812535
18    8.42923072564295    0.991947356167657    0.117679464289666
18.1    8.52900566551502    1.00361929967083    0.117671313518846
18.2    8.62995458557711    1.01542774862119    0.117663162482713
18.3    8.73209121523926    1.02737428945024    0.117655011168146
18.4    8.83542944346716    1.03946052694831    0.117646859566841
18.5    8.93998332062892    1.05168808448133    0.117638707675726
18.6    9.04576706036343    1.0640586042083    0.117630555497142
18.7    9.15279504147058    1.07657374729896    0.117622403038753
18.8    9.26108180982322    1.08923519415112    0.117614250313151
18.9    9.3706420803008    1.10204464460741    0.117606097337146
19    9.4814907387447    1.11500381817143    0.117597944130782
19.1    9.59364284393509    1.12811445422364    0.117589790716132
19.2    9.70711362958943    1.14137831223772    0.117581637115954
19.3    9.82191850638263    1.15479717199812    0.11757348335233
19.4    9.93807306398906    1.16837283382027    0.117565329445394
19.5    10.0555930731467    1.18210711877424    0.117557175412263
19.6    10.1744944877439    1.19600186891343    0.117549021266277
19.7    10.2947934469294    1.21005894750883    0.117540867016594
19.8    10.4165062772457    1.22428023928974    0.117532712668174
19.9    10.5396494947873    1.238667650691    0.117524558222132
20    10.6642398073839    1.25322311010657    0.117516403676411
20.1    10.7902941168086    1.267948568149    0.117508249026673
20.2    10.9178295210137    1.28284599791371    0.117500094267326
20.3    11.0468633163914    1.29791739524732    0.117491939392557
20.4    11.1774130000631    1.31316477901882    0.117483784397285
20.5    11.3094962721951    1.32859019139271    0.117475629277946
20.6    11.4431310383417    1.34419569810322    0.117467474033053
20.7    11.5783354118158    1.35998338872923    0.117459318663489
20.8    11.7151277160875    1.37595537696945    0.117451163172549
20.9    11.8535264872097    1.3921138009179    0.117443007565726
21    11.9935504762711    1.40846082333985    0.117434851850288
21.1    12.1352186518776    1.42499863194876    0.117426696034709
21.2    12.2785502026609    1.44172943968469    0.117418540127991
21.3    12.4235645398146    1.45865548499487    0.117410384138966
21.4    12.5702812996598    1.4757790321173    0.117402228075615
21.5    12.718720346238    1.49310237136798    0.117394071944479
21.6    12.8689017739334    1.51062781943258    0.117385915750202
21.7    13.0208459101246    1.52835771966302    0.117377759495227
21.8    13.174573317866    1.54629444237963    0.117369603179687
21.9    13.3301047986005    1.56444038517906    0.117361446801477
22    13.4874613949018    1.58279797324813    0.117353290356509
22.1    13.6466643932501    1.60136965968364    0.117345133839131
22.2    13.8077353268386    1.6201579258179    0.117336977242658
22.3    13.9706959784137    1.63916528154954    0.117328820559995
22.4    14.1355683831485    1.65839426567892    0.11732066378427
22.5    14.3023748315495    1.67784744624754    0.117312506909439
22.6000000000001    14.471137872398    1.69752742088054    0.117304349930794
22.7000000000001    14.6418803157256    1.7174368171316    0.11729619284533
22.8000000000001    14.8146252358243    1.73757829282927    0.117288035651925
22.9000000000001    14.9893959742914    1.75795453642461    0.117279878351316
23.0000000000001    15.1662161431092    1.77856826733939    0.117271720945866
23.1000000000001    15.3451096277593    1.79942223631532    0.117263563439141
23.2000000000001    15.5261005903723    1.82051922576445    0.117255405835342
23.3000000000001    15.7092134729122    1.84186205012164    0.117247248138655
23.4000000000001    15.8944730003966    1.86345355620025    0.117239090352587
23.5000000000001    16.0819041841523    1.88529662355215    0.117230932479376
23.6000000000001    16.271532325107    1.90739416483348    0.117222774519543
23.7000000000001    16.463383017119    1.92974912617727    0.117214616471638
23.8000000000001    16.6574821503425    1.95236448757398    0.11720645833223
23.9000000000001    16.8538559146337    1.97524326326028    0.117198300096136
24.0000000000001    17.0525308029946    1.99838850211626    0.117190141756866
24.1000000000001    17.253533615057    2.0218032880706    0.117181983307245
24.2000000000001    17.4568914606087    2.04549074051282    0.117173824740129
24.3000000000001    17.6626317631596    2.06945401471133    0.117165666049142
24.4000000000001    17.8707822635509    2.09369630223588    0.117157507229337
24.5000000000001    18.0813710236067    2.11822083138304    0.117149348277712
24.6000000000001    18.2944264298276    2.14303086760336    0.11714118919352
24.7000000000001    18.5099771971274    2.16812971392938    0.117133029978333
24.8000000000001    18.7280523726134    2.19352071140394    0.117124870635859
24.9000000000001    18.9486813394082    2.21920723950895    0.117116711171536
25.0000000000001    19.1718938205152    2.24519271659507    0.117108551591944
25.1000000000001    19.3977198827272    2.27148060031362    0.117100391904116
25.2000000000001    19.6261899405779    2.29807438805199    0.117092232114835
25.3000000000001    19.8573347603376    2.32497761737426    0.11708407222998
25.4000000000001    20.0911854640528    2.35219386646867    0.117075912254019
25.5000000000001    20.3277735336314    2.37972675460343    0.117067752189697
25.6000000000001    20.5671308149735    2.40757994259159    0.117059592037933
25.7000000000001    20.8092895221497    2.43575713326577    0.117051431797953
25.8000000000001    21.0542822416266    2.46426207196243    0.117043271467612
25.9000000000001    21.3021419365422    2.49309854701516    0.117035111043855
26.0000000000001    21.5529019510297    2.52227039025595    0.117026950523266
26.1000000000001    21.8065960145933    2.55178147752303    0.117018789902621
26.2000000000001    22.0632582465343    2.58163572917392    0.117010629179371
26.3000000000001    22.3229231604281    2.61183711060226    0.117002468352006
26.4000000000001    22.5856256686547    2.6423896327573    0.116994307420251
26.5000000000001    22.8514010869796    2.67329735266546    0.116986146385075
26.6000000000001    23.1202851391878    2.70456437395356    0.116977985248523
26.7000000000001    23.3923139617703    2.73619484737423    0.11696982401339
26.8000000000001    23.6675241086627    2.76819297133428    0.116961662682793
26.9000000000001    23.9459525560372    2.80056299242729    0.116953501259704
27.0000000000001    24.2276367071481    2.83330920597194    0.116945339746489
27.1000000000001    24.5126143972315    2.86643595655775    0.116937178144551
27.2000000000001    24.8009238984597    2.8999476385998    0.116929016454097
27.3000000000001    25.0926039249515    2.93384869690334    0.116920854674073
27.4000000000001    25.3876936378403    2.9681436272391    0.116912692802275
27.5000000000001    25.6862326503993    3.00283697692928    0.116904530835611
27.6000000000001    25.9882610332262    3.03793334544364    0.116896368770485
27.7000000000001    26.2938193194881    3.07343738500465    0.116888206603243
27.8000000000001    26.6029485102271    3.10935380120039    0.116880044330614
27.9000000000001    26.9156900797281    3.14568735360358    0.116871881950104
28.0000000000001    27.2320859809478    3.18244285639536    0.116863719460267
28.1000000000001    27.5521786510072    3.21962517899273    0.116855556860838
28.2000000000001    27.8760110167464    3.2572392466788    0.116847394152701
28.3000000000001    28.203626500343    3.29529004123603    0.116839231337713
28.4000000000001    28.5350690249936    3.33378260158278    0.1168310684184
28.5000000000001    28.8703830206595    3.37272202441445    0.116822905397582
28.6000000000001    29.2096134298765    3.41211346485065    0.116814742277987
28.7000000000001    29.5528057136297    3.45196213709016    0.116806579061903
28.8000000000001    29.9000058572945    3.49227331507524    0.116798415750921
28.9000000000001    30.2512603766447    3.53305233316669    0.116790252345795
29.0000000000001    30.6066163239279    3.5743045868301    0.116782088846449
29.1000000000001    30.9661212940107    3.61603553333398    0.116773925252091
29.2000000000001    31.3298234305947    3.65825069245883    0.11676576156144
29.3000000000001    31.6977714325025    3.70095564721668    0.116757597773002
29.4000000000001    32.070014560038    3.74415604457971    0.116749433885361
29.5000000000001    32.4466026414184    3.78785759621671    0.116741269897437
29.6000000000002    32.8275860792813    3.83206607923603    0.116733105808672
29.7000000000002    33.2130158572656    3.87678733693419    0.116724941619119
29.8000000000002    33.6029435466682    3.9220272795496    0.116716777329422
29.9000000000002    33.9974213131756    3.96779188502141    0.116708612940703
30.0000000000002    34.3965019236724    4.01408719975397    0.116700448454364
30.1000000000002    34.8002387531264    4.06091933938808    0.116692283871853
30.2000000000002    35.2086857915501    4.10829448958005    0.116684119194418
30.3000000000002    35.6218976510424    4.15621890679026    0.116675954422901
30.4000000000002    36.0399295729081    4.20469891908254    0.116667789557594
30.5000000000002    36.4628374348589    4.25374092693546    0.11665962459819
30.6000000000002    36.8906777582952    4.30335140406615    0.116651459543828
30.7000000000002    37.3235077156721    4.35353689826688    0.116643294393223
30.8000000000002    37.7613851379486    4.4043040322536    0.116635129144865
30.9000000000002    38.2043685221228    4.45565950452597    0.116626963797238
31.0000000000002    38.6525170388538    4.50761009023731    0.11661879834905
31.1000000000002    39.1058905401703    4.56016264207343    0.116610632799403
31.2000000000002    39.5645495672685    4.61332409113921    0.116602467147908
31.3000000000002    40.0285553583981    4.66710144785216    0.116594301394716
31.4000000000002    40.4979698568389    4.7215018028428    0.116586135540458
31.5000000000002    40.9728557189667    4.77653232786204    0.116577969586117
31.6000000000002    41.4532763224113    4.8322002766965    0.116569803532852
31.7000000000002    41.939295774306    4.88851298609292    0.116561637381805
31.8000000000002    42.4309789196299    4.94547787669326    0.116553471133925
31.9000000000002    42.9283913496446    5.00310245398171    0.116545304789836
32.0000000000002    43.4315994104262    5.06139430924491    0.116537138349777
32.1000000000002    43.9406702114936    5.120361120546    0.116528971813604
32.2000000000002    44.4556716345354    5.18001065371254    0.116520805180872
32.3000000000002    44.9766723422361    5.24035076333803    0.116512638450955
32.4000000000002    45.503741787203    5.30138939379611    0.116504471623189
32.5000000000002    46.0369502209953    5.36313458026651    0.116496304697018
32.6000000000002    46.5763687032563    5.4255944497716    0.116488137672104
32.7000000000002    47.1220691109497    5.48877722222283    0.116479970548395
32.8000000000002    47.6741241477009    5.55269121147648    0.116471803326129
32.9000000000002    48.232607353245    5.61734482639858    0.116463636005791
33.0000000000002    48.7975931129806    5.68274657193955    0.116455468588017
33.1000000000002    49.3691566676329    5.74890505021934    0.116447301073474
33.2000000000002    49.9473741230245    5.81582896162422    0.116439133462739
33.3000000000002    50.5323224599577    5.88352710591638    0.116430965756196
33.4000000000002    51.1240795442078    5.95200838335773    0.116422797953965
33.5000000000002    51.7227241366293    6.02128179584848    0.116414630055889
33.6000000000002    52.3283359033775    6.09135644808115    0.116406462061561
33.7000000000002    52.9409954262455    6.16224154871    0.116398293970405
33.8000000000002    53.5607842131195    6.23394641153536    0.116390125781773
33.9000000000002    54.1877847085526    6.30648045670215    0.116381957495059
34.0000000000002    54.8220803044599    6.37985321191172    0.1163737891098
34.1000000000002    55.4637553509349    6.45407431364611    0.116365620625747
34.2000000000002    56.1128951671891    6.52915350840404    0.116357452042892
34.3000000000002    56.7695860526157    6.60510065394848    0.116349283361458
34.4000000000002    57.4339152979788    6.68192572056603    0.116341114581843
34.5000000000002    58.1059711967289    6.75963879233851    0.116332945704538
34.6000000000002    58.7858430564465    6.83825006842796    0.116324776730034
34.7000000000002    59.4736212104145    6.91776986437618    0.116316607658738
34.8000000000002    60.1693970293217    6.99820861341992    0.116308438490908
34.9000000000002    60.8732629330985    7.0795768678225    0.116300269226625
35.0000000000002    61.5853124028862    7.16188530022277    0.116292099865797
35.1000000000002    62.305639993143    7.24514470500115    0.116283930408202
35.2000000000002    63.0343413438865    7.3293659996628    0.11627576085355
35.3000000000002    63.7715131930756    7.41456022623718    0.116267591201556
35.4000000000002    64.5172533891339    7.50073855269334    0.116259421452008
35.5000000000002    65.2716609036143    7.58791227437012    0.116251251604813
35.6000000000002    66.0348358440079    7.67609281542089    0.116243081660018
35.7000000000002    66.8068794666984    7.76529173027268    0.1162349116178
35.8000000000002    67.5878941900624    7.85552070509979    0.116226741478429
35.9000000000002    68.3779836077184    7.9467915593125    0.116218571242213
36.0000000000002    69.177252501925    8.03911624706193    0.116210400909435
36.1000000000002    69.9858068571308    8.13250685876196    0.116202230480298
36.2000000000002    70.8037538736774    8.22697562262922    0.116194059954888
36.3000000000002    71.6312019816566    8.32253490624192    0.116185889333159
36.4000000000002    72.4682608549257    8.41919721811805    0.116177718614946
36.5000000000002    73.3150414252802    8.51697520931311    0.1161695478
36.6000000000003    74.1716558967884    8.61588167503712    0.116161376888044
36.7000000000003    75.0382177602877    8.71592955629032    0.116153205878819
36.8000000000003    75.9148418080464    8.81713194151708    0.11614503477214
36.9000000000003    76.8016441485911    8.91950206827735    0.116136863567926
37.0000000000003    77.6987422217019    9.02305332493538    0.116128692266207
37.1000000000003    78.6062548135782    9.12779925236578    0.116120520867114
37.2000000000003    79.524302072175    9.23375354567704    0.116112349370846
37.3000000000003    80.4530055227136    9.34093005595346    0.116104177777626
37.4000000000003    81.3924880833657    9.44934279201619    0.11609600608766
37.5000000000003    82.3428740811168    9.55900592220442    0.116087834301093
37.6000000000003    83.3042892678066    9.66993377617763    0.116079662417991
37.7000000000003    84.2768608363523    9.78214084673967    0.116071490438336
37.8000000000003    85.2607174371546    9.89564179168469    0.116063318362043
37.9000000000003    86.2559891946893    10.0104514356652    0.116055146188985
38.0000000000003    87.2628077242876    10.126584772082    0.116046973919033
38.1000000000003    88.2813061491057    10.2440569649951    0.116038801552086
38.2000000000003    89.3116191172866    10.3628833510557    0.116030629088102
38.3000000000003    90.3538828193168    10.4830794414589    0.116022456527101
38.4000000000003    91.4082350055784    10.6046609239168    0.116014283869169
38.5000000000003    92.4748150041002    10.7276436646523    0.116006111114433
38.6000000000003    93.5537637385088    10.8520437104145    0.115997938263039
38.7000000000003    94.645223746183    10.9778772905162    0.115989765315114
38.8000000000003    95.7493391966121    11.1051608188949    0.115981592270747
38.9000000000003    96.866255909962    11.2339108961965    0.115973419129966
39.0000000000003    97.9961213758514    11.3641443118852    0.115965245892738
39.1000000000003    99.1390847723391    11.4958780463769    0.115957072558979
39.2000000000003    100.295296985127    11.6291292731987    0.115948899128572
39.3000000000003    101.464910626979    11.7639153611728    0.115940725601396
39.4000000000003    102.648080057361    11.9002538766254    0.115932551977352
39.5000000000003    103.844961402304    12.03816258562    0.115924378256382
39.6000000000003    105.055712574485    12.1776594562142    0.115916204438479
39.7000000000003    106.280493293547    12.3187626607414    0.115908030523691
39.8000000000003    107.519465106634    12.4614905781167    0.115899856512101
39.9000000000003    108.77279140917    12.6058617961676    0.115891682403812
40.0000000000003    110.040637465867    12.7518951139903    0.115883508198921
40.1000000000003    111.323170431968    12.8996095443331    0.115875333897505
40.2000000000003    112.620559374734    13.0490243160065    0.1158671594996
40.3000000000003    113.932975295169    13.2001588763215    0.115858985005205
40.4000000000003    115.260591149998    13.3530328935567    0.115850810414284
40.5000000000003    116.603581873881    13.5076662594538    0.11584263572678
40.6000000000003    117.962124401889    13.6640790917411    0.115834460942637
40.7000000000003    119.336397692229    13.8222917366863    0.115826286061812
40.8000000000003    120.726582749226    13.9823247716766    0.11581811108429
40.9000000000003    122.132862646564    14.1441990078277    0.11580993601009
41.0000000000003    123.555422550792    14.3079354926203    0.115801760839259
41.1000000000003    124.994449745088    14.4735555125657    0.115793585571862
41.2000000000003    126.450133653305    14.6410805959004    0.115785410207969
41.3000000000003    127.922665864268    14.8105325153113    0.11577723474764
41.4000000000003    129.412240156367    14.9819332906904    0.115769059190908
41.5000000000003    130.919052522406    15.1553051919228    0.11576088353778
41.6000000000003    132.443301194751    15.3306707417048    0.115752707788231
41.7000000000003    133.985186670747    15.5080527183963    0.115744531942218
41.8000000000003    135.544911738431    15.687474158905    0.115736355999686
41.9000000000003    137.122681502528    15.8689583616028    0.115728179960587
42.0000000000003    138.718703410751    16.0525288892755    0.115720003824887
42.1000000000003    140.333187280384    16.2382095721049    0.11571182759258
42.2000000000003    141.966345325172    16.426024510683    0.115703651263681
42.3000000000003    143.61839218252    16.6159980790595    0.115695474838228
42.4000000000003    145.289544940984    16.8081549278227    0.11568729831627
42.5000000000003    146.980023168085    17.0025199872147    0.115679121697857
42.6000000000003    148.690048938427    17.1991184702805    0.115670944983028
42.7000000000003    150.419846862141    17.3979758760542    0.115662768171805
42.8000000000003    152.169644113638    17.5991179927803    0.115654591264191
42.9000000000003    153.939670460697    17.8025709011724    0.115646414260174
43.0000000000003    155.730158293872    18.0083609777088    0.115638237159728
43.1000000000003    157.541342656239    18.2165148979658    0.115630059962831
43.2000000000003    159.373461273466    18.4270596399874    0.115621882669466
43.3000000000003    161.226754584236    18.6400224876935    0.115613705279632
43.4000000000003    163.101465771004    18.8554310343247    0.115605527793342
43.5000000000003    164.997840791101    19.0733131859259    0.115597350210625
43.6000000000003    166.91612840819    19.2936971648669    0.115589172531516
43.7000000000004    168.856580224074    19.5166115134033    0.11558099475605
43.8000000000004    170.81945071087    19.7420850972765    0.115572816884255
43.9000000000004    172.80499724353    19.9701471093543    0.115564638916147
44.0000000000004    174.813480132741    20.2008270733131    0.115556460851726
44.1000000000004    176.845162658192    20.4341548473611    0.11554828269098
44.2000000000004    178.900311102213    20.6701606280045    0.115540104433887
44.3000000000004    180.979194783793    20.908874953856    0.115531926080425
44.4000000000004    183.082086092984    21.1503287094856    0.115523747630577
44.5000000000004    185.20926052569    21.3945531293146    0.115515569084338
44.6000000000004    187.360996718847    21.6415798015524    0.115507390441713
44.7000000000004    189.537576486001    21.8914406721771    0.11549921170272
44.8000000000004    191.739284853283    22.1441680489592    0.115491032867384
44.9000000000004    193.966410095793    22.3997946055306    0.115482853935731
45.0000000000004    196.219243774389    22.6583533854992    0.115474674907786
45.1000000000004    198.498080772893    22.9198778066087    0.115466495783564
45.2000000000004    200.803219335711    23.1844016649461    0.11545831656307
45.3000000000004    203.134961105882    23.4519591391965    0.115450137246303
45.4000000000004    205.49361116355    23.7225847949458    0.115441957833255
45.5000000000004    207.879478064871    23.996313589032    0.115433778323918
45.6000000000004    210.292873881356    24.2731808739445    0.115425598718286
45.7000000000004    212.73411423966    24.5532224022736    0.115417419016363
45.8000000000004    215.203518361811    24.8364743312075    0.115409239218158
45.9000000000004    217.701409105901    25.1229732270807    0.115401059323689
46.0000000000004    220.228113007227    25.4127560699719    0.115392879332975
46.1000000000004    222.783960319896    25.7058602583525    0.115384699246038
46.2000000000004    225.369285058898    26.0023236137885    0.115376519062893
46.3000000000004    227.984425042653    26.3021843856937    0.11536833878355
46.4000000000004    230.629721936036    26.6054812561365    0.11536015840801
46.5000000000004    233.305521293881    26.9122533447015    0.115351977936269
46.6000000000004    236.012172604977    27.2225402134055    0.11534379736832
46.7000000000004    238.750029336562    27.5363818716676    0.115335616704156
46.8000000000004    241.51944897931    27.8538187813366    0.115327435943772
46.9000000000004    244.320793092829    28.1748918617722    0.115319255087172
47.0000000000004    247.154427351665    28.4996424949842    0.115311074134365
47.1000000000004    250.020721591826    28.8281125308275    0.115302893085362
47.2000000000004    252.92004985783    29.1603442922549    0.115294711940182
47.3000000000004    255.852790450277    29.4963805806292    0.115286530698838
47.4000000000004    258.819325973956    29.8362646810933    0.115278349361344
47.5000000000004    261.820043386496    30.1800403680013    0.115270167927709
47.6000000000004    264.855334047556    30.5277519104098    0.115261986397935
47.7000000000004    267.925593768578    30.8794440776319    0.115253804772023
47.8000000000004    271.031222863083    31.2351621448517    0.115245623049972
47.9000000000004    274.172626197548    31.5949518988035    0.115237441231783
48.0000000000004    277.350213242843    31.9588596435121    0.115229259317459
48.1000000000004    280.56439812625    32.3269322060988    0.115221077307008
48.2000000000004    283.815599684063    32.6992169426502    0.115212895200441
48.3000000000004    287.10424151478    33.0757617441529    0.115204712997771
48.4000000000004    290.430752032894    33.4566150424943    0.115196530699012
48.5000000000004    293.795564523279    33.8418258165291    0.115188348304175
48.6000000000004    297.1991171962    34.231443598215    0.115180165813268
48.7000000000004    300.641853242922    34.6255184788162    0.115171983226296
48.8000000000004    304.124220891963    35.0241011151762    0.115163800543259
48.9000000000004    307.646673465958    35.4272427360607    0.115155617764159
49.0000000000004    311.209669439175    35.8349951485726    0.115147434888993
49.1000000000004    314.813672495672    36.247410744636    0.115139251917765
49.2000000000004    318.459151588102    36.6645425075548    0.115131068850479
49.3000000000004    322.146580997183    37.0864440186421    0.115122885687141
49.4000000000004    325.876440391831    37.5131694639245    0.115114702427764
49.5000000000004    329.649214889968    37.9447736409196    0.115106519072357
49.6000000000004    333.465395120014    38.3813119654903    0.115098335620932
49.7000000000004    337.325477283066    38.8228404787736    0.115090152073499
49.8000000000004    341.229963215769    39.2694158541886    0.115081968430063
49.9000000000004    345.179360453904    39.7210954045214    0.115073784690629
50.0000000000004    349.174182296673    40.17793708909    0.1150656008552
50.1000000000004    353.214947871722    40.6399995209882    0.115057416923781
50.2000000000004    357.302182200871    41.1073419744108    0.115049232896374
50.3000000000004    361.436416266604    41.5800243920599    0.115041048772987
50.4000000000004    365.618187079283    42.0581073926335    0.115032864553626
50.5000000000004    369.84803774513    42.5416522783972    0.115024680238302
50.6000000000004    374.126517534962    43.0307210428396    0.115016495827025
50.7000000000005    378.454181953698    43.5253763784131    0.115008311319805
50.8000000000005    382.831592810645    44.0256816843609    0.115000126716649
50.9000000000005    387.259318290571    44.5317010746311    0.114991942017565
51.0000000000005    391.737933025571    45.0434993858783    0.114983757222556
51.1000000000005    396.268018167746    45.5611421855561    0.114975572331627
51.2000000000005    400.850161462683    46.0846957800975    0.114967387344779
51.3000000000005    405.484957323766    46.6142272231884    0.114959202262018
51.4000000000005    410.17300690732    47.1498043241312    0.114951017083347
51.5000000000005    414.914918188592    47.6914956563027    0.114942831808774
51.6000000000005    419.711306038581    48.2393705657047    0.114934646438308
51.7000000000005    424.562792301733    48.7934991796099    0.114926460971956
51.8000000000005    429.470005874503    49.3539524153037    0.114918275409728
51.9000000000005    434.433582784794    49.920801988924    0.114910089751633
52.0000000000005    439.454166272287    50.4941204243973    0.114901903997676
52.1000000000005    444.532406869673    51.0739810624763    0.114893718147865
52.2000000000005    449.668962484783    51.6604580698771    0.114885532202204
52.3000000000005    454.864498483648    52.2536264485182    0.114877346160698
52.4000000000005    460.119687774486    52.8535620448623    0.114869160023352
52.5000000000005    465.435210892621    53.4603415593615    0.114860973790174
52.6000000000005    470.811756086359    54.0740425560072    0.114852787461171
52.7000000000005    476.250019403822    54.6947434719864    0.114844601036351
52.8000000000005    481.750704780756    55.3225236274444    0.114836414515723
52.9000000000005    487.314524129311    55.9574632353567    0.114828227899294
53.0000000000005    492.942197427827    56.5996434115096    0.114820041187073
53.1000000000005    498.634452811613    57.2491461845923    0.114811854379066
53.2000000000005    504.392026664746    57.9060545064013    0.114803667475279
53.3000000000005    510.215663712893    58.5704522621576    0.114795480475715
53.4000000000005    516.106117117177    59.242424280939    0.114787293380382
53.5000000000005    522.064148569081    59.9220563462281    0.114779106189283
53.6000000000005    528.090528386423    60.6094352065769    0.114770918902425
53.7000000000005    534.186035610397    61.3046485863906    0.114762731519816
53.8000000000005    540.351458103701    62.0077851968293    0.114754544041462
53.9000000000005    546.587592649762    62.7189347468323    0.114746356467372
54.0000000000005    552.895245053067    63.4381879542635    0.114738168797553
54.1000000000005    559.275230240615    64.165636557181    0.114729981032014
54.2000000000005    565.728372364504    64.9013733252315    0.11472179317076
54.3000000000005    572.255504905661    65.6454920711711    0.114713605213799
54.4000000000005    578.857470778738    66.3980876625146    0.114705417161135
54.5000000000005    585.535122438164    67.1592560333136    0.114697229012775
54.6000000000005    592.289321985401    67.9290941960651    0.114689040768727
54.7000000000005    599.120941277377    68.707700253752    0.114680852428996
54.8000000000005    606.030862036151    69.4951734120174    0.11467266399359
54.9000000000005    613.019975959781    70.2916139914736    0.114664475462518
55.0000000000005    620.089184834446    71.0971234401473    0.114656286835787
55.1000000000005    627.23940064781    71.9118043460626    0.114648098113404
55.2000000000005    634.471545703658    72.7357604499642    0.114639909295376
55.3000000000005    641.786552737803    73.569096658181    0.114631720381709
55.4000000000005    649.185365035295    74.4119190556328    0.11462353137241
55.5000000000005    656.66893654893    75.264334918981    0.114615342267485
55.6000000000005    664.238232019091    76.126452729925    0.114607153066939
55.7000000000005    671.894227094915    76.998382188646    0.114598963770779
55.8000000000005    679.63790845682    77.8802342273995    0.114590774379013
55.9000000000005    687.470273940395    78.7721210242586    0.114582584891646
56.0000000000005    695.392332661672    79.6741560170087    0.114574395308688
56.1000000000005    703.405105143797    80.5864539171973    0.114566205630144
56.2000000000005    711.509623445111    81.5091307243382    0.114558015856023
56.3000000000005    719.706931288664    82.4423037402734    0.114549825986332
56.4000000000005    727.998084193166    83.3860915836946    0.114541636021076
56.5000000000005    736.384149605403    84.3406142048253    0.114533445960264
56.6000000000005    744.866207034131    85.305992900265    0.114525255803901
56.7000000000005    753.445348185456    86.2823503279983    0.114517065551993
56.8000000000005    762.122677099731    87.26981052257    0.114508875204549
56.9000000000005    770.89931028997    88.2684989104281    0.114500684761576
57.0000000000005    779.776376881816    89.278542325436    0.114492494223081
57.1000000000005    788.755018755057    90.300069024557    0.114484303589071
57.2000000000005    797.836390686728    91.3332087037123    0.114476112859553
57.3000000000005    807.0216604958    92.3780925138145    0.114467922034535
57.4000000000005    816.31200918949    93.4348530769777    0.114459731114024
57.5000000000005    825.708631111195    94.5036245029084    0.114451540098025
57.6000000000005    835.212734090072    95.5845424054771    0.114443348986546
57.7000000000005    844.825539592291    96.6777439194727    0.114435157779592
57.8000000000006    854.548282873967    97.7833677175431    0.114426966477171
57.9000000000006    864.382213135799    98.901554027323    0.114418775079289
58.0000000000006    874.328593679431    100.03244464875    0.114410583585954
58.1000000000006    884.388702065549    101.176182971574    0.114402391997173
58.2000000000006    894.563830273746    102.332913993058    0.114394200312954
58.3000000000006    904.855284864161    103.502784335876    0.114386008533303
58.4000000000006    915.264387140921    104.685942266209    0.114377816658227
58.5000000000006    925.792473317403    105.882537712041    0.114369624687734
58.6000000000006    936.440894683329    107.092722281654    0.11436143262183
58.7000000000006    947.211017773734    108.316649282336    0.114353240460522
58.8000000000006    958.104224539797    109.554473739285    0.114345048203818
58.9000000000006    969.121912521591    110.806352414728    0.114336855851724
59.0000000000006    980.265495022742    112.072443827253    0.114328663404247
59.1000000000006    991.536401287041    113.352908271348    0.114320470861396
59.2000000000006    1002.93607667701    114.647907837163    0.114312278223176
59.3000000000006    1014.46598285447    115.957606430485    0.114304085489596
59.4000000000006    1026.12759796311    117.282169792934    0.114295892660662
59.5000000000006    1037.92241681306    118.62176552239    0.114287699736381
59.6000000000006    1049.85195106759    119.976563093631    0.11427950671676
59.7000000000006    1061.91772943179    121.346733879216    0.114271313601805
59.8000000000006    1074.12129784343    122.732451170583    0.114263120391523
59.9000000000006    1086.4642196659    124.133890199391    0.114254927085922
60.0000000000006    1098.94807588331    125.551228159093    0.114246733685009
60.1000000000006    1111.57446529772    126.984644226747    0.11423854018879
60.2000000000006    1124.34500472866    128.434319585067    0.114230346597273
60.3000000000006    1137.26132921474    129.900437444725    0.114222152910466
60.4000000000006    1150.3250922176    131.383183066884    0.114213959128374
60.5000000000006    1163.53796582811    132.882743785998    0.114205765251006
60.6000000000006    1176.9016409748    134.399309032848    0.114197571278368
60.7000000000006    1190.41782763468    135.933070357841    0.114189377210467
60.8000000000006    1204.08825504637    137.484221454566    0.11418118304731
60.9000000000006    1217.9146719256    139.052958183605    0.114172988788906
61.0000000000006    1231.89884668309    140.639478596608    0.11416479443526
61.1000000000006    1246.04256764492    142.243982960642    0.114156599986379
61.2000000000006    1260.34764327522    143.866673782792    0.114148405442272
61.3000000000006    1274.81590240148    145.507755835051    0.114140210802945
61.4000000000006    1289.44919444223    147.167436179473    0.114132016068406
61.5000000000006    1304.24938963737    148.845924193607    0.11412382123866
61.6000000000006    1319.21837928095    150.543431596211    0.114115626313716
61.7000000000006    1334.35807595661    152.260172473252    0.114107431293579
61.8000000000006    1349.6704137756    153.99636330419    0.114099236178258
61.9000000000006    1365.15734861745    155.752222988551    0.114091040967759
62.0000000000006    1380.82085837331    157.527972872797    0.11408284566209
62.1000000000006    1396.66294319201    159.323836777486    0.114074650261257
62.2000000000006    1412.68562572881    161.140041024739    0.114066454765267
62.3000000000006    1428.89095139696    162.976814466001    0.114058259174129
62.4000000000006    1445.28098862201    164.83438851012    0.114050063487848
62.5000000000006    1461.85782909898    166.712997151718    0.114041867706432
62.6000000000006    1478.62358805235    168.612876999894    0.114033671829888
62.7000000000006    1495.58040449896    170.534267307229    0.114025475858224
62.8000000000006    1512.7304415138    172.477409999116    0.114017279791446
62.9000000000006    1530.07588649878    174.442549703414    0.114009083629561
63.0000000000006    1547.61895145448    176.429933780428    0.114000887372577
63.1000000000006    1565.36187325487    178.439812353215    0.113992691020501
63.2000000000006    1583.30691392512    180.472438338229    0.11398449457334
63.3000000000006    1601.45636092251    182.528067476306    0.113976298031101
63.4000000000006    1619.81252742039    184.60695836398    0.113968101393791
63.5000000000006    1638.37775259531    186.709372485149    0.113959904661418
63.6000000000006    1657.15440191742    188.8355742431    0.113951707833988
63.7000000000006    1676.14486744393    190.985830992866    0.113943510911508
63.8000000000006    1695.35156811599    193.160413073957    0.113935313893986
63.9000000000006    1714.77695005872    195.359593843442    0.113927116781429
64.0000000000006    1734.42348688468    197.5836497094    0.113918919573843
64.1000000000006    1754.2936800006    199.832860164734    0.113910722271236
64.2000000000006    1774.39005891762    202.107507821361    0.113902524873616
64.3000000000006    1794.71518156487    204.407878444779    0.113894327380988
64.4000000000006    1815.27163460658    206.734260989011    0.113886129793361
64.5000000000006    1836.06203376268    209.086947631935    0.113877932110741
64.6000000000006    1857.08902413297    211.466233811003    0.113869734333136
64.7000000000006    1878.35528052488    213.872418259354    0.113861536460552
64.8000000000006    1899.86350778484    216.305803042321    0.113853338492998
64.9000000000006    1921.61644113334    218.766693594344    0.11384514043048
65.0000000000006    1943.61684650371    221.255398756282    0.113836942273005
65.1000000000006    1965.8675208846    223.772230813145    0.11382874402058
65.2000000000006    1988.37129266633    226.317505532235    0.113820545673213
65.3000000000006    2011.13102199104    228.891542201702    0.113812347230911
65.4000000000006    2034.14960110667    231.494663669536    0.113804148693681
65.5000000000006    2057.42995472495    234.127196382976    0.11379595006153
65.6000000000005    2080.97504038327    236.789470428358    0.113787751334464
65.7000000000005    2104.78784881062    239.481819571403    0.113779552512492
65.8000000000005    2128.87140429755    242.204581297941    0.11377135359562
65.9000000000005    2153.22876507021    244.958096855087    0.113763154583856
66.0000000000005    2177.86302366857    247.742711292871    0.113754955477206
66.1000000000005    2202.77730732878    250.558773506321    0.113746756275678
66.2000000000005    2227.97477836983    253.406636278014    0.113738556979279
66.3000000000005    2253.45863458439    256.286656321085    0.113730357588016
66.4000000000005    2279.23210963405    259.199194322722    0.113722158101896
66.5000000000005    2305.29847344893    262.144614988129    0.113713958520927
66.6000000000005    2331.66103263167    265.12328708497    0.113705758845115
66.7000000000005    2358.32313086593    268.135583488314    0.113697559074469
66.8000000000005    2385.28814932934    271.181881226059    0.113689359208994
66.9000000000005    2412.55950711114    274.262561524862    0.113681159248698
67.0000000000005    2440.14066163431    277.378009856574    0.113672959193589
67.1000000000005    2468.03510908245    280.528615985183    0.113664759043674
67.2000000000005    2496.24638483135    283.714774014271    0.113656558798958
67.3000000000005    2524.77806388531    286.936882434996    0.113648358459451
67.4000000000004    2553.63376131835    290.195344174596    0.113640158025158
67.5000000000004    2582.81713272023    293.49056664543    0.113631957496087
67.6000000000004    2612.33187464743    296.822961794557    0.113623756872245
67.7000000000004    2642.18172507914    300.192946153851    0.11361555615364
67.8000000000004    2672.3704638782    303.600940890676    0.113607355340279
67.9000000000004    2702.90191325727    307.047371859115    0.113599154432168
68.0000000000004    2733.77993825003    310.532669651753    0.113590953429315
68.1000000000004    2765.00844718762    314.057269652043    0.113582752331726
68.2000000000004    2796.59139218043    317.62161208723    0.11357455113941
68.3000000000004    2828.53276960507    321.226142081871    0.113566349852373
68.4000000000004    2860.83662059681    324.871309711927    0.113558148470623
68.5000000000004    2893.50703154745    328.557570059462    0.113549946994167
68.6000000000004    2926.5481346087    332.285383267929    0.113541745423011
68.7000000000004    2959.96410820104    336.055214598077    0.113533543757164
68.8000000000004    2993.75917752832    339.867534484457    0.113525341996632
68.9000000000004    3027.93761509793    343.722818592555    0.113517140141422
69.0000000000004    3062.50374124683    347.621547876552    0.113508938191542
69.1000000000003    3097.46192467324    351.564208637712    0.113500736146998
69.2000000000003    3132.81658297437    355.551292583415    0.113492534007799
69.3000000000003    3168.57218318992    359.583296886836    0.113484331773951
69.4000000000003    3204.73324235174    363.660724247275    0.11347612944546
69.5000000000003    3241.30432803938    367.784082951152    0.113467927022335
69.6000000000003    3278.29005894197    371.953886933669    0.113459724504583
69.7000000000003    3315.69510542611    376.170655841146    0.113451521892211
69.8000000000003    3353.5241901102    380.434915094043    0.113443319185225
69.9000000000003    3391.78208844492    384.747195950672    0.113435116383633
70.0000000000003    3430.47362930033    389.108035571602    0.113426913487443
70.1000000000003    3469.60369555924    393.517977084777    0.11341871049666
70.2000000000003    3509.17722471729    397.977569651344    0.113410507411294
70.3000000000003    3549.19920948951    402.487368532198    0.11340230423135
70.4000000000003    3589.67469842372    407.047935155262    0.113394100956837
70.5000000000003    3630.60879652056    411.659837183502    0.11338589758776
70.6000000000003    3672.00666586043    416.323648583683    0.113377694124128
70.7000000000003    3713.8735262373    421.039949695882    0.113369490565948
70.8000000000003    3756.2146557996    425.809327303763    0.113361286913226
70.9000000000002    3799.03539169805    430.632374705614    0.11335308316597
71.0000000000002    3842.34113074072    435.50969178617    0.113344879324188
71.1000000000002    3886.13733005529    440.441885089218    0.113336675387885
71.2000000000002    3930.42950775857    445.429567890999    0.11332847135707
71.3000000000002    3975.22324363349    450.473360274408    0.113320267231749
71.4000000000002    4020.52417981345    455.573889204011    0.11331206301193
71.5000000000002    4066.33802147429    460.731788601883    0.11330385869762
71.6000000000002    4112.67053753383    465.947699424273    0.113295654288826
71.7000000000002    4159.52756135914    471.222269739108    0.113287449785555
71.8000000000002    4206.91499148165    476.556154804345    0.113279245187815
71.9000000000002    4254.83879232001    481.950017147183    0.113271040495612
72.0000000000002    4303.30499491109    487.404526644137    0.113262835708954
72.1000000000002    4352.31969764884    492.920360601992    0.113254630827848
72.2000000000002    4401.88906703148    498.498203839638    0.113246425852302
72.3000000000002    4452.01933841677    504.138748770802    0.113238220782321
72.4000000000002    4502.71681678564    509.842695487685    0.113230015617914
72.5000000000002    4553.98787751431    515.610751845511    0.113221810359088
72.6000000000002    4605.83896715475    521.443633548008    0.11321360500585
72.7000000000001    4658.27660422391    527.342064233815    0.113205399558207
72.8000000000001    4711.30738000151    533.306775563828    0.113197194016167
72.9000000000001    4764.93795933667    539.338507309519    0.113188988379735
73.0000000000001    4819.17508146341    545.438007442208    0.113180782648921
73.1000000000001    4874.02556082511    551.606032223307    0.113172576823731
73.2000000000001    4929.49628790807    557.843346295564    0.113164370904171
73.3000000000001    4985.59423008423    564.150722775289    0.11315616489025
73.4000000000001    5042.32643246313    570.528943345596    0.113147958781974
73.5000000000001    5099.70001875334    576.978798350662    0.11313975257935
73.6000000000001    5157.72219213326    583.501086891018    0.113131546282387
73.7000000000001    5216.40023613155    590.096616919871    0.11312333989109
73.8000000000001    5275.74151551724    596.766205340493    0.113115133405467
73.9000000000001    5335.75347719965    603.510678104664    0.113106926825525
74.0000000000001    5396.44365113817    610.330870312188    0.113098720151273
74.1000000000001    5457.81965126209    617.227626311503    0.113090513382716
74.2000000000001    5519.88917640047    624.201799801383    0.113082306519861
74.3000000000001    5582.66001122236    631.254253933757    0.113074099562717
74.4    5646.14002718722    638.385861417644    0.11306589251129
74.5    5710.33718350589    645.597504624227    0.113057685365588
74.6    5775.25952811207    652.890075693068    0.113049478125617
74.7    5840.9151986445    660.264476639493    0.113041270791386
74.8    5907.31242343997    667.721619463135    0.1130330633629
74.9    5974.45952253713    675.262426257672    0.113024855840167
75    6042.3649086915    682.887829321762    0.113016648223194
75.1    6111.03708840148    690.598771271181    0.11300844051199
75.2    6180.48466294574    698.396205152191    0.11300023270656
75.3    6250.71632943192    706.281094556139    0.112992024806912
75.4    6321.74088185697    714.254413735313    0.112983816813053
75.5    6393.56721217899    722.317147720056    0.11297560872499
75.6    6466.20431140098    730.470292437165    0.11296740054273
75.7    6539.66127066642    738.714854829565    0.112959192266282
75.8    6613.94728236689    747.05185297731    0.112950983895651
75.9    6689.07164126188    755.482316219882    0.112942775430846
76    6765.04374561087    764.007285279836    0.112934566871873
76.1    6841.87309831785    772.627812387797    0.112926358218739
76.1999999999999    6919.56930808843    781.344961408803    0.112918149471452
76.2999999999999    6998.14209059961    790.159807970039    0.112909940630019
76.3999999999999    7077.60126968243    799.073439589963    0.112901731694447
76.4999999999999    7157.9567785176    808.086955808827    0.112893522664743
76.5999999999999    7239.2186608442    817.201468320636    0.112885313540914
76.6999999999999    7321.39707218173    826.418101106533    0.112877104322969
76.7999999999999    7404.50228106551    835.737990569643    0.112868895010912
76.8999999999999    7488.54467029566    845.162285671388    0.112860685604753
76.9999999999999    7573.53473819979    854.69214806928    0.112852476104498
77.0999999999999    7659.48309990951    864.328752256218    0.112844266510155
77.1999999999999    7746.40048865103    874.073285701305    0.11283605682173
77.2999999999999    7834.29775704977    883.926948992203    0.112827847039231
77.3999999999999    7923.18587844947    893.890955979019    0.112819637162665
77.4999999999999    8013.07594824558    903.966533919784    0.112811427192039
77.5999999999999    8103.97918523343    914.154923627493    0.11280321712736
77.6999999999999    8195.90693297108    924.457379618762    0.112795006968636
77.7999999999999    8288.87066115718    934.875170264102    0.112786796715873
77.8999999999998    8382.8819670239    945.409577939807    0.11277858636908
77.9999999999998    8477.95257674514    956.061899181531    0.112770375928263
78.0999999999998    8574.0943468602    966.833444839511    0.112762165393429
78.1999999999998    8671.31926571304    977.725540235483    0.112753954764585
78.2999999999998    8769.6394549073    988.739525321315    0.112745744041739
78.3999999999998    8869.06717077731    999.876754839361    0.112737533224898
78.4999999999998    8969.61480587517    1011.13859848455    0.11272932231407
78.5999999999998    9071.29489047422    1022.52644106827    0.11272111130926
78.6999999999998    9174.12009408883    1034.04168268397    0.112712900210477
78.7999999999998    9278.10322701101    1045.68573887465    0.112704689017728
78.8999999999998    9383.25724186376    1057.46004080212    0.112696477731019
78.9999999999998    9489.59523517143    1069.3660354181    0.112688266350359
79.0999999999998    9597.13044894738    1081.40518563716    0.112680054875754
79.1999999999998    9705.87627229887    1093.57897051164    0.112671843307211
79.2999999999998    9815.8462430497    1105.88888540834    0.112663631644738
79.3999999999998    9927.05404938053    1118.33644218723    0.112655419888342
79.4999999999998    10039.5135314871    1130.92316938205    0.11264720803803
79.5999999999998    10153.2386832569    1143.65061238289    0.112638996093809
79.6999999999997    10268.2436539637    1156.52033362077    0.112630784055687
79.7999999999997    10384.5427499811    1169.53391275417    0.11262257192367
79.8999999999997    10502.1504365146    1182.69294685771    0.112614359697766
79.9999999999997    10621.0813393526    1195.99905061269    0.112606147377983
80.0999999999997    10741.3502466371    1209.4538564999    0.112597934964327
80.1999999999997    10862.9721106526    1223.05901499439    0.112589722456804
80.2999999999997    10985.962049636    1236.81619476241    0.112581509855424
80.3999999999997    11110.3353496051    1250.72708286049    0.112573297160193
80.4999999999997    11236.1074662081    1264.79338493665    0.112565084371117
80.5999999999997    11363.2940265924    1279.01682543385    0.112556871488205
80.6999999999997    11491.9108312948    1293.39914779559    0.112548658511463
80.7999999999997    11621.9738561515    1307.94211467378    0.112540445440899
80.8999999999997    11753.4992542296    1322.64750813886    0.112532232276519
80.9999999999997    11886.5033577793    1337.51712989222    0.112524019018332
81.0999999999997    12021.002680208    1352.55280148088    0.112515805666344
81.1999999999997    12157.0139180755    1367.75636451453    0.112507592220562
81.2999999999997    12294.553953111    1383.12968088494    0.112499378680994
81.3999999999997    12433.6398542525    1398.67463298771    0.112491165047647
81.4999999999996    12574.2888797085    1414.3931239465    0.112482951320527
81.5999999999996    12716.5184790418    1430.28707783959    0.112474737499644
81.6999999999996    12860.3462952764    1446.358439929    0.112466523585002
81.7999999999996    13005.7901670276    1462.60917689202    0.11245830957661
81.8999999999996    13152.8681306548    1479.04127705531    0.112450095474475
81.9999999999996    13301.5984224386    1495.65675063151    0.112441881278604
82.0999999999996    13451.9994807811    1512.45762995841    0.112433666989004
82.1999999999996    13604.0899484303    1529.44596974071    0.112425452605683
82.2999999999996    13757.8886747293    1546.62384729447    0.112417238128648
82.3999999999996    13913.4147178892    1563.99336279411    0.112409023557905
82.4999999999996    14070.6873472881    1581.55663952218    0.112400808893462
82.5999999999996    14229.7260457937    1599.31582412176    0.112392594135326
82.6999999999996    14390.5505121124    1617.27308685168    0.112384379283505
82.7999999999996    14553.180663164    1635.4306218444    0.112376164338005
82.8999999999996    14717.6366364813    1653.7906473668    0.112367949298835
82.9999999999996    14883.9387926374    1672.35540608375    0.112359734166
83.0999999999996    15052.1077176981    1691.12716532449    0.112351518939509
83.1999999999995    15222.1642257023    1710.10821735196    0.112343303619368
83.2999999999995    15394.1293611685    1729.30087963505    0.112335088205585
83.3999999999995    15568.0244016293    1748.70749512377    0.112326872698167
83.4999999999995    15743.8708601932    1768.33043252739    0.112318657097121
83.5999999999995    15921.6904881347    1788.17208659566    0.112310441402454
83.6999999999995    16101.5052775123    1808.234878403    0.112302225614174
83.7999999999995    16283.3374638153    1828.52125563579    0.112294009732287
83.8999999999995    16467.2095286395    1849.03369288284    0.112285793756801
83.9999999999995    16653.1442023919    1869.77469192892    0.112277577687723
84.0999999999995    16841.1644670253    1890.74678205147    0.112269361525061
84.1999999999995    17031.2935588022    1911.95252032064    0.112261145268821
84.2999999999995    17223.5549710894    1933.39449190238    0.112252928919011
84.3999999999995    17417.9724571827    1955.07531036505    0.112244712475638
84.4999999999995    17614.5700331624    1976.99761798914    0.112236495938709
84.5999999999995    17813.3719807805    1999.16408608046    0.112228279308231
84.6999999999995    18014.4028503785    2021.57741528669    0.112220062584212
84.7999999999995    18217.6874638378    2044.24033591737    0.112211845766659
84.8999999999995    18423.250917562    2067.15560826732    0.112203628855579
84.9999999999994    18631.1185854913    2090.32602294362    0.112195411850979
85.0999999999994    18841.3161221507    2113.75440119604    0.112187194752866
85.1999999999994    19053.8694657305    2137.44359525113    0.112178977561248
85.2999999999994    19268.8048412009    2161.39648864991    0.112170760276131
85.3999999999994    19486.1487634605    2185.61599658918    0.112162542897524
85.4999999999994    19705.9280405188    2210.10506626651    0.112154325425433
85.5999999999994    19928.1697767138    2234.86667722905    0.112146107859865
85.6999999999994    20152.9013759646    2259.90384172604    0.112137890200828
85.7999999999994    20380.150545059    2285.2196050651    0.112129672448329
85.8999999999994    20609.9452969776    2310.81704597249    0.112121454602374
85.9999999999994    20842.3139542535    2336.69927695719    0.112113236662972
86.0999999999994    21077.285152369    2362.86944467889    0.11210501863013
86.1999999999994    21314.8878431893    2389.33073032001    0.112096800503854
86.2999999999994    21555.151298433    2416.08634996175    0.112088582284152
86.3999999999994    21798.1051131816    2443.13955496418    0.112080363971031
86.4999999999994    22043.7792094259    2470.49363235043    0.112072145564498
86.5999999999994    22292.2038396517    2498.15190519506    0.112063927064561
86.6999999999993    22543.4095904649    2526.11773301659    0.112055708471227
86.7999999999993    22797.427386255    2554.39451217435    0.112047489784503
86.8999999999993    23054.2884928998    2582.98567626951    0.112039271004395
86.9999999999993    23314.0245215089    2611.89469655054    0.112031052130912
87.0999999999993    23576.6674322099    2641.125082323    0.112022833164061
87.1999999999993    23842.2495379735    2670.68038136376    0.112014614103848
87.2999999999993    24110.8035084826    2700.56418033975    0.112006394950282
87.3999999999993    24382.3623740415    2730.78010523111    0.111998175703369
87.4999999999993    24656.9595295288    2761.33182175906    0.111989956363116
87.5999999999993    24934.6287383933    2792.2230358183    0.111981736929531
87.6999999999993    25215.4041366925    2823.45749391407    0.111973517402621
87.7999999999993    25499.3202371761    2855.03898360403    0.111965297782393
87.8999999999993    25786.4119334133    2886.9713339448    0.111957078068855
87.9999999999993    26076.7145039651    2919.25841594335    0.111948858262012
88.0999999999993    26370.263616602    2951.90414301332    0.111940638361874
88.1999999999993    26667.0953325677    2984.91247143621    0.111932418368446
88.2999999999993    26967.2461108892    3018.28740082756    0.111924198281737
88.3999999999993    27270.7528127333    3052.03297460817    0.111915978101753
88.4999999999992    27577.6527058109    3086.15328048041    0.111907757828502
88.5999999999992    27887.9834688293    3120.65245090963    0.11189953746199
88.6999999999992    28201.7831959928    3155.53466361085    0.111891317002225
88.7999999999992    28519.0904015515    3190.80414204065    0.111883096449214
88.8999999999992    28839.9440244009    3226.46515589431    0.111874875802965
88.9999999999992    29164.3834327304    3262.52202160845    0.111866655063484
89.0999999999992    29492.4484287226    3298.97910286894    0.11185843423078
89.1999999999992    29824.1792533042    3335.8408111244    0.111850213304858
89.2999999999992    30159.6165909475    3373.11160610523    0.111841992285727
89.3999999999992    30498.8015745252    3410.79599634818    0.111833771173393
89.4999999999992    30841.7757902171    3448.8985397266    0.111825549967864
89.5999999999992    31188.5812824705    3487.42384398643    0.111817328669147
89.6999999999992    31539.2605590144    3526.37656728797    0.11180910727725
89.7999999999992    31893.8565959281    3565.76141875348    0.111800885792178
89.8999999999992    32252.4128427651    3605.58315902063    0.111792664213941
89.9999999999992    32614.9732277322    3645.84660080205    0.111784442542544
90.0999999999992    32981.5821629255    3686.55660945075    0.111776220777995
90.1999999999992    33352.2845496224    3727.71810353179    0.111767998920302
90.2999999999991    33727.1257836319    3769.33605539998    0.111759776969471
90.3999999999991    34106.1517607024    3811.41549178389    0.111751554925509
90.4999999999991    34489.4088819887    3853.96149437611    0.111743332788425
90.5999999999991    34876.9440595776    3896.97920042993    0.111735110558225
90.6999999999991    35268.8047220746    3940.47380336231    0.111726888234916
90.7999999999991    35665.0388202501    3984.45055336355    0.111718665818506
90.8999999999991    36065.6948327474    4028.91475801336    0.111710443309001
90.9999999999991    36470.8217718528    4073.87178290363    0.11170222070641
91.0999999999991    36880.4691893281    4119.32705226792    0.111693998010739
91.1999999999991    37294.6871823063    4165.28604961769    0.111685775221995
91.2999999999991    37713.5263992516    4211.75431838542    0.111677552340186
91.3999999999991    38137.0380459834    4258.73746257463    0.111669329365319
91.4999999999991    38565.2738917665    4306.24114741694    0.111661106297401
91.5999999999991    38998.2862754668    4354.27110003613    0.11165288313644
91.6999999999991    39436.1281117738    4402.8331101194    0.111644659882442
91.7999999999991    39878.8528974907    4451.93303059589    0.111636436535415
91.8999999999991    40326.5147178929    4501.57677832239    0.111628213095367
91.999999999999    40779.1682531552    4551.77033477658    0.111619989562303
92.099999999999    41236.8687848483    4602.5197467576    0.111611765936232
92.199999999999    41699.6722025067    4653.83112709424    0.111603542217161
92.299999999999    42167.6350102671    4705.71065536067    0.111595318405097
92.399999999999    42640.8143335788    4758.16457860001    0.111587094500047
92.499999999999    43119.2679259871    4811.19921205553    0.111578870502018
92.599999999999    43603.0541759899    4864.82093990983    0.111570646411018
92.699999999999    44092.2321139691    4919.03621603187    0.111562422227054
92.799999999999    44586.8614191963    4973.85156473215    0.111554197950133
92.899999999999    45087.0024269155    5029.27358152591    0.111545973580262
92.999999999999    45592.7161355015    5085.3089339046    0.111537749117448
93.099999999999    46104.0642136964    5141.96436211564    0.1115295245617
93.199999999999    46621.1090079246    5199.24667995051    0.111521299913023
93.299999999999    47143.9135496865    5257.16277554139    0.111513075171426
93.399999999999    47672.5415630329    5315.71961216633    0.111504850336915
93.499999999999    48207.0574721198    5374.92422906306    0.111496625409498
93.599999999999    48747.5264088455    5434.78374225156    0.111488400389181
93.699999999999    49294.0142205701    5495.30534536547    0.111480175275973
93.7999999999989    49846.5874779186    5556.49631049247    0.11147195006988
93.8999999999989    50405.3134826686    5618.36398902362    0.11146372477091
93.9999999999989    50970.2602757233    5680.9158125119    0.11145549937907
94.0999999999989    51541.496645171    5744.15929353993    0.111447273894366
94.1999999999989    52119.0921344313    5808.10202659703    0.111439048316807
94.2999999999989    52703.1170504904    5872.75168896565    0.1114308226464
94.3999999999989    53293.6424722244    5938.11604161745    0.111422596883151
94.4999999999989    53890.7402588139    6004.20293011888    0.111414371027069
94.5999999999989    54494.4830582482    6071.0202855465    0.111406145078159
94.6999999999989    55104.9443159232    6138.5761254122    0.11139791903643
94.7999999999989    55722.1982833307    6206.87855459836    0.111389692901889
94.8999999999989    56346.3200268428    6275.93576630291    0.111381466674543
94.9999999999989    56977.3854365912    6345.75604299467    0.111373240354398
95.0999999999989    57615.4712354418    6416.34775737897    0.111365013941464
95.1999999999989    58260.654988067    6487.71937337348    0.111356787435745
95.2999999999989    58913.0151101165    6559.87944709469    0.111348560837251
95.3999999999989    59572.630877486    6632.83662785488    0.111340334145988
95.4999999999988    60239.5824356874    6706.59965916978    0.111332107361963
95.5999999999988    60913.9508093199    6781.17737977709    0.111323880485184
95.6999999999988    61595.8179116429    6856.57872466594    0.111315653515657
95.7999999999988    62285.2665542531    6932.81272611735    0.111307426453391
95.8999999999988    62982.3804568663    7009.88851475588    0.111299199298391
95.9999999999988    63687.2442572043    7087.81532061251    0.111290972050667
96.0999999999988    64399.9435209888    7166.60247419903    0.111282744710224
96.1999999999988    65120.5647520441    7246.25940759386    0.11127451727707
96.2999999999988    65849.1954025076    7326.79565553956    0.111266289751212
96.3999999999988    66585.923883152    7408.22085655209    0.111258062132657
96.4999999999988    67330.839573818    7490.54475404198    0.111249834421413
96.5999999999988    68084.0328339604    7573.77719744749    0.111241606617487
96.6999999999988    68845.5950133075    7657.92814338002    0.111233378720887
96.7999999999988    69615.6184626364    7743.00765678158    0.111225150731619
96.8999999999988    70394.1965446638    7829.02591209495    0.11121692264969
96.9999999999988    71181.4236450554    7915.9931944462    0.111208694475108
97.0999999999988    71977.3951835531    8003.91990083994    0.11120046620788
97.1999999999988    72782.2076252234    8092.81654136736    0.111192237848014
97.2999999999987    73595.9584918265    8182.69374042724    0.111184009395516
97.3999999999987    74418.7463733088    8273.56223796002    0.111175780850394
97.4999999999987    75250.6709394186    8365.43289069514    0.111167552212655
97.5999999999987    76091.8329514479    8458.31667341163    0.111159323482307
97.6999999999987    76942.3342741009    8552.22468021236    0.111151094659356
97.7999999999987    77802.2778874903    8647.16812581188    0.111142865743809
97.8999999999987    78671.7678992633    8743.15834683798    0.111134636735675
97.9999999999987    79550.9095568579    8840.20680314728    0.111126407634961
98.0999999999987    80439.8092598927    8938.32507915486    0.111118178441672
98.1999999999987    81338.5745726889    9037.52488517818    0.111109949155818
98.2999999999987    82247.3142369284    9137.81805879533    0.111101719777404
98.3999999999987    83166.138184448    9239.21656621793    0.111093490306439
98.4999999999987    84095.1575501719    9341.73250367856    0.111085260742929
98.5999999999987    85034.4846851837    9445.37809883313    0.111077031086882
98.6999999999987    85984.2331699386    9550.16571217839    0.111068801338305
98.7999999999987    86944.5178276193    9656.10783848434    0.111060571497205
98.8999999999987    87915.4547376354    9763.21710824219    0.11105234156359
98.9999999999986    88897.1612492678    9871.50628912779    0.111044111537466
99.0999999999986    89889.755995461    9980.9882874806    0.111035881418842
99.1999999999986    90893.3589067639    10091.6761497986    0.111027651207723
99.2999999999986    91908.0912254207    10203.5830642491    0.111019420904119
99.3999999999986    92934.0755196137    10316.7223621959    0.111011190508034
99.4999999999986    93971.4356978599    10431.1075197425    0.111002960019478
99.5999999999986    95020.2970235622    10546.7521592921    0.110994729438457
99.6999999999986    96080.7861297183    10663.6700511241    0.110986498764978
99.7999999999986    97153.0310337871    10781.8751149876    0.110978267999049
99.8999999999986    98237.1611527158    10901.3814217116    0.110970037140678
99.9999999999986    99333.3073181294    11022.2031948331    0.11096180618987
100.099999999999    100441.601791682    11144.3548122417    0.110953575146634
100.199999999999    101562.178280578    11267.8508078428    0.110945344010976
100.299999999999    102695.171953251    11392.7058732376    0.110937112782904
100.399999999999    103840.719455225    11518.9348594217    0.110928881462426
100.499999999999    104998.958925135    11646.5527785018    0.110920650049548
100.599999999999    106170.030010926    11775.5748054303    0.110912418544278
100.699999999999    107354.073886221    11906.0162797591    0.110904186946623
100.799999999999    108551.233266877    12037.8927074113    0.11089595525659
100.899999999999    109761.652427704    12171.219762473    0.110887723474186
100.999999999999    110985.477219372    12306.0132890029    0.110879491599419
101.099999999999    112222.855085504    12442.2893028625    0.110871259632296
101.199999999999    113473.935079945    12580.0639935647    0.110863027572824
101.299999999999    114738.867884217    12719.3537261433    0.110854795421011
101.399999999999    116017.805825173    12860.1750430411    0.110846563176863
101.499999999999    117310.902892825    13002.5446660197    0.110838330840388
101.599999999999    118618.314758377    13146.4794980883    0.110830098411594
101.699999999998    119940.198792443    13291.9966254544    0.110821865890487
101.799999999998    121276.714083468    13439.1133194941    0.110813633277075
101.899999999998    122628.021456342    13587.8470387438    0.110805400571364
101.999999999998    123994.283491217    13738.2154309143    0.110797167773363
102.099999999998    125375.664542525    13890.2363349245    0.110788934883079
102.199999999998    126772.330758202    14043.9277829582    0.110780701900518
102.299999999998    128184.450099116    14199.3080025424    0.110772468825688
102.399999999998    129612.19235871    14356.3954186475    0.110764235658597
102.499999999998    131055.729182846    14515.2086558109    0.110756002399251
102.599999999998    132515.234089872    14675.7665402815    0.110747769047658
102.699999999998    133990.882490902    14838.0881021892    0.110739535603825
102.799999999998    135482.85171031    15002.1925777358    0.110731302067759
102.899999999998    136991.321006449    15168.0994114102    0.110723068439468
102.999999999998    138516.471592592    15335.8282582271    0.110714834718958
103.099999999998    140058.486658095    15505.3989859894    0.110706600906238
103.199999999998    141617.55138979    15676.8316775744    0.110698367001314
103.299999999998    143193.85299361    15850.1466332456    0.110690133004194
103.399999999998    144787.580716439    16025.3643729875    0.110681898914884
103.499999999998    146398.925868207    16202.5056388667    0.110673664733393
103.599999999998    148028.081844213    16381.5913974174    0.110665430459726
103.699999999998    149675.244147691    16562.6428420523    0.110657196093893
103.799999999998    151340.610412623    16745.6813954999    0.110648961635899
103.899999999998    153024.380426791    16930.7287122669    0.110640727085753
103.999999999998    154726.756155076    17117.8066811277    0.110632492443461
104.099999999998    156447.941763016    17306.9374276393    0.11062425770903
104.199999999998    158188.143640604    17498.1433166844    0.110616022882469
104.299999999998    159947.570426353    17691.4469550405    0.110607787963784
104.399999999998    161726.433031612    17886.8711939768    0.110599552952982
104.499999999998    163524.944665148    18084.4391318788    0.110591317850072
104.599999999998    165343.320857988    18284.1741169008    0.110583082655059
104.699999999998    167181.779488529    18486.0997496464    0.110574847367951
104.799999999998    169040.540807917    18690.2398858784    0.110566611988755
104.899999999998    170919.827465704    18896.618639256    0.11055837651748
104.999999999998    172819.864535769    19105.2603841032    0.110550140954132
105.099999999998    174740.879542525    19316.1897582044    0.110541905298718
105.199999999998    176683.102487409    19529.4316656321    0.110533669551245
105.299999999998    178646.765875651    19745.0112796028    0.110525433711722
105.399999999998    180632.10474333    19962.9540453641    0.110517197780154
105.499999999998    182639.356684724    20183.2856831131    0.11050896175655
105.599999999998    184668.761879953    20406.0321909445    0.110500725640917
105.699999999998    186720.563122913    20631.2198478312    0.110492489433262
105.799999999998    188795.005849519    20858.8752166361    0.110484253133592
105.899999999998    190892.33816624    21089.0251471566    0.110476016741914
105.999999999998    193012.81087895    21321.6967792003    0.110467780258236
106.099999999998    195156.67752208    21556.9175456944    0.110459543682565
106.199999999998    197324.194388089    21794.7151758282    0.110451307014908
106.299999999998    199515.620557246    22035.1176982282    0.110443070255273
106.399999999998    201731.217927735    22278.1534441681    0.110434833403667
106.499999999998    203971.25124608    22523.8510508118    0.110426596460096
106.599999999998    206235.988137897    22772.2394644916    0.11041835942457
106.699999999998    208525.699138978    23023.3479440215    0.110410122297094
106.799999999998    210840.657726701    23277.2060640447    0.110401885077675
106.899999999998    213181.140351787    23533.843718418    0.110393647766322
106.999999999998    215547.426470385    23793.2911236309    0.110385410363041
107.099999999998    217939.798576513    24055.5788222621    0.11037717286784
107.199999999998    220358.542234837    24320.737686472    0.110368935280726
107.299999999998    222803.946113807    24588.7989215328    0.110360697601707
107.399999999998    225276.302019144    24859.7940693961    0.110352459830788
107.499999999998    227775.904927687    25133.755012298    0.110344221967979
107.599999999998    230303.053021604    25410.7139764026    0.110335984013286
107.699999999998    232858.047722967    25690.7035354851    0.110327745966717
107.799999999998    235441.193728701    25973.7566146524    0.110319507828278
107.899999999998    238052.799045898    26259.9064941049    0.110311269597976
107.999999999998    240693.175027522    26549.1868129373    0.110303031275821
108.099999999998    243362.636408485    26841.6315729797    0.110294792861817
108.199999999998    246061.501342117    27137.2751426799    0.110286554355974
108.299999999998    248790.091437021    27436.1522610274    0.110278315758297
108.399999999998    251548.731794323    27738.2980415175    0.110270077068795
108.499999999998    254337.751045325    28043.7479761593    0.110261838287474
108.599999999998    257157.481389555    28352.537939525    0.110253599414342
108.699999999998    260008.25863323    28664.7041928428    0.110245360449406
108.799999999998    262890.422228123    28980.2833881329    0.110237121392674
108.899999999998    265804.315310856    29299.3125723878    0.110228882244152
108.999999999998    268750.284742601    29621.8291917968    0.110220643003848
109.099999999998    271728.681149216    29947.871096015    0.11021240367177
109.199999999998    274739.858961804    30277.476542478    0.110204164247924
109.299999999998    277784.176457711    30610.6842007628    0.110195924732318
109.399999999998    280861.995801957    30947.5331569935    0.110187685124959
109.499999999998    283973.68308911    31288.0629182954    0.110179445425854
109.599999999998    287119.608385616    31632.3134172956    0.110171205635012
109.699999999998    290300.145772569    31980.3250166712    0.110162965752438
109.799999999998    293515.67338895    32332.1385137458    0.11015472577814
109.899999999998    296766.573475318    32687.7951451356    0.110146485712126
109.999999999998    300053.232417977    33047.3365914434    0.110138245554403
110.099999999998    303376.040793607    33410.804982003    0.110130005304977
110.199999999998    306735.393414378    33778.2428996745    0.110121764963858
110.299999999998    310131.689373542    34149.6933856897    0.110113524531051
110.399999999998    313565.332091515    34525.1999445487    0.110105284006564
110.499999999998    317036.729362451    34904.8065489695    0.110097043390404
110.599999999998    320546.293401309    35288.5576448887    0.110088802682579
110.699999999998    324094.440891429    35676.4981565162    0.110080561883095
110.799999999998    327681.593032613    36068.6734914429    0.110072320991961
110.899999999998    331308.175589718    36465.1295458032    0.110064080009183
110.999999999998    334974.618941773    36865.9127094914    0.110055838934769
111.099999999998    338681.358131616    37271.0698714337    0.110047597768725
111.199999999998    342428.83291606    37680.6484249165    0.11003935651106
111.299999999998    346217.487816599    38094.6962729704    0.11003111516178
111.399999999998    350047.772170654    38513.2618338119    0.110022873720893
111.499999999998    353920.140183362    38936.3940463418    0.110014632188406
111.599999999998    357835.050979922    39364.1423757033    0.110006390564327
111.699999999998    361792.968658502    39796.5568188975    0.109998148848663
111.799999999998    365794.362343702    40233.6879104594    0.10998990704142
111.899999999998    369839.706240594    40675.5867281933    0.109981665142607
111.999999999998    373929.479689341    41122.3048989693    0.109973423152231
112.099999999998    378064.167220388    41573.8946045814    0.109965181070298
112.199999999998    382244.258610257    42030.408587667    0.109956938896817
112.299999999998    386470.248937921    42491.9001576893    0.109948696631794
112.399999999998    390742.638641795    42958.4231969833    0.109940454275236
112.499999999998    395061.933577318    43430.0321668657    0.109932211827151
112.599999999998    399428.645075168    43906.7821138093    0.109923969287547
112.699999999998    403843.29000008    44388.7286756824    0.109915726656431
112.799999999998    408306.390810304    44875.9280880551    0.109907483933809
112.899999999998    412818.475617691    45368.4371905715    0.10989924111969
112.999999999998    417380.078248419    45866.3134333896    0.10989099821408
113.099999999998    421991.738304369    46369.6148836897    0.109882755216987
113.199999999998    426654.001225156    46878.4002322515    0.109874512128418
113.299999999998    431367.418350819    47392.7288000996    0.10986626894838
113.399999999998    436132.546985176    47912.6605452214    0.109858025676882
113.499999999998    440949.950459863    48438.2560693539    0.109849782313929
113.599999999998    445820.198199047    48969.576624844    0.10984153885953
113.699999999998    450743.865784832    49506.6841215802    0.109833295313691
113.799999999998    455721.535023363    50049.6411339983    0.10982505167642
113.899999999998    460753.794011632    50598.5109081607    0.109816807947724
113.999999999998    465841.237204995    51153.3573689104    0.109808564127611
114.099999999998    470984.465485414    51714.2451271013    0.109800320216088
114.199999999998    476184.086230416    52281.2394869043    0.109792076213161
114.299999999998    481440.713382795    52854.4064531909    0.109783832118839
114.399999999998    486754.967521054    53433.8127389947    0.109775587933129
114.499999999998    492127.475930594    54019.5257730518    0.109767343656037
114.599999999998    497558.872675664    54611.6137074208    0.109759099287572
114.699999999998    503049.798672078    55210.1454251836    0.109750854827741
114.799999999998    508600.901760701    55815.1905482268    0.109742610276551
114.899999999998    514212.836781723    56426.8194451062    0.109734365634008
114.999999999998    519886.265649722    57045.1032389939    0.109726120900121
115.099999999998    525621.857429522    57670.1138157095    0.109717876074897
115.199999999998    531420.288412864    58301.9238318356    0.109709631158343
115.299999999998    537282.242195889    58940.6067229197    0.109701386150467
115.399999999998    543208.409757448    59586.2367117624    0.109693141051275
115.499999999998    549199.489538242    60238.8888167928    0.109684895860775
115.599999999998    555256.187520806    60898.638860533    0.109676650578975
115.699999999998    561379.217310348    61565.5634781516    0.109668405205881
115.799999999998    567569.300216437    62239.7401261066    0.109660159741501
115.899999999998    573827.16533557    62921.2470908813    0.109651914185843
115.999999999998    580153.549634613    63610.1634978113    0.109643668538913
116.099999999998    586549.198035132    64306.5693200042    0.109635422800719
116.199999999998    593014.863498614    65010.5453873548    0.109627176971268
116.299999999998    599551.307112603    65722.1733956539    0.109618931050567
116.399999999998    606159.298177744    66441.5359157945    0.109610685038625
116.499999999998    612839.614295761    67168.7164030741    0.109602438935447
116.599999999998    619593.041458359    67903.7992065958    0.109594192741042
116.699999999998    626420.374137081    68646.8695787681    0.109585946455417
116.799999999998    633322.415374113    69398.0136849053    0.109577700078578
116.899999999998    640299.976874062    70157.3186129286    0.109569453610534
116.999999999998    647353.879096699    70924.8723831705    0.109561207051292
117.099999999998    654484.951350696    71700.7639582806    0.109552960400859
117.199999999998    661694.031888355    72485.0832532388    0.109544713659241
117.299999999998    668981.968001343    73277.9211454711    0.109536466826448
117.399999999998    676349.616117449    74079.3694850737    0.109528219902486
117.499999999998    683797.841898358    74889.5211051443    0.109519972887361
117.599999999998    691327.520338478    75708.4698322229    0.109511725781082
117.699999999998    698939.535864803    76536.3104968419    0.109503478583656
117.799999999998    706634.782437846    77373.1389441878    0.10949523129509
117.899999999998    714414.16365364    78219.0520448744    0.109486983915392
117.999999999998    722278.592846821    79074.147705831    0.109478736444569
118.099999999998    730228.993194807    79938.5248813041    0.109470488882627
118.199999999998    738266.297823082    80812.2835839754    0.109462241229575
118.299999999998    746391.449911602    81695.5248961974    0.10945399348542
118.399999999998    754605.402802321    82588.350981346    0.109445745650169
118.499999999998    762909.120107871    83490.8650952935    0.109437497723829
118.599999999998    771303.57582138    84403.1715980033    0.109429249706408
118.699999999998    779789.754427471    85325.3759652446    0.109421001597913
118.799999999998    788368.651014429    86257.5848004326    0.109412753398351
118.899999999998    797041.271387558    87199.905846592    0.10940450510773
118.999999999998    805808.632183747    88152.4479984462    0.109396256726057
119.099999999998    814671.760987247    89115.3213146353    0.109388008253339
119.199999999998    823631.696446674    90088.6370300615    0.109379759689584
119.299999999997    832689.488393259    91072.507568364    0.109371511034798
119.399999999997    841846.197960347    92067.0465545266    0.10936326228899
119.499999999997    851102.897704165    93072.3688276169    0.109355013452167
119.599999999997    860460.67172587    94088.5904536598    0.109346764524335
119.699999999997    869920.615794897    95115.8287386466    0.109338515505503
119.799999999997    879483.8374736    96154.2022416807    0.109330266395677
119.899999999997    889151.456243233    97203.8307882618    0.109322017194865
