0    0    0.00999767217856103    0.00999767217856103
0.1    -0.000227614461977141    0.0101963034543384    0.0102009461633359
0.2    -0.000104525443305756    0.0103990469371678    0.0104012210944047
0.3    -7.97921845389769e-05    0.0106057155600494    0.0106074082015353
0.4    -0.000137751071937641    0.0108165373673044    0.0108195177570903
0.5    -7.37383772341709e-05    0.0110316129950808    0.0110332400215362
0.6    -9.45943652193435e-05    0.0112509549186127    0.0112530836738582
0.7    -7.60523718200231e-05    0.0114746877979507    0.011476433285145
0.8    -7.25990343686721e-05    0.0117028842266755    0.0117045835862357
0.9    -6.32073711006839e-05    0.0119356382597597    0.0119371471957692
1    -6.51306007948714e-05    0.0121730477494183    0.0121746335285279
1.1    -4.88995128486301e-05    0.0124151874118541    0.0124164016644632
1.2    -4.97669050479719e-05    0.0126621535285778    0.0126634139036875
1.3    -4.74615626418608e-05    0.012914059776744    0.0129152856778413
1.4    -3.56802139357498e-05    0.0131709855963421    0.0131719255170463
1.5    -3.79959834141537e-05    0.0134330320316413    0.0134340528729537
1.6    -3.10854509172416e-05    0.0137003080405784    0.0137011598275629
1.7    -2.735177301378e-05    0.0139729091093086    0.0139736734978926
1.8    -2.55092773086784e-05    0.0142509458072145    0.0142516728884188
1.9    -2.15037534282687e-05    0.014534525285474    0.0145351503926121
2    -1.8555401439542e-05    0.0148237518973546    0.0148243020288971
2.1    -1.52256774128852e-05    0.0151187389481513    0.0151191993412453
2.2    -1.44037159243839e-05    0.0154196055466489    0.015420049752283
2.3    -1.10471621047715e-05    0.0157264647779455    0.0157268122473955
2.4    -7.9337048214309e-06    0.0160394295637309    0.0160396840699494
2.5    -7.69835405121658e-06    0.016358626571513    0.0163588784424503
2.6    -4.88773749227592e-06    0.016684179365319    0.0166843424618942
2.7    -2.65381558228083e-06    0.0170162087998638    0.0170162991158636
2.8    -2.12050849197451e-06    0.0173548464822719    0.0173549200846266
2.9    -3.31473116174898e-08    0.0177002227635282    0.0177002239369578
3    1.6668304888787e-06    0.0180524671601774    0.0180524069794724
3.1    2.52535231975558e-06    0.0184117177683734    0.0184116247764599
3.2    3.80806315848242e-06    0.0187781146209704    0.0187779716050221
3.3    4.92215993642412e-06    0.0191517970922393    0.0191516085567505
3.4    6.0810666451746e-06    0.0195329076233535    0.0195326700629721
3.5    7.15709998491738e-06    0.019921593206483    0.019921308046855
3.6    7.70795841873064e-06    0.0203180053888416    0.0203176921705745
3.7    8.60708842841899e-06    0.0207222963009755    0.0207219395867723
3.8    9.6885677343332e-06    0.0211346192305715    0.0211342097061593
3.9    1.01167903181854e-05    0.0215551340106215    0.0215546978774916
4    1.0613523046055e-05    0.021984003692701    0.0219835370421942
4.1    1.15436332332517e-05    0.0224213908567526    0.0224208732141028
4.2    1.20823205315451e-05    0.0228674632817002    0.0228669107043344
4.3    1.23081044169082e-05    0.0233223949819908    0.0233218208801116
4.4    1.28476149976768e-05    0.023786360357227    0.0237857491690792
4.5    1.34429182606521e-05    0.0242595352621003    0.024258883032969
4.6    1.37596922093056e-05    0.0247421017636928    0.0247414208856517
4.7    1.4041191183451e-05    0.0252342467244281    0.0252335380966128
4.8    1.43944996935449e-05    0.0257361590552596    0.0257354181476573
4.9    1.46878858155796e-05    0.0262480307219104    0.0262472596770791
5    1.49567444818614e-05    0.0267700578556903    0.026769257081837
5.1    1.52302072034328e-05    0.0273024407215694    0.0273016090905766
5.2    1.54171959920662e-05    0.027845383998181    0.0278445254159328
5.3    1.5565260010003e-05    0.0283990962793283    0.0283982122144537
5.4    1.57823650034361e-05    0.0289637893221744    0.028962875102413
5.5    1.59849005959238e-05    0.0295396791961038    0.0295387348335281
5.6    1.60696019291625e-05    0.0301269874465036    0.0301260192046717
5.7    1.61347459125154e-05    0.0307259397628385    0.030724948268374
5.8    1.6283686480977e-05    0.0313367647723982    0.0313357442329106
5.9    1.64315810641991e-05    0.0319596956358591    0.0319586453564576
5.99999999999999    1.64810198890974e-05    0.0325949717014375    0.0325938973223905
6.09999999999999    1.64913287129926e-05    0.033242837386669    0.033241740967633
6.19999999999999    1.65503465258728e-05    0.0339035405529955    0.0339024183408793
6.29999999999999    1.66312075651024e-05    0.0345773332052228    0.0345761830987393
6.39999999999999    1.66683684347544e-05    0.0352644731157452    0.0352632975328792
6.49999999999999    1.6669094882457e-05    0.0359652238794754    0.0359640248840029
6.59999999999999    1.66768758732378e-05    0.0366798539513941    0.0366786305610537
6.69999999999999    1.6694420055835e-05    0.0374086365244114    0.0374073875142792
6.79999999999999    1.66982004315497e-05    0.0381518502145321    0.0381505761013241
6.89999999999999    1.66865101818861e-05    0.0389097793833883    0.0389084808681963
6.99999999999999    1.66731146211232e-05    0.0396827139778742    0.0396813907310596
7.09999999999999    1.66574544553483e-05    0.0404709495416064    0.0404696012780675
7.19999999999999    1.66305807802043e-05    0.0412747874433658    0.0412734146188231
7.29999999999999    1.6596970377742e-05    0.0420945349329782    0.0420931376726698
7.39999999999999    1.65680965262069e-05    0.0429305051310798    0.0429290826011425
7.49999999999999    1.65412917086285e-05    0.0437830173220486    0.0437815688906847
7.59999999999999    1.65025213744824e-05    0.0446523973680585    0.0446509236380948
7.69999999999999    1.64486392941646e-05    0.0455389777255313    0.0455374796417359
7.79999999999999    1.63932875715741e-05    0.0464430971042858    0.0464415744191545
7.89999999999999    1.63481745022211e-05    0.0473651004015261    0.0473635517609902
7.99999999999999    1.63080192996067e-05    0.0483053392157592    0.0483037637126442
8.09999999999999    1.62591015483811e-05    0.0492641724612392    0.0492625705049201
8.19999999999999    1.61973255163109e-05    0.0502419664772916    0.0502403389326823
8.29999999999999    1.61317428217181e-05    0.0512390946950494    0.0512374415699211
8.39999999999999    1.60719418858298e-05    0.0522559374553553    0.0522542577735711
8.49999999999999    1.60174848448199e-05    0.0532928823209537    0.0532911751124291
8.59999999999999    1.59609248625121e-05    0.0543503246121619    0.0543485896769583
8.69999999999999    1.58977081135635e-05    0.0554286676993789    0.0554269053498358
8.79999999999998    1.58304203462111e-05    0.0565283229491132    0.0565265332432175
8.89999999999998    1.57642928086039e-05    0.0576497096192843    0.0576478920341317
8.99999999999998    1.57011610773473e-05    0.0587932549885181    0.0587914087727721
9.09999999999998    1.56387320550014e-05    0.0599593946914124    0.0599575193429249
9.19999999999998    1.55743346501568e-05    0.0611485730280795    0.0611466683610639
9.29999999999998    1.55078300097147e-05    0.0623612431099298    0.0623593089648095
9.39999999999998    1.54409471295122e-05    0.0635978669132641    0.0635959029209889
9.49999999999998    1.53749231820965e-05    0.0648589153845723    0.0648569210135521
9.59999999999998    1.53094687831158e-05    0.066144868642998    0.0661428433884002
9.69999999999998    1.52437428935687e-05    0.0674562162125371    0.0674541596734534
9.79999999999998    1.51776791083702e-05    0.0687934572141966    0.0687913689958542
9.89999999999998    1.51120634956432e-05    0.0701571005269303    0.0701549801218584
9.99999999999998    1.5047506439596e-05    0.0715476649741418    0.0715455117786431
10.1    1.49836761040622e-05    0.0729656795574982    0.0729634930020424
10.2    1.4919653211116e-05    0.0744116836951203    0.0744094633352161
10.3    1.48549366878815e-05    0.0758862274086692    0.0758839728719529
10.4    1.47900073773512e-05    0.0773898714581609    0.077387582298478
10.5    1.47259331728905e-05    0.078923187484038    0.0789208630830976
10.6    1.46634618933851e-05    0.0804867582194583    0.0804843978250457
10.7    1.46024489306843e-05    0.0820811777792545    0.0820787806418452
10.8    1.45420638160224e-05    0.0837070519696795    0.0837046174584991
10.9    1.44815119833483e-05    0.0853649985499745    0.0853625261572796
11    1.44206361028281e-05    0.0870556474207596    0.0870531366613421
11.1    1.43599564947053e-05    0.0887796407748684    0.0887770910679238
11.2    1.43002184648908e-05    0.0905376332743855    0.090535043895544
11.3    1.4241857198101e-05    0.0923302922957192    0.0923276624234975
11.4    1.41847702795968e-05    0.094158298235244    0.0941556270454734
11.5    1.41284924509369e-05    0.0960223448306908    0.096019631567077
11.6    1.4072572571149e-05    0.0979231394523958    0.0979203834302075
11.7    1.40168585494928e-05    0.0998614033485047    0.0998586039014135
11.8    1.39615339124211e-05    0.101837871863685    0.101835028277582
11.9    1.39069360796377e-05    0.10385329466754    0.10385040614545
12    1.38533264162645e-05    0.105908436019737    0.105905501692119
12.1    1.38007594340786e-05    0.108004075074898    0.108001094039522
12.2    1.37491043960053e-05    0.110141006209482    0.110137977570738
12.3    1.36981657075802e-05    0.112320039347031    0.11231696223216
12.4    1.36478066653703e-05    0.114542000267298    0.114538873815817
12.5    1.3598007017536e-05    0.116807730900199    0.116804554238706
12.6    1.35488379095173e-05    0.119118089616781    0.119114861837137
12.7    1.35003949007904e-05    0.121473951531112    0.12147067168276
12.8    1.34527374532355e-05    0.123876208820683    0.123872875917292
12.9    1.34058691393081e-05    0.126325771064217    0.12632238409611
13    1.33597536458392e-05    0.12882356559035    0.128820123534135
13.1    1.33143501001363e-05    0.131370537830551    0.13136703965046
13.2    1.32696354012852e-05    0.133967651673409    0.133964096316801
13.3    1.32256101034106e-05    0.13661588982165    0.136612276212457
13.4    1.31822855619856e-05    0.139316254155278    0.139312581190405
13.5    1.31396662465235e-05    0.142069766103563    0.142066032653999
13.6    1.3097740904232e-05    0.14487746702628    0.144873671940935
13.7    1.30564848602671e-05    0.147740418602572    0.147736560711865
13.8    1.30158719018735e-05    0.150659703225374    0.150655781341625
13.9    1.29758848842368e-05    0.153636424400488    0.15363243731511
14    1.29365236987999e-05    0.156671707151331    0.156667653629265
14.1    1.2897800419844e-05    0.159766698431844    0.159762577207019
14.2    1.2859731711918e-05    0.162922567550211    0.162918377323079
14.3    1.28223258845478e-05    0.166140506604872    0.166136246044066
14.4    1.2785577781178e-05    0.169421730932439    0.169417398678392
14.5    1.27494674864626e-05    0.172767479565492    0.172763074234931
14.6    1.27139656803337e-05    0.17617901569769    0.176174535886728
14.7    1.26790436919401e-05    0.179657627154193    0.179653071438146
14.8    1.26446803667334e-05    0.183204626866952    0.183199993797639
14.9    1.26108658760595e-05    0.186821353356068    0.18681664145743
15    1.2577601558354e-05    0.190509171219538    0.190504378982916
15.1    1.25448948009456e-05    0.194269471633969    0.194264597514945
15.2    1.25127531785056e-05    0.198103672868141    0.198098715285449
15.3    1.24811792574737e-05    0.202013220810125    0.20200817814662
15.4    1.2450167579381e-05    0.205999589507382    0.205994460112423
15.5    1.24197054010188e-05    0.210064281718435    0.210059063910251
15.6    1.23897743883351e-05    0.214208829474455    0.21420352154208
15.7    1.23603547897829e-05    0.218434794649503    0.218429394853126
15.8    1.23314291302435e-05    0.222743769538969    0.222738276108694
15.9    1.23029840724086e-05    0.227137377446621    0.227131788580306
16    1.22750120142569e-05    0.231617273281443    0.231611587141616
16.1    1.22475090192443e-05    0.23618514416574    0.236179358877229
16.2    1.22204733213961e-05    0.240842710055931    0.240836823704039
16.3    1.21939039741892e-05    0.245591724377056    0.245585735006282
16.4    1.21677985047046e-05    0.250433974671461    0.250427880285331
16.5    1.21421517068329e-05    0.255371283261609    0.255365081823182
16.6    1.21169557469046e-05    0.260405507926579    0.260399197359013
16.7    1.2092201046461e-05    0.265538542591713    0.265532120778481
16.8    1.20678764851174e-05    0.27077231803093    0.270765782816017
16.9    1.20439711615042e-05    0.276108802581537    0.276102151768727
17    1.20204750995641e-05    0.281550002871626    0.281543234223391
17.1    1.19973791793637e-05    0.287097964560504    0.287091075796866
17.2    1.19746761830085e-05    0.292754773092744    0.292747761889483
17.3    1.19523592040068e-05    0.298522554466585    0.298515418454274
17.4    1.19304231430165e-05    0.304403476017321    0.304396212779425
17.5    1.19088624779122e-05    0.310399747216239    0.310392354288475
17.6    1.18876713732151e-05    0.316513620485504    0.316506095355149
17.7    1.18668446372501e-05    0.32274739202925    0.322739732133832
17.8    1.18463754217752e-05    0.329103402681019    0.329095605408467
17.9    1.18262572921892e-05    0.335584038767677    0.335576101455175
18    1.18064834139702e-05    0.342191732989885    0.342183652923242
18.1    1.17870466840307e-05    0.348928965319312    0.34892073973226
18.2    1.17679402028861e-05    0.355798263912813    0.355789889985969
18.3    1.17491571905361e-05    0.36280220604386    0.362793680903727
18.4    1.17306912907301e-05    0.369943419051615    0.369934739769341
18.5    1.17125358948149e-05    0.377224581308043    0.377215744898642
18.6    1.16946858557221e-05    0.384648423203483    0.384639426623747
18.7    1.16771348631306e-05    0.392217728151113    0.392208568299459
18.8    1.16598772114231e-05    0.399935333610708    0.399926007325686
18.9    1.16429074973889e-05    0.407804132132053    0.407794636191039
19    1.16262198730916e-05    0.415827072418386    0.415817403536852
19.1    1.1609808699234e-05    0.424007160410195    0.423997315240456
19.2    1.15936684920598e-05    0.432347460389724    0.432337435519691
19.3    1.15777936967627e-05    0.440851096106531    0.440840888058635
19.4    1.15621783605331e-05    0.449521251924483    0.449510857154886
19.5    1.15468177192715e-05    0.458361173990574    0.458350588886947
19.6    1.15317063423596e-05    0.467374171426035    0.467363392306942
19.7    1.15168392585094e-05    0.476563617540193    0.476552640653453
19.8    1.15022119438909e-05    0.48593295106762    0.48592177258861
19.9    1.14878200215334e-05    0.495485677429094    0.4954742934593
20    1.147365941454e-05    0.505225370016995    0.505213776582368
20.1    1.14597269396337e-05    0.515155671505732    0.515143864554383
20.2    1.14460188364066e-05    0.525280295187871    0.525268270589198
20.3    1.1432532737239e-05    0.535603026336645    0.535590779878387
20.4    1.14192659326312e-05    0.546127723595554    0.546115250982565
20.5    1.14062169776993e-05    0.556858320395807    0.556845617247045
20.6    1.13933839995756e-05    0.567798826402343    0.567785888249625
20.7    1.13807659832526e-05    0.578953328989221    0.578940151274489
20.8    1.13683624153688e-05    0.59032599474507    0.590312572817953
20.9    1.13561722213475e-05    0.601921071009337    0.601907400125894
21    1.13441950429821e-05    0.613742887439933    0.613728962759855
21.1    1.13324301856294e-05    0.625795857612779    0.625781674197778
21.2    1.1320876280801e-05    0.638084480653647    0.638070033466277
21.3    1.13095319336306e-05    0.650613342902468    0.650598626804144
21.4    1.12983944624574e-05    0.663387119610145    0.663372129360793
21.5    1.1287460474931e-05    0.676410576667703    0.676395306924762
21.6    1.12767252627438e-05    0.689688572367459    0.68967301768577
21.7    1.12661832571312e-05    0.703226059195788    0.703210214026994
21.8    1.12558276251806e-05    0.717028085657054    0.717011944349668
21.9    1.12456507517126e-05    0.731099798128324    0.731083354927249
22    1.12356441621894e-05    0.745446442744702    0.745429691790965
22.1    1.12257996009688e-05    0.760073367315391    0.760056302644348
22.2    1.12161082060585e-05    0.774986023271019    0.774968638811815
22.3    1.12065623076706e-05    0.790189967643242    0.790172257215501
22.4    1.11971547455795e-05    0.805690865078099    0.805672822389539
22.5    1.11878798014591e-05    0.821494489885123    0.821476108527551
22.6000000000001    1.11787330936867e-05    0.837606728124579    0.837588001569816
22.7000000000001    1.11697122740656e-05    0.854033579735444    0.854014501329829
22.8000000000001    1.11608150422432e-05    0.870781160706922    0.870761723668901
22.9000000000001    1.11520422189712e-05    0.88785570529608    0.887835902708299
23.0000000000001    1.11433937450373e-05    0.905263568294029    0.90524339310208
23.1000000000001    1.11348716307536e-05    0.923011227342575    0.922990672348392
23.2000000000001    1.11264764482562e-05    0.941105285302714    0.941084343164142
23.3000000000001    1.11182095041523e-05    0.959552472675774    0.959531135902158
23.4000000000001    1.11100718164325e-05    0.978359650077288    0.978337911026861
23.5000000000001    1.11020620581532e-05    0.997533810763307    0.997511661644664
23.6000000000001    1.10941787351054e-05    1.01708208320828    1.01705951607781
23.7000000000001    1.10864192801255e-05    1.03701173373343    1.03698874049459
23.8000000000001    1.10787799912593e-05    1.05733016918448    1.05730674158738
23.9000000000001    1.10712557725096e-05    1.07804493965775    1.0780210692995
24.0000000000001    1.1063841610851e-05    1.09916374127386    1.09913941959587
24.1000000000001    1.10565318797644e-05    1.12069441899862    1.12066963728548
24.2000000000001    1.10493205806859e-05    1.14264496951143    1.14261971888927
24.3000000000001    1.10422021065774e-05    1.16502354412172    1.16499781555495
24.4000000000001    1.10351712619455e-05    1.18783845173489    1.18781223602269
24.5000000000001    1.10282236220768e-05    1.21109816186926    1.21107144964113
24.6000000000001    1.10213554291241e-05    1.23481130772641    1.23478408943778
24.7000000000001    1.10145638852424e-05    1.25898668931727    1.25895895524411
24.8000000000001    1.10078470330399e-05    1.28363327664653    1.2836050168801
24.9000000000001    1.10012036226613e-05    1.30876021295822    1.30873141739982
25.0000000000001    1.09946333825852e-05    1.33437681804498    1.33434747639977
25.1000000000001    1.09881362932935e-05    1.3604925916236    1.36046269339608
25.2000000000001    1.09817132808978e-05    1.38711721677915    1.38708675126659
25.3000000000001    1.0975365695902e-05    1.41426056347987    1.41422951976684
25.4000000000001    1.09690950660089e-05    1.44193269216477    1.4419010591182
25.5000000000001    1.09629026870337e-05    1.47014385740564    1.47011162367093
25.6000000000001    1.09567906834472e-05    1.49890451164507    1.49887166563898
25.7000000000001    1.09507604644919e-05    1.52822530901147    1.5281918389194
25.8000000000001    1.0944813402837e-05    1.55811710921229    1.55808300298354
25.9000000000001    1.0938950284567e-05    1.58859098150579    1.58855622685043
26.0000000000001    1.09331708349687e-05    1.61965820875164    1.61962279313907
26.1000000000001    1.09274746057929e-05    1.65133029154019    1.6512942021949
26.2000000000001    1.09218601677958e-05    1.68361895239995    1.68358217630007
26.3000000000001    1.09163246097877e-05    1.71653614008286    1.71649866396055
26.4000000000001    1.09108649481296e-05    1.75009403392653    1.75005584426391
26.5000000000001    1.09054768523804e-05    1.78430504829324    1.78426613132284
26.6000000000001    1.09001565321336e-05    1.81918183708565    1.81914217878436
26.7000000000001    1.08948990639176e-05    1.85473729833983    1.85469688442883
26.8000000000001    1.08897000103675e-05    1.89098457889697    1.89094339483587
26.9000000000001    1.08845551918594e-05    1.92793707915584    1.92789511013756
27.0000000000001    1.08794615729972e-05    1.96560845790918    1.96556568885111
27.1000000000001    1.08744161683031e-05    2.00401263726771    2.00396905280682
27.2000000000001    1.08694173917136e-05    2.04316380767627    2.04311939215859
27.3000000000001    1.08644653633914e-05    2.08307643302694    2.08303117049518
27.4000000000001    1.08595603590736e-05    2.12376525587439    2.12371913006132
27.5000000000001    1.08547034782811e-05    2.16524530275843    2.16519829707723
27.6000000000001    1.08498969970558e-05    2.20753188963837    2.20748398717087
27.7000000000001    1.08451430478223e-05    2.25064062744303    2.25059181093334
27.8000000000001    1.08404444732535e-05    2.29458742773943    2.29453767958353
27.9000000000001    1.083580300281e-05    2.33938850852192    2.33933781076522
28.0000000000001    1.0831220076131e-05    2.38506040012226    2.38500873445369
28.1000000000001    1.08266964688243e-05    2.43161995124033    2.4315672989881
28.2000000000001    1.08222318823144e-05    2.47908433509416    2.4790306772238
28.3000000000001    1.08178248610475e-05    2.52747105568762    2.52741637280072
28.4000000000001    1.08134731185117e-05    2.57679795419394    2.57674222652573
28.5000000000001    1.0809173792364e-05    2.62708321545358    2.62702642286938
28.6000000000001    1.08049231981255e-05    2.67834537458541    2.67828749657864
28.7000000000001    1.08007172432924e-05    2.73060332371112    2.73054433939939
28.8000000000001    1.07965519303932e-05    2.78387631879374    2.78381620691226
28.9000000000001    1.07924230862605e-05    2.83818398659238    2.83812272548877
29.0000000000001    1.07883274029628e-05    2.89354633173639    2.89348389935957
29.1000000000001    1.07842618899304e-05    2.94998374392377    2.9499201178154
29.2000000000001    1.07802251517066e-05    3.00751700524941    3.0074521625275
29.3000000000001    1.07762157193669e-05    3.06616729767004    3.0661012150217
29.4000000000001    1.07722339440661e-05    3.12595621061318    3.12588886427545
29.5000000000001    1.07682811289716e-05    3.18690574873734    3.18683711448234
29.6000000000002    1.07643589131265e-05    3.2490383398508    3.24896839297411
29.7000000000002    1.07604696440505e-05    3.31237684299511    3.31230555830122
29.8000000000002    1.0756615628052e-05    3.37694455669832    3.37687190849058
29.9000000000002    1.07527995625517e-05    3.44276522740167    3.44269118946892
30.0000000000002    1.07490229736836e-05    3.50986305806163    3.5097876036754
30.1000000000002    1.07452874778075e-05    3.57826271692786    3.57818581883103
30.2000000000002    1.07415930158496e-05    3.64798934649613    3.64791097690417
30.3000000000002    1.07379394745495e-05    3.71906857263452    3.71898870322568
30.4000000000002    1.07343251136137e-05    3.79152651388059    3.79144511579779
30.5000000000002    1.07307477775914e-05    3.86538979090751    3.86530683475188
30.6000000000002    1.07272042357323e-05    3.94068553615778    3.94060099198755
30.7000000000002    1.07236914608669e-05    4.0174414036443    4.01735524096413
30.8000000000002    1.0720206321516e-05    4.09568557892056    4.09559776667305
30.9000000000002    1.07167457284937e-05    4.17544678922326    4.17535729577925
31.0000000000002    1.071330665574e-05    4.25675431379288    4.25666310694136
31.1000000000002    1.07098877459786e-05    4.33963799437919    4.33954504130315
31.2000000000002    1.07064880305923e-05    4.42412824594039    4.42403351320242
31.3000000000002    1.07031067994269e-05    4.51025606754554    4.51015952107412
31.4000000000002    1.06997452025785e-05    4.59805305349001    4.59795465855061
31.5000000000002    1.06964042943585e-05    4.68755140463365    4.68745112581633
31.6000000000002    1.06930857250234e-05    4.77878393997053    4.77868174117069
31.7000000000002    1.0689791733624e-05    4.87178410843731    4.87167995283573
31.8000000000002    1.06865239876844e-05    4.96658600096594    4.96647985101944
31.9000000000002    1.06832843258499e-05    5.06322436278417    5.06311618020897
32.0000000000002    1.06800735134485e-05    5.16173460596549    5.16162435173292
32.1000000000002    1.06768922047761e-05    5.26215282222844    5.26204045655126
32.2000000000002    1.06737402725919e-05    5.36451579598393    5.36440127830968
32.3000000000002    1.06706162534439e-05    5.46886101762891    5.46874430663977
32.4000000000002    1.06675185724488e-05    5.57522669708397    5.57510775068416
32.5000000000002    1.06644451183869e-05    5.68365177757389    5.68353055288178
32.6000000000002    1.06613930002942e-05    5.79417594965142    5.79405240299477
32.7000000000002    1.06583598760827e-05    5.90683966546633    5.90671375236259
32.8000000000002    1.06553432774315e-05    6.0216841532847    6.02155582842852
32.9000000000002    1.06523411268861e-05    6.13875143226552    6.13862064950997
33.0000000000002    1.06493521609393e-05    6.25808432750415    6.25795103983586
33.1000000000002    1.06463761956158e-05    6.3797264853538    6.37959064486363
33.2000000000002    1.06434125939895e-05    6.50372238903783    6.50358394690976
33.3000000000002    1.06404625319851e-05    6.6301173745652    6.62997628103549
33.4000000000002    1.06375272019828e-05    6.75895764696151    6.75881385129948
33.5000000000002    1.06346080596842e-05    6.89029029682678    6.89014374731183
33.6000000000002    1.06317070351805e-05    7.02416331722898    7.02401396112378
33.7000000000002    1.06288255299415e-05    7.16062562093988    7.16047340447694
33.8000000000002    1.06259642657385e-05    7.29972705801771    7.2995719263884
33.9000000000002    1.06231242057428e-05    7.44151843373779    7.44136033106813
34.0000000000002    1.06203051142261e-05    7.58605152687114    7.58589039621874
34.1000000000002    1.06175063274091e-05    7.73337910830996    7.7332148916503
34.2000000000002    1.06147263866653e-05    7.88355496003827    7.88338759825706
34.3000000000002    1.06119635532725e-05    8.03663389444752    8.03646332732562
34.4000000000002    1.06092159813709e-05    8.19267177399867    8.19249794019428
34.5000000000002    1.06064819384718e-05    8.35172553123473    8.3515483682618
34.6000000000002    1.06037593920535e-05    8.51385318915131    8.51367263336444
34.7000000000002    1.06010468287211e-05    8.67911388193486    8.67892986850021
34.8000000000002    1.05983439822075e-05    8.84756787608121    8.84738033893328
34.9000000000002    1.05956500902002e-05    9.01927659190905    9.01908546373651
35.0000000000002    1.05929655046043e-05    9.1943026254838    9.19410783768608
35.1000000000002    1.05902907954974e-05    9.37270977096717    9.3725112536255
35.2000000000002    1.05876272256938e-05    9.55456304340737    9.55436072524582
35.3000000000002    1.05849758569014e-05    9.73992870198276    9.73972251034497
35.4000000000002    1.05823378555565e-05    9.92887427370996    9.92866413452954
35.5000000000002    1.05797142086141e-05    10.1214685776241    10.1212544154
35.6000000000002    1.0577105663255e-05    10.3177817494364    10.3175634872094
35.7000000000002    1.05745126388581e-05    10.517885266673    10.5176628260039
35.8000000000002    1.05719345287502e-05    10.7218519742951    10.7216252752575
35.9000000000002    1.05693707079809e-05    10.9297561108014    10.9295250719552
36.0000000000002    1.05668202524089e-05    11.1416733348142    11.1414378731834
36.1000000000002    1.05642815944074e-05    11.3576807521497    11.3574407832094
36.2000000000002    1.05617532755619e-05    11.5778569433782    11.5776123810242
36.3000000000002    1.05592336787348e-05    11.8022819918804    11.8020327484053
36.4000000000002    1.05567215817369e-05    12.0310375124125    12.0307834984674
36.5000000000002    1.05542166462856e-05    12.2642066801922    12.2639478047358
36.6000000000003    1.05517180183607e-05    12.5018742605254    12.5016104308055
36.7000000000003    1.05492259450177e-05    12.7441266389924    12.7438577604861
36.8000000000003    1.05467410274391e-05    12.9910518522118    12.9907778285827
36.9000000000003    1.05442638865607e-05    13.2427396192037    13.2424603522661
37.0000000000003    1.0541795569558e-05    13.4992813733685    13.4989967630396
37.1000000000003    1.05393370697939e-05    13.760770295095    13.760480239359
37.2000000000003    1.05368892277856e-05    14.0273013450105    14.0270057398843
37.3000000000003    1.05344522018151e-05    14.2989712978797    14.298670037394
37.4000000000003    1.05320264461667e-05    14.5758787771585    14.5755717533106
37.5000000000003    1.05296113644516e-05    14.8581242902056    14.8578113929515
37.6000000000003    1.0527207000408e-05    15.1458102641555    15.1454913813528
37.7000000000003    1.05248116051995e-05    15.4390410824576    15.4387160998804
37.8000000000003    1.05224246728299e-05    15.7379231220849    15.7375919233488
37.9000000000003    1.05200447685748e-05    16.042564791424    16.0422272579752
38.0000000000003    1.05176713659447e-05    16.3530765688562    16.3527325799038
38.1000000000003    1.0515303034306e-05    16.6695710420474    16.6692204745518
38.2000000000003    1.05129399579068e-05    16.9921629479653    16.9918056765436
38.3000000000003    1.05105815688413e-05    17.3209692136468    17.3206051105542
38.4000000000003    1.05082285172535e-05    17.656108997739    17.6557379327821
38.5000000000003    1.05058806433631e-05    17.9977037328369    17.9973255733553
38.6000000000003    1.05035392784196e-05    18.3458771686419    18.3454917794069
38.7000000000003    1.05012044993037e-05    18.7007554159591    18.7003626591697
38.8000000000003    1.04988772855195e-05    19.062466991553    19.062066726752
38.9000000000003    1.04965581278952e-05    19.4311428638734    19.430734947914
39.0000000000003    1.04942469693547e-05    19.8069164996635    19.8065007866792
39.1000000000003    1.0491944214955e-05    20.1899239114583    20.1895002527925
39.2000000000003    1.0489649141026e-05    20.5803037059811    20.5798719501799
39.3000000000003    1.04873612057753e-05    20.978197133444    20.9777571261969
39.4000000000003    1.04850798552803e-05    21.3837481377624    21.3832997218504
39.5000000000003    1.04828042462564e-05    21.7971034076937    21.7966464229478
39.6000000000003    1.04805332892631e-05    22.2184124289163    22.2179467121751
39.7000000000003    1.04782666647205e-05    22.6478275370667    22.6473529220872
39.8000000000003    1.04760038198062e-05    23.0855039717585    23.0850202891699
39.9000000000003    1.04737445324409e-05    23.5315999316103    23.5311070088408
40.0000000000003    1.04714890700636e-05    23.9862766303109    23.985774291504
40.1000000000003    1.04692376214288e-05    24.4496983537513    24.4491864197072
40.2000000000003    1.04669906495254e-05    24.9220325182535    24.9215108063516
40.3000000000003    1.04647487065735e-05    25.4034497299211    25.4029180540495
40.4000000000003    1.04625123177192e-05    25.894123845137    25.8935820156265
40.5000000000003    1.04602820150762e-05    26.3942320322268    26.3936798557814
40.6000000000003    1.04580576652673e-05    26.9039548343042    26.903392113967
40.7000000000003    1.04558395370934e-05    27.4234762333116    27.4229027683736
40.8000000000003    1.04536271371415e-05    27.9529837152684    27.9523993012394
40.9000000000003    1.04514198087365e-05    28.4926683367392    28.4920727652873
41.0000000000003    1.04492172666364e-05    29.0427247925359    29.0421178513952
41.1000000000003    1.04470188477763e-05    29.6033514846723    29.6027329575922
41.2000000000003    1.04448239485165e-05    30.1747505925936    30.1741202592621
41.3000000000003    1.04426320927355e-05    30.757128144707    30.7564857806681
41.4000000000003    1.04404429732346e-05    31.3506940912444    31.3500394678113
41.5000000000003    1.04382566953169e-05    31.9556623784913    31.9549952626413
41.6000000000003    1.04360735167997e-05    32.5722510244193    32.5715711787016
41.7000000000003    1.04338933852631e-05    33.2006821957567    33.1999893782288
41.8000000000003    1.04317167634083e-05    33.841182286533    33.8404762506411
41.9000000000003    1.04295443132225e-05    34.4939819981288    34.4932624926054
42.0000000000003    1.04273760785329e-05    35.1593164208602    35.1585831896759
42.1000000000003    1.04252120873835e-05    35.8374251171232    35.8366778993981
42.2000000000003    1.04230530768219e-05    36.5285522061188    36.5277907359787
42.3000000000003    1.04208983649131e-05    37.2329464501808    37.2321704567658
42.4000000000003    1.04187476381251e-05    37.9508613427258    37.9500705500709
42.5000000000003    1.04166007887823e-05    38.6825551978434    38.6817493247679
42.6000000000003    1.0414457215677e-05    39.428291241554    39.4274700016024
42.7000000000003    1.04123166428367e-05    40.1883377047585    40.1875008060775
42.8000000000003    1.04101787330372e-05    40.9629679179128    40.9621150631562
42.9000000000003    1.04080426995218e-05    41.7524604074646    41.7515912937289
43.0000000000003    1.04059090578864e-05    42.5570989940924    42.5562133127049
43.1000000000003    1.04037775383981e-05    43.3771728927904    43.3762703292664
43.2000000000003    1.04016483345725e-05    44.212976814846    44.2120570487398
43.3000000000003    1.03995217703343e-05    45.0648110717534    45.0638737765332
43.4000000000003    1.03973981993769e-05    45.9329816811062    45.9320265240353
43.5000000000003    1.03952777046635e-05    46.8178004745087    46.8168271165521
43.6000000000003    1.03931608609626e-05    47.7195852075411    47.7185933031995
43.7000000000004    1.03910470843425e-05    48.6386596718119    48.6376488691097
43.8000000000004    1.0388937000986e-05    49.5753538091257    49.5743237493718
43.9000000000004    1.03868298448989e-05    50.5300038277955    50.5289541455947
44.0000000000004    1.03847257985029e-05    51.5029523211313    51.5018826441643
44.1000000000004    1.03826242211551e-05    52.4945483881345    52.4934583371129
44.2000000000004    1.03805247153489e-05    53.505147756438    53.5040369449515
44.3000000000004    1.03784272576045e-05    54.5351129075326    54.533980941876
44.4000000000004    1.03763315400266e-05    55.5848132043269    55.5836596833954
44.5000000000004    1.03742376820744e-05    56.654625021095    56.6534495361983
44.6000000000004    1.03721452597504e-05    57.7449318758655    57.7437340106471
44.7000000000004    1.0370054776568e-05    58.856124565307    58.8549038954941
44.8000000000004    1.03679662861371e-05    59.9886013021688    59.9873573954739
44.9000000000004    1.03658803414273e-05    61.1427678553285    61.1415002712374
45.0000000000004    1.03637964359943e-05    62.319037692498    62.3177459822436
45.1000000000004    1.03617154011016e-05    63.5178321256342    63.5165158318745
45.2000000000004    1.03596369008409e-05    64.739580459097    64.7382391158995
45.3000000000004    1.0357560964677e-05    65.9847201405988    65.983353273233
45.4000000000004    1.03554874595544e-05    67.2536969149844    67.2523040397783
45.5000000000004    1.03534159453603e-05    68.546964980886    68.5455456051009
45.6000000000004    1.03513465551399e-05    69.8649871502976    69.8635407718814
45.7000000000004    1.0349278735508e-05    71.2082350111225    71.2067611186314
45.8000000000004    1.03472123979736e-05    72.5771890927481    72.5756871651073
45.9000000000004    1.03451473653631e-05    73.972339034711    73.9708085410477
46.0000000000004    1.03430837450431e-05    75.3941837585181    75.3926241579362
46.1000000000004    1.03410216915851e-05    76.8432316426935    76.8416423840775
46.2000000000004    1.03389608569777e-05    78.3200007011238    78.3183812230244
46.3000000000004    1.03369016878078e-05    79.8250187647684    79.8233684950846
46.4000000000004    1.03348443375985e-05    81.3588236668041    81.3571420226274
46.5000000000004    1.03327891016993e-05    82.9219634312699    82.9202498186563
46.6000000000004    1.03307357125367e-05    84.5149964652723    84.5132502791272
46.7000000000004    1.03286843476729e-05    86.138491754808    86.1367123786036
46.8000000000004    1.03266348992898e-05    87.7930290642632    87.7912158698717
46.9000000000004    1.03245871127956e-05    89.4791991396464    89.47735148715
47.0000000000004    1.03225409399124e-05    91.1976039156155    91.1957211530503
47.1000000000004    1.03204962053503e-05    92.9488567263644    92.9469381895183
47.2000000000004    1.03184528431366e-05    94.7335825204401    94.7316275326048
47.3000000000004    1.03164102584973e-05    96.5524180795687    96.5504259514076
47.4000000000004    1.03143688595131e-05    98.4060122415695    98.4039822706909
47.5000000000004    1.03123288394127e-05    100.295026127445    100.292957598196
47.6000000000004    1.03102896768153e-05    102.220133372742    102.218025556102
47.7000000000004    1.03082516600381e-05    104.182020363257    104.179872516429
47.8000000000004    1.03062152422614e-05    106.181386475196    106.179197841306
47.9000000000004    1.03041803593996e-05    108.218944319848    108.216714127787
48.0000000000004    1.03021467602298e-05    110.295419992874    110.293147457078
48.1000000000004    1.03001148757075e-05    112.411553328279    112.409237648305
48.2000000000004    1.02980844303989e-05    114.568098157149    114.565738517553
48.3000000000004    1.02960554924518e-05    116.765822571229    116.763418141208
48.4000000000004    1.02940277219507e-05    119.005509191421    119.003059124621
48.5000000000004    1.02920009045782e-05    121.287955441294    121.285458875495
48.6000000000004    1.02899755597302e-05    123.613973825687    123.611429882325
48.7000000000004    1.02879506556108e-05    125.984392214514    125.981799998762
48.8000000000004    1.0285926783939e-05    128.400054131866    128.397412731923
48.9000000000004    1.02839039100915e-05    130.861819050516    130.85912753745
49.0000000000004    1.02818818191167e-05    133.370562691955    133.367820119427
49.1000000000004    1.02798605912469e-05    135.927177332052    135.924382735913
49.2000000000004    1.02778405868931e-05    138.532572112457    138.52972451034
49.3000000000004    1.02758219394023e-05    141.187673357858    141.184771748891
49.4000000000004    1.02738041662625e-05    143.8934248992    143.89046826384
49.5000000000004    1.0271787814374e-05    146.650788402968    146.647775702352
49.6000000000004    1.02697725509252e-05    149.460743706629    149.457673882469
49.7000000000004    1.02677584951913e-05    152.32428916035    152.32116113444
49.8000000000004    1.02657453112915e-05    155.242441975101    155.239254649079
49.9000000000004    1.02637330810744e-05    158.216238577233    158.212990832083
50.0000000000004    1.02617215936701e-05    161.246734969681    161.243425665436
50.1000000000004    1.02597110100911e-05    164.335007099894    164.331635075127
50.2000000000004    1.02577008618809e-05    167.482151234635    167.478715306266
50.3000000000004    1.0255691482288e-05    170.689284341791    170.685783304417
50.4000000000004    1.02536828050134e-05    173.957544479322    173.953977104935
50.5000000000004    1.02516751705494e-05    177.288091191508    177.284456228927
50.6000000000004    1.02496683437752e-05    180.682105912622    180.678402087263
50.7000000000005    1.02476623720164e-05    184.140792378175    184.137018391511
50.8000000000005    1.02456574313556e-05    187.665377043863    187.661531572933
50.9000000000005    1.02436534235898e-05    191.257109512366    191.253191209415
51.0000000000005    1.02416502659681e-05    194.917262968116    194.913270460129
51.1000000000005    1.0239648037713e-05    198.647134620187    198.643066508358
51.2000000000005    1.02376465755209e-05    202.448046153445    202.443901012789
51.3000000000005    1.02356456944504e-05    206.321344188102    206.317120566977
51.4000000000005    1.02336455350494e-05    210.268400747833    210.264097167314
51.5000000000005    1.02316459244547e-05    214.290613736621    214.286228690118
51.6000000000005    1.02296470523249e-05    218.389407424496    218.384939377087
51.7000000000005    1.0227648631161e-05    222.566232942354    222.561680330461
51.8000000000005    1.0225650976357e-05    226.822568786013    226.817930016604
51.9000000000005    1.02236539595082e-05    231.159921329713    231.155194779946
52.0000000000005    1.0221657607833e-05    235.579825349216    235.575009365815
52.1000000000005    1.02196620257366e-05    240.0838445547    240.07893745335
52.2000000000005    1.02176672163261e-05    244.673572133612    244.668572198427
52.3000000000005    1.02156730188157e-05    249.35063130367    249.345536786681
52.4000000000005    1.0213679725475e-05    254.116675876172    254.11148499651
52.5000000000005    1.02116871482248e-05    258.973390829817    258.968101773334
52.6000000000005    1.02096951801211e-05    263.92249289521    263.917103813823
52.7000000000005    1.02077037043714e-05    268.965731150253    268.960240161323
52.8000000000005    1.02057125846528e-05    274.104887626631    274.099292812327
52.9000000000005    1.02037220384623e-05    279.341777927583    279.336077334039
53.0000000000005    1.02017319526314e-05    284.678251857214    284.672443494033
53.1000000000005    1.01997424353062e-05    290.116194061539    290.110275900991
53.2000000000005    1.01977534175639e-05    295.6575246815    295.651494657928
53.3000000000005    1.01957652595232e-05    301.30420001819    301.298056027043
53.4000000000005    1.01937773436176e-05    307.058213210495    307.051953108196
53.5000000000005    1.01917902511806e-05    312.921594925395    312.915216527882
53.6000000000005    1.01898035651505e-05    318.896414061142    318.889915143731
53.7000000000005    1.0187817870792e-05    324.984778463547    324.97815675954
53.8000000000005    1.01858324213801e-05    331.188835655617    331.18208885638
53.9000000000005    1.01838476271008e-05    337.510773580772    337.503899334197
54.0000000000005    1.0181863288463e-05    343.952821359883    343.945817269988
54.1000000000005    1.01798792455909e-05    350.517250062412    350.510113688502
54.2000000000005    1.0177895738348e-05    357.2063734919    357.199102347452
54.3000000000005    1.0175912674813e-05    364.022548986077    364.015140538125
54.4000000000005    1.01739297444936e-05    370.968178231899    370.96062990033
54.5000000000005    1.01719476326908e-05    378.045708095761    378.038017251701
54.6000000000005    1.01699658167047e-05    385.257631469204    385.249795435011
54.7000000000005    1.01679845841329e-05    392.606488130396    392.598504178139
54.8000000000005    1.01660039488145e-05    400.094865621667    400.086730972397
54.9000000000005    1.01640236825338e-05    407.725400143404    407.717111966399
55.0000000000005    1.01620437578224e-05    415.500777464586    415.492332876237
55.1000000000005    1.01600647503196e-05    423.423733850266    423.415129912577
55.2000000000005    1.01580857728874e-05    431.497057006304    431.488290727121
55.3000000000005    1.01561074230202e-05    439.723587041672    439.71465537241
55.4000000000005    1.01541292342317e-05    448.106217448641    448.097117284159
55.5000000000005    1.01521514945087e-05    456.647896101203    456.63862427809
55.6000000000005    1.01501742604347e-05    465.351626272065    465.342179567753
55.7000000000005    1.01481973744826e-05    474.220467668576    474.210842800441
55.8000000000005    1.01462207749344e-05    483.257537487937    483.247731112102
55.9000000000005    1.01442444322858e-05    492.466011492064    492.456020202228
56.0000000000005    1.01422687917304e-05    501.849125102459    501.838945428265
56.1000000000005    1.01402934329892e-05    511.410174515475    511.399802922178
56.2000000000005    1.01383185100158e-05    521.152517838334    521.14195072503
56.3000000000005    1.01363441579369e-05    531.07957624626    531.068809944671
56.4000000000005    1.01343701088657e-05    541.194835161143    541.183865934789
56.5000000000005    1.01323962051716e-05    551.501845452088    551.490669494915
56.6000000000005    1.0130422873747e-05    562.004224658265    561.992838092711
56.7000000000005    1.01284497086061e-05    572.705658234486    572.694057111073
56.8000000000005    1.0126477123137e-05    583.609900819911    583.598081114984
56.9000000000005    1.01245045806346e-05    594.720777530341    594.708735145791
57.0000000000005    1.01225324865994e-05    606.042185274526    606.029916035304
57.1000000000005    1.01205608615075e-05    617.578094094948    617.565593748083
57.2000000000005    1.01185892728007e-05    629.332548533547    629.319812747266
57.3000000000005    1.01166181221339e-05    641.309669022826    641.296693384057
57.4000000000005    1.01146475619557e-05    653.513653302819    653.500433315974
57.5000000000005    1.01126771857291e-05    665.948777864403    665.935308950584
57.6000000000005    1.01107071863607e-05    678.619399419406    678.605676914073
57.7000000000005    1.01087375237155e-05    691.529956398015    691.515975549706
57.8000000000006    1.01067683247398e-05    704.684970473969    704.670726442453
57.9000000000006    1.01047994121949e-05    718.08904811807    718.074535973129
58.0000000000006    1.01028304921809e-05    731.74688218052    731.732096900465
58.1000000000006    1.01008620409655e-05    745.663253502619    745.648189971469
58.2000000000006    1.00988937924847e-05    759.843032558386    759.827685565204
58.3000000000006    1.00969258311561e-05    774.291181126667    774.275545363285
58.4000000000006    1.00949584035452e-05    789.012753994287    788.996824053236
58.5000000000006    1.00929909066908e-05    804.012900690843    803.996671064857
58.6000000000006    1.00910241098064e-05    819.296867255695    819.280332333668
58.7000000000006    1.00890574740553e-05    834.869998037759    834.853152104931
58.8000000000006    1.00870909223962e-05    850.737737528718    850.720574764021
58.9000000000006    1.00851249620123e-05    866.905632230208    866.888146703289
59.0000000000006    1.00831591153373e-05    883.37933255565    883.361518226536
59.1000000000006    1.00811935697271e-05    900.164594767345    900.146445483263
59.2000000000006    1.00792284409429e-05    917.267282949462    917.24879244286
59.3000000000006    1.00772633442962e-05    934.693371017625    934.67453290497
59.4000000000006    1.0075298623975e-05    952.448944765743    952.429752544025
59.5000000000006    1.00733341615125e-05    970.540203950801    970.520650996182
59.6000000000006    1.00713700284468e-05    988.973464416318    988.953543981527
59.7000000000006    1.00694059491485e-05    1007.75516025519    1007.73486546793
59.8000000000006    1.00674423434994e-05    1026.89184601263    1026.87116987188
59.9000000000006    1.00654788960301e-05    1046.39019892996    1046.36913430506
60.0000000000006    1.00635158346314e-05    1066.25702123002    1066.23556085715
60.1000000000006    1.00615529403852e-05    1086.49924244487    1086.47737892556
60.2000000000006    1.00595902923893e-05    1107.12392178672    1107.10164758468
60.3000000000006    1.00576278903918e-05    1128.13825056262    1128.11555800138
60.4000000000006    1.00556657210254e-05    1149.54955463402    1149.5264358944
60.5000000000006    1.00537039283871e-05    1171.36529692182    1171.34174403884
60.6000000000006    1.00517423771881e-05    1193.59307995777    1193.56908481868
60.7000000000006    1.00497809245946e-05    1216.2406484832    1216.21620282474
60.8000000000006    1.00478196483568e-05    1239.31589209586    1239.29098750095
60.9000000000006    1.00458586866062e-05    1262.82684794575    1262.80147584051
61.0000000000006    1.00438980009338e-05    1286.78170348096    1286.75585513221
61.1000000000006    1.00419375572453e-05    1311.18879924427    1311.16246575661
61.2000000000006    1.00399771965268e-05    1336.05663172166    1336.02980403478
61.3000000000006    1.00380173802229e-05    1361.39385624339    1361.36652512736
61.4000000000006    1.00360575802188e-05    1387.20928993892    1387.18144599374
61.5000000000006    1.00340981035763e-05    1413.51191474641    1413.48354839659
61.6000000000006    1.00321388002307e-05    1440.31088047794    1440.28198197052
61.7000000000006    1.0030179761131e-05    1467.61550794142    1467.58606734198
61.8000000000006    1.00282209911013e-05    1495.43529212026    1495.40529930986
61.9000000000006    1.00262622548776e-05    1523.77990541186    1523.74935008431
62.0000000000006    1.00243036540204e-05    1552.65920092603    1552.62807258347
62.1000000000006    1.00223456145246e-05    1582.0832158444    1582.05150379267
62.2000000000006    1.00203876359023e-05    1612.062174842    1612.02986818995
62.3000000000006    1.0018429796787e-05    1642.60649357217    1642.57358122622
62.4000000000006    1.00164723250284e-05    1673.72678221585    1673.69325287571
62.5000000000006    1.00145150117341e-05    1705.43384909656    1705.39969125287
62.6000000000006    1.0012557764962e-05    1737.73870436219    1737.70390629229
62.7000000000006    1.00106009666323e-05    1770.65256373481    1770.61711349715
62.8000000000006    1.00086443571458e-05    1804.18685232984    1804.15073776218
62.9000000000006    1.00066877657058e-05    1838.35320854578    1838.31641726082
63.0000000000006    1.00047313664467e-05    1873.16348802581    1873.12600740578
63.1000000000006    1.00027753685322e-05    1908.62976769254    1908.59158488482
63.2000000000006    1.00008193700446e-05    1944.76434985747    1944.72545177253
63.3000000000006    9.9988636964365e-06    1981.57976640625    1981.5401397105
63.4000000000006    9.99690815153249e-06    2019.08878306133    2019.04841417466
63.5000000000006    9.99495298343449e-06    2057.30440372338    2057.26327881284
63.6000000000006    9.99299769412883e-06    2096.23987489291    2096.19797987109
63.7000000000006    9.99104306280478e-06    2135.90869017353    2135.86601068854
63.8000000000006    9.98908827894164e-06    2176.3245948584    2176.28111629571
63.9000000000006    9.9871338751096e-06    2217.50159060135    2217.4572980732
64.0000000000006    9.9851796099592e-06    2259.45394017424    2259.40881851797
64.1000000000006    9.98322540447033e-06    2302.19617231214    2302.1502060844
64.2000000000006    9.981271454555e-06    2345.74308664791    2345.69626011828
64.3000000000006    9.97931776562873e-06    2390.10975873796    2390.06205588445
64.4000000000006    9.97736437355188e-06    2435.31154518065    2435.26294968421
64.5000000000006    9.97541085293476e-06    2481.36408882933    2481.31458407064
64.6000000000006    9.97345773501339e-06    2528.28332410142    2528.23289315064
64.7000000000006    9.97150472682681e-06    2576.08548238557    2576.03410800072
64.8000000000006    9.96955195155032e-06    2624.78709754859    2624.73476216769
64.9000000000006    9.9675993693893e-06    2674.40501154398    2674.35169727998
65.0000000000006    9.9656469927703e-06    2724.95638012382    2724.90206875836
65.1000000000006    9.96369473531857e-06    2776.45867865618    2776.403351634
65.2000000000006    9.96174267151113e-06    2828.92970804963    2828.87334647152
65.3000000000006    9.95979085943514e-06    2882.38760078714    2882.33018540363
65.4000000000006    9.95783917745384e-06    2936.85082707114    2936.79233827711
65.5000000000006    9.95588776401675e-06    2992.33820108195    2992.27861890858
65.6000000000005    9.9539364531642e-06    3048.86888735157    3048.80819146141
65.7000000000005    9.95198530240115e-06    3106.46240725502    3106.40057693391
65.8000000000005    9.95003420443644e-06    3165.13864562129    3165.07565977243
65.9000000000005    9.94808369594873e-06    3224.91785746617    3224.85369459895
66.0000000000005    9.94613291236262e-06    3285.82067484926    3285.75531308104
66.1000000000005    9.9441824300242e-06    3347.86811385721    3347.80153089678
66.2000000000005    9.94223222686724e-06    3411.08158171569    3411.01375485958
66.3000000000005    9.9402822331965e-06    3475.48288403238    3475.41379015766
66.4000000000005    9.93833226248545e-06    3541.0942321734    3541.02384773079
66.5000000000005    9.9363825920795e-06    3607.93825077559    3607.86655177836
66.6000000000005    9.93443303772765e-06    3676.03798539715    3675.96494741632
66.7000000000005    9.93248355443076e-06    3745.41691030923    3745.34250846449
66.8000000000005    9.93053439652161e-06    3816.09893643092    3816.02314538007
66.9000000000005    9.92858531457475e-06    3888.10841941052    3888.03121334476
67.0000000000005    9.92663646648903e-06    3961.47016785547    3961.39152048772
67.1000000000005    9.92468789858334e-06    4036.20945171392    4036.12933627084
67.2000000000005    9.92273930177547e-06    4112.35201081052    4112.27040002648
67.3000000000005    9.9207908821422e-06    4189.92406353941    4189.84092964327
67.4000000000004    9.91884267331935e-06    4268.95231571707    4268.86763042425
67.5000000000004    9.91689473319764e-06    4349.46396959824    4349.37770410106
67.6000000000004    9.91494673784211e-06    4431.48673305763    4431.39885801905
67.7000000000004    9.91299917056533e-06    4515.04882894061    4514.95931447737
67.8000000000004    9.91105161348479e-06    4600.17900458592    4600.08782026656
67.9000000000004    9.90910424681447e-06    4686.90654152362    4686.813656353
68.0000000000004    9.90715712928706e-06    4775.2612653514    4775.16664776141
68.1000000000004    9.90520982139776e-06    4865.27355579257    4865.17717363644
68.2000000000004    9.90326310066531e-06    4956.97435693905    4956.87617746887
68.3000000000004    9.90131642612186e-06    5050.3951876827    5050.29517755127
68.4000000000004    9.89936992575579e-06    5145.56815233858    5145.46627758184
68.5000000000004    9.89742365439738e-06    5242.52595146338    5242.42217748975
68.6000000000004    9.89547732206579e-06    5341.30189287284    5341.19618445537
68.7000000000004    9.89353135850983e-06    5441.92990286162    5441.82222411865
68.8000000000004    9.89158552266418e-06    5544.44453762942    5544.33485201974
68.9000000000004    9.88963978630605e-06    5648.88099491715    5648.76926522564
69.0000000000004    9.8876942413051e-06    5755.27512585688    5755.16131418078
69.1000000000003    9.8857488243545e-06    5863.6634470396    5863.54751477762
69.2000000000003    9.88380337796995e-06    5974.0831528047    5973.9650606454
69.3000000000003    9.88185844087708e-06    6086.57212775521    6086.45183565561
69.4000000000003    9.87991349487795e-06    6201.16895950309    6201.04642668793
69.5000000000003    9.87796847816024e-06    6317.91295164857    6317.78813659152
69.6000000000003    9.87602405510208e-06    6436.8441369978    6436.71699739836
69.7000000000003    9.87407968629626e-06    6558.00329102333    6557.87378380794
69.8000000000003    9.87213538013374e-06    6681.43194557188    6681.3000268728
69.9000000000003    9.87019117517698e-06    6807.17240282358    6807.03802796393
70.0000000000003    9.86824722094449e-06    6935.2677495076    6935.13087298494
70.1000000000003    9.86630344937574e-06    7065.76187137878    7065.62244685294
70.2000000000003    9.86435972228604e-06    7198.69946796004    7198.55744823881
70.3000000000003    9.86241629093233e-06    7334.12606755533    7333.98140457324
70.4000000000003    9.86047283003211e-06    7472.08804253817    7471.94068734891
70.5000000000003    9.85852970312065e-06    7612.63262492076    7612.4825276708
70.6000000000003    9.85658665763854e-06    7755.8079222088    7755.65503213
70.7000000000003    9.85464377427683e-06    7901.66293354721    7901.50719893505
70.8000000000003    9.85270114703008e-06    8050.24756616208    8050.08893435818
70.9000000000002    9.85075850696161e-06    8201.6126521042    8201.4510694847
71.0000000000002    9.84881602668505e-06    8355.80996529976    8355.64537725055
71.1000000000002    9.84687371636398e-06    8512.89223891367    8512.72458981481
71.2000000000002    9.84493165722043e-06    8672.91318303143    8672.74241623751
71.3000000000002    9.84298973343993e-06    8835.92750266523    8835.75356048996
71.4000000000002    9.8410478684181e-06    9001.9909160902    9001.81373978677
71.5000000000002    9.83910622272095e-06    9171.16017351682    9170.97970325422
71.6000000000002    9.83716469046163e-06    9343.49307610573    9343.3092509537
71.7000000000002    9.83522333052663e-06    9519.04849533104    9518.86125323692
71.8000000000002    9.83328228882065e-06    9697.88639269858    9697.69567046499
71.9000000000002    9.83134115868385e-06    9880.06783982555    9879.87357310025
72.0000000000002    9.82940021852908e-06    10065.6550388882    10065.4571621295
72.1000000000002    9.82745949847656e-06    10254.7113434439    10254.5097899038
72.2000000000002    9.82551878012266e-06    10447.301279635    10447.0959813423
72.3000000000002    9.82357844499828e-06    10643.4905677812    10643.2814555063
72.4000000000002    9.82163814777754e-06    10843.3461443671    10843.1331476148
72.5000000000002    9.81969808040465e-06    11046.9361844329    11046.7192314073
72.6000000000002    9.81775820893699e-06    11254.3301243753    11254.1091419609
72.7000000000001    9.81581823872272e-06    11465.5986851649    11465.373598909
72.8000000000001    9.81387843254121e-06    11680.8138959908    11680.5846300657
72.9000000000001    9.81193881942533e-06    11900.0491183358    11899.8155955193
73.0000000000001    9.8099996217578e-06    12123.379070494    12123.1412121392
73.1000000000001    9.80806027564142e-06    12350.8798525367    12350.6375785649
73.2000000000001    9.80612122943645e-06    12582.6289717355    12582.3822005852
73.3000000000001    9.80418232709707e-06    12818.70536845    12818.454017065
73.4000000000001    9.80224347869054e-06    13059.1894424903    13058.9334262907
73.5000000000001    9.80030482793418e-06    13304.1630799613    13303.9023128096
73.6000000000001    9.79836638078636e-06    13553.7096805982    13553.4440747741
73.7000000000001    9.79642796970692e-06    13807.9141856024    13807.6436517792
73.8000000000001    9.7944897847879e-06    14066.8631059865    14066.5875531914
73.9000000000001    9.79255166496555e-06    14330.6445514382    14330.3638870323
74.0000000000001    9.7906138080351e-06    14599.348259711    14599.0623893485
74.1000000000001    9.78867611081783e-06    14873.065626554    14872.7744541598
74.2000000000001    9.78673845674075e-06    15151.8897361881    15151.5931639266
74.3000000000001    9.78480107288281e-06    15435.9153923393    15435.613320572
74.4    9.78286372119709e-06    15725.2391498402    15724.931477107
74.5    9.78092652210873e-06    16019.9593468086    16019.6459697832
74.6    9.77898953928361e-06    16320.1761374145    16319.8569508724
74.7    9.77705255915026e-06    16625.9915252462    16625.6664220388
74.8    9.77511583784894e-06    16937.5093972862    16937.1782682903
74.9    9.77317932176208e-06    17254.8355585077    17254.4982925997
75    9.77124285022204e-06    17578.0777671041    17577.7342511273
75.1    9.76930671666314e-06    17907.3457703612    17906.9958890727
75.2    9.76737053849229e-06    18242.7513411857    18242.3949772425
75.3    9.76543434754576e-06    18584.4083153005    18584.0453492064
75.4    9.76349851749254e-06    18932.4326291193    18932.062939173
75.5    9.76156278183988e-06    19286.9423583135    19286.5658205917
75.6    9.75962739531265e-06    19648.0577570829    19647.6742453803
75.7    9.75769190568708e-06    20015.901298144    20015.5106839593
75.8    9.75575667586362e-06    20390.5977134485    20390.1998659103
75.9    9.75382161985225e-06    20772.2740356446    20771.8688214858
76    9.75188647960992e-06    21161.0596402959    21160.6469238179
76.1    9.74995179792581e-06    21557.0862888711    21556.6659318651
76.1999999999999    9.74801690548186e-06    21960.4881725173    21960.0600342709
76.2999999999999    9.74608251260282e-06    22371.4019566337    22370.9658938248
76.3999999999999    9.74414818796191e-06    22789.9668262575    22789.5226929573
76.4999999999999    9.74221385998891e-06    23216.324532279    23215.8721798886
76.5999999999999    9.74027984283804e-06    23650.6194384987    23650.1587156827
76.6999999999999    9.73834594438828e-06    24092.9985695444    24092.5293222043
76.7999999999999    9.73641207278126e-06    24543.6116596612    24543.1337308808
76.8999999999999    9.73447833868635e-06    25002.611202392    25002.1244323761
76.9999999999999    9.73254474755678e-06    25470.1525011641    25469.6567271913
77.0999999999999    9.7306114734545e-06    25946.3937207982    25945.8887771587
77.1999999999999    9.72867819847698e-06    26431.495939957    26430.9816579237
77.2999999999999    9.7267452224785e-06    26925.6232045501    26925.0994122911
77.3999999999999    9.72481220211616e-06    27428.9425821119    27428.4091046688
77.4999999999999    9.72287932735792e-06    27941.624217172    27941.0808763739
77.5999999999999    9.72094676909009e-06    28463.8413876336    28463.288002039
77.6999999999999    9.71901419761532e-06    28995.7705621805    28995.2069470468
77.7999999999999    9.71708187839288e-06    29537.5914587301    29537.0174259187
77.8999999999998    9.71514951407367e-06    30089.4871039514    30088.9024618993
77.9999999999998    9.71321746111431e-06    30651.6438938674    30651.0484474858
78.0999999999998    9.71128556407198e-06    31224.2516555621    31223.6452062028
78.1999999999998    9.70935390961904e-06    31807.5037100114    31806.8860553874
78.2999999999998    9.70742221235466e-06    32401.5969360589    32400.9678702019
78.3999999999998    9.70549064283149e-06    33006.7318355567    33006.0911487209
78.4999999999998    9.70355919172862e-06    33623.1125996922    33622.4600782973
78.5999999999998    9.70162790587313e-06    34250.9471765236    34250.2826030811
78.6999999999998    9.69969696409782e-06    34890.4473397443    34889.7704927772
78.7999999999998    9.69776602595104e-06    35541.8287587006    35541.1394127068
78.8999999999998    9.69583524324836e-06    36205.3110696828    36204.6089950278
78.9999999999998    9.69390458527922e-06    36881.1179485149    36880.4029113696
79.0999999999998    9.6919741661347e-06    37569.4771844653    37568.7489467187
79.1999999999998    9.69004369011251e-06    38270.6207555028    38269.8790747154
79.2999999999998    9.68811345771441e-06    38984.7849049224    38984.029534202
79.3999999999998    9.68618356645213e-06    39712.2102193649    39711.4409073006
79.4999999999998    9.68425343354404e-06    40453.1417082569    40452.3581988917
79.5999999999998    9.68232367685501e-06    41207.8288846958    41207.0309173475
79.6999999999997    9.68039410258572e-06    41976.5258478054    41975.713157046
79.7999999999997    9.67846462197946e-06    42759.491366591    42758.6636821528
79.8999999999997    9.67653518363673e-06    43556.988965319    43556.1460120034
79.9999999999997    9.67460604772242e-06    44369.287010449    44368.4285080098
80.0999999999997    9.6726768495239e-06    45196.6587991475    45195.7844622542
80.1999999999997    9.67074795751361e-06    46039.3826494102    46038.4921874902
80.2999999999997    9.66881914985314e-06    46897.7419918236    46896.8351090204
80.3999999999997    9.66689040110783e-06    47772.0254629946    47771.1018580542
80.4999999999997    9.66496191038302e-06    48662.5270006783    48661.5863668296
80.5999999999997    9.66303365707498e-06    49569.5459406349    49568.5879655102
80.6999999999997    9.6611053696824e-06    50493.3871152474    50492.4114808063
80.7999999999997    9.65917733166879e-06    51434.360953931    51433.3673363017
80.8999999999997    9.65724927859662e-06    52392.7835853669    52391.7716547964
80.9999999999997    9.65532150170483e-06    53368.9769415942    53367.9463622836
81.0999999999997    9.65339385739275e-06    54363.2688639923    54362.2192940327
81.1999999999997    9.65146641505215e-06    55375.9932111889    55374.9243024281
81.2999999999997    9.64953909922695e-06    56407.4899689286    56406.4013668733
81.3999999999997    9.64761174513931e-06    57458.1053619363    57456.9967056478
81.4999999999996    9.64568467930117e-06    58528.1919678115    58527.0628897331
81.5999999999996    9.64375787882877e-06    59618.1088329923    59616.9589588679
81.6999999999996    9.64183109480329e-06    60728.2215908243    60727.0505396048
81.7999999999996    9.63990444363561e-06    61858.9025817726    61857.7099654496
81.8999999999996    9.63797789028058e-06    63010.5309758174    63009.3163993146
81.9999999999996    9.63605158409642e-06    64183.4928970691    64182.2559580915
82.0999999999996    9.63412526257256e-06    65378.1815506481    65376.9218396033
82.1999999999996    9.63219911236202e-06    66594.9973518647    66593.7144516731
82.2999999999996    9.63027315074248e-06    67834.3480577449    67833.0415437254
82.3999999999996    9.62834741290382e-06    69096.6489009416    69095.3183406713
82.4999999999996    9.62642168109683e-06    70382.3227260764    70380.9676792858
82.5999999999996    9.62449628568414e-06    71691.8001285545    71690.420146908
82.6999999999996    9.62257092235219e-06    73025.5195958971    73024.1142229375
82.7999999999996    9.62064563639825e-06    74383.9276516384    74382.4964225897
82.8999999999996    9.61872052213806e-06    75767.4790018312    75766.0214434407
82.9999999999996    9.61679543710939e-06    77176.6366842105    77175.1523146304
83.0999999999996    9.61487071859791e-06    78611.8722200602    78610.3605486181
83.1999999999995    9.61294608296879e-06    80073.6657688352    80072.1262959707
83.2999999999995    9.61102143436197e-06    81562.5062855861    81560.9385026618
83.3999999999995    9.60909716148389e-06    83078.891681237    83077.2950702945
83.4999999999995    9.60717304432207e-06    84623.3289857685    84621.7030194591
83.5999999999995    9.60524886027061e-06    86196.3345143603    86194.6786557775
83.6999999999995    9.60332478990876e-06    87798.434036542    87796.7477389799
83.7999999999995    9.60140111410393e-06    89430.1629484096    89428.4456551656
83.8999999999995    9.59947725345347e-06    91092.066447964    91090.3175923124
83.9999999999995    9.59755378860991e-06    92784.6997136249    92782.9187184256
84.0999999999995    9.59563042807613e-06    94508.6280859779    94506.814363647
84.1999999999995    9.59370716521171e-06    96264.427252816    96262.580205085
84.2999999999995    9.59178404752384e-06    98052.6834375301    98050.8024552425
84.3999999999995    9.58986109824673e-06    99873.9935909129    99872.0780538309
84.4999999999995    9.58793820108116e-06    101728.965586436    101727.014863068
84.5999999999995    9.58601558067214e-06    103618.21841906    103616.231866391
84.6999999999995    9.58409306113788e-06    105542.382407651    105540.35937101
84.7999999999995    9.58217066736345e-06    107502.099401052    107500.039213866
84.8999999999995    9.58024832731507e-06    109498.022987895    109495.924971491
84.9999999999994    9.57832627614983e-06    111530.818710198    111528.68217352
85.0999999999994    9.57640433150378e-06    113601.164280843    113598.988520315
85.1999999999994    9.57448245089967e-06    115709.749804974    115707.534104251
85.2999999999994    9.57256062765042e-06    117857.278005417    117855.021635138
85.3999999999994    9.57063909089102e-06    120044.46445216    120042.166669663
85.4999999999994    9.56871777096529e-06    122272.037796003    122269.697845151
85.5999999999994    9.56679653641028e-06    124540.740006422    124538.357117379
85.6999999999994    9.56487543791008e-06    126851.326613742    126848.900002676
85.7999999999994    9.56295424459e-06    129204.566955686    129202.095824594
85.8999999999994    9.56103354786021e-06    131601.244428385    131598.727964619
85.9999999999994    9.55911293685435e-06    134042.156741925    134039.594118192
86.0999999999994    9.5571923908273e-06    136528.116180515    136525.50655451
86.1999999999994    9.55527192879696e-06    139059.949867365    139057.292381488
86.2999999999994    9.55335148739969e-06    141638.50003434    141635.793815443
86.3999999999994    9.55143141107044e-06    144264.624296494    144261.868455488
86.4999999999994    9.54951146367325e-06    146939.195931571    146936.389563299
86.5999999999994    9.54759167893177e-06    149663.104164551    149660.24634742
86.6999999999993    9.54567182155676e-06    152437.254457339    152434.34425311
86.7999999999993    9.54375220446191e-06    155262.568803687    155259.605257003
86.8999999999993    9.54183283751163e-06    158139.986029448    158136.968167621
86.9999999999993    9.53991356949952e-06    161070.462098252    161067.388930996
87.0999999999993    9.53799444260409e-06    164054.970422703    164051.84094176
87.1999999999993    9.53607529181837e-06    167094.502181198    167091.31536008
87.2999999999993    9.53415653947317e-06    170190.066640464    170186.821433931
87.3999999999993    9.53223772350153e-06    173342.691483926    173339.386827941
87.4999999999993    9.53031919001122e-06    176553.423146    176550.057957118
87.5999999999993    9.52840082535508e-06    179823.327152419    179819.900327594
87.6999999999993    9.52648252717459e-06    183153.48846671    183149.998882939
87.7999999999993    9.52456437737492e-06    186545.011842919    186541.458356816
87.8999999999993    9.52264613422371e-06    189999.022184705    189995.403632255
87.9999999999993    9.52072837586911e-06    193516.664910914    193512.98010679
88.0999999999993    9.5188107230988e-06    197099.106327748    197095.354065291
88.1999999999993    9.51689306470784e-06    200747.534007659    200743.713058395
88.2999999999993    9.51497565961462e-06    204463.157175068    204459.266288162
88.3999999999993    9.51305834516066e-06    208247.207099044    208243.245001073
88.4999999999992    9.51114115082887e-06    212100.937493074    212096.902887538
88.5999999999992    9.50922416280667e-06    216025.624922037    216021.516488921
88.6999999999992    9.50730729031168e-06    220022.569216522    220018.385611944
88.7999999999992    9.50539058111701e-06    224093.093894612    224088.833750338
88.8999999999992    9.50347382307936e-06    228238.54659128    228234.208514401
88.9999999999992    9.50155742830433e-06    232460.299495524    232455.882067726
89.0999999999992    9.49964109794388e-06    236759.749795384    236755.251572816
89.1999999999992    9.49772493000304e-06    241138.320130977    241133.739643612
89.2999999999992    9.49580879114593e-06    245597.459055708    245592.794806977
89.3999999999992    9.49389308474891e-06    250138.641505779    250133.891971833
89.4999999999992    9.49197716725051e-06    254763.369278174    254758.532907913
89.5999999999992    9.49006165082915e-06    259473.171517249    259468.246731197
89.6999999999992    9.48814603785766e-06    264269.605210087    264264.590400453
89.7999999999992    9.48623074213764e-06    269154.255690785    269149.149220477
89.8999999999992    9.48431555126111e-06    274128.737153822    274123.537356249
89.9999999999992    9.48240061466353e-06    279194.69317667    279189.398355017
90.0999999999992    9.48048567206595e-06    284353.797251827    284348.40567874
90.1999999999992    9.47857092048626e-06    289607.753328424    289602.263245204
90.2999999999991    9.4766562696172e-06    294958.296363587    294952.705979788
90.3999999999991    9.47474175142721e-06    300407.192883728    300401.500376518
90.4999999999991    9.47282738211665e-06    305956.241555939    305950.445069523
90.5999999999991    9.47091327134157e-06    311607.273769676    311601.371414647
90.6999999999991    9.46899926501868e-06    317362.154228908    317356.144081808
90.7999999999991    9.46708524007033e-06    323222.781554938    323216.661657626
90.8999999999991    9.46517144696022e-06    329191.088900049    329184.857258842
90.9999999999991    9.4632578692823e-06    335269.044572215    335262.699157415
91.0999999999991    9.46134441477351e-06    341458.652671044    341452.191416343
91.1999999999991    9.45943099188886e-06    347761.95373516    347755.37453699
91.2999999999991    9.45751778636114e-06    354181.02540124    354174.326117904
91.3999999999991    9.45560467571027e-06    360717.983074894    360711.161526101
91.4999999999991    9.45369169018988e-06    367374.980613624    367368.034579687
91.5999999999991    9.45177906178993e-06    374154.211022059    374147.138243034
91.6999999999991    9.44986638976583e-06    381057.907159692    381050.70533513
91.7999999999991    9.44795394518025e-06    388088.342461352    388081.009249064
91.8999999999991    9.44604138923413e-06    395247.831670618    395240.364686397
91.999999999999    9.44412921171477e-06    402538.731586422    402531.128402639
92.099999999999    9.44221727640991e-06    409963.441823076    409955.69996839
92.199999999999    9.44030525701422e-06    417524.405583964    417516.5225427
92.299999999999    9.43839353454527e-06    425224.110449127    425216.083659897
92.399999999999    9.43648163471079e-06    433065.089177014    433056.916032619
92.499999999999    9.43457019786022e-06    441049.920520632    441041.598366276
92.599999999999    9.43265899565575e-06    449181.230058358    449172.756191548
92.699999999999    9.43074776180445e-06    457461.691039692    457453.062709426
92.799999999999    9.42883638716481e-06    465894.02524619    465885.239651952
92.899999999999    9.42692565490967e-06    474481.003867859    474472.058157893
92.999999999999    9.42501476195154e-06    483225.448395301    483216.339667182
93.099999999999    9.42310420401625e-06    492130.231527878    492120.956826367
93.199999999999    9.42119356938214e-06    501198.278098181    501188.834415163
93.299999999999    9.41928314710092e-06    510432.566013102    510422.950285942
93.399999999999    9.41737296406442e-06    519836.127211794    519826.336322618
93.499999999999    9.41546294588874e-06    529412.048640837    529402.079415648
93.599999999999    9.41355298777968e-06    539163.473246907    539153.322454613
93.699999999999    9.41164309938287e-06    549093.600987258    549083.265338532
93.7999999999989    9.40973361529417e-06    559205.689858338    559195.166004209
93.8999999999989    9.40782406692207e-06    569503.056942866    569492.341474545
93.9999999999989    9.40591446672009e-06    579989.079475707    579978.168922984
94.0999999999989    9.40400544226841e-06    590667.195928841    590656.086758262
94.1999999999989    9.40209606984792e-06    601540.907115829    601529.595731382
94.2999999999989    9.40018699201798e-06    612613.777316074    612602.260056217
94.3999999999989    9.39827844604542e-06    623889.43541924    623877.708556185
94.4999999999989    9.39636978363801e-06    635371.576090213    635359.63582985
94.5999999999989    9.39446104782746e-06    647063.960954955    647051.803434815
94.6999999999989    9.39255282162449e-06    658970.419807588    658958.041094904
94.7999999999989    9.39064439535622e-06    671094.851839161    671082.247931301
94.8999999999989    9.38873640390523e-06    683441.226888418    683428.393709852
94.9999999999989    9.38682847067474e-06    696013.586714999    696000.52011735
95.0999999999989    9.38492060768778e-06    708816.046295466    708802.742055685
95.1999999999989    9.38301294730476e-06    721852.795142538    721839.248961397
95.2999999999989    9.3811052669769e-06    735128.098647992    735114.306149225
95.3999999999989    9.37919795684785e-06    748646.2994496    748632.25617763
95.4999999999988    9.37729072086784e-06    762411.81882258    762397.520242114
95.5999999999988    9.37538348633567e-06    776429.158095972    776414.599590249
95.6999999999988    9.37347667170485e-06    790702.900094365    790688.076962933
95.7999999999988    9.37156977885812e-06    805237.710605479    805222.618064133
95.8999999999988    9.36966304504376e-06    820038.33987401    820022.973052135
95.9999999999988    9.36775644620312e-06    835109.624122232    835093.978061671
96.0999999999988    9.36584996098266e-06    850456.487097829    850440.556751317
96.1999999999988    9.36394375100703e-06    866083.941649438    866067.721878693
96.2999999999988    9.36203763405955e-06    881997.091330407    881980.576905092
96.3999999999988    9.36013156836119e-06    898201.132031254    898184.317627098
96.4999999999988    9.3582257860137e-06    914701.353641346    914684.233837969
96.5999999999988    9.35631999640896e-06    931503.141740324    931485.711020468
96.6999999999988    9.35441462358625e-06    948611.979319793    948594.232066265
96.7999999999988    9.35250909312602e-06    966033.448535822    966015.379031594
96.8999999999988    9.35060377223513e-06    983773.232492808    983754.834917439
96.9999999999988    9.34869876641912e-06    1001837.11705923    1001818.38548751
97.0999999999988    9.34679367847628e-06    1020230.99271593    1020211.921117
97.1999999999988    9.34488880417885e-06    1038960.85643739    1038941.4386715
97.2999999999987    9.34298418686782e-06    1058032.81360673    1058013.04342375
97.3999999999987    9.34107946528876e-06    1077453.07996491    1077432.95100325
97.4999999999987    9.33917517227966e-06    1097227.98359476    1097207.48937747
97.5999999999987    9.3372709032822e-06    1117363.96694057    1117343.10087529
97.6999999999987    9.33536662319562e-06    1137867.58886372    1137846.34423982
97.7999999999987    9.3334627121147e-06    1158745.52673505    1158723.8967206
97.8999999999987    9.33155880619225e-06    1180004.5785647    1179982.55620597
97.9999999999987    9.32965509779759e-06    1201651.66516994    1201629.24338796
98.0999999999987    9.32775148517115e-06    1223693.8323818    1223671.00397081
98.1999999999987    9.32584799583227e-06    1246138.25329109    1246115.01091598
98.2999999999987    9.32394480977711e-06    1268992.23053458    1268968.56672817
98.3999999999987    9.32204164145783e-06    1292263.19862202    1292239.10578391
98.4999999999987    9.32013854325594e-06    1315958.72630473    1315934.19669806
98.5999999999987    9.31823571481497e-06    1340086.5189865    1340061.54473509
98.6999999999987    9.31633300307873e-06    1364654.42117753    1364628.99426437
98.7999999999987    9.31443041663805e-06    1389670.41899222    1389644.53125651
98.8999999999987    9.31252800226401e-06    1415142.6426916    1415116.28582607
98.9999999999986    9.31062559963359e-06    1441079.36927105    1441052.53481996
99.0999999999986    9.30872347734956e-06    1467489.02509436    1467461.7044496
99.1999999999986    9.30682147070364e-06    1494380.18857467    1494352.3729743
99.2999999999986    9.30491971147028e-06    1521761.59290341    1521733.27342803
99.3999999999986    9.30301790366125e-06    1549642.12882782    1549613.29639911
99.4999999999986    9.30111625851453e-06    1578030.84747814    1578001.49285443
99.5999999999986    9.29921482707707e-06    1606936.9632452    1606907.07701905
99.6999999999986    9.29731343954762e-06    1636369.85670934    1636339.42930531
99.7999999999986    9.29541234490576e-06    1666339.07762167    1666308.09929196
99.8999999999986    9.29351125036904e-06    1696854.34793839    1696822.80876155
99.9999999999986    9.29161031978307e-06    1727925.5649094    1727893.45478573
100.099999999999    9.28970971570845e-06    1759562.80422181    1759530.11287015
100.199999999999    9.28780922088429e-06    1791776.3231997    1791743.04015551
100.299999999999    9.28590861549472e-06    1824576.56406081    1824542.67867299
100.399999999999    9.28400832576123e-06    1857974.15723136    1857939.65865656
100.499999999999    9.28210819725068e-06    1891979.92471996    1891944.80192124
100.599999999999    9.28020818245447e-06    1926604.88355166    1926569.12529469
100.699999999999    9.27830816855332e-06    1961860.24926324    1961823.84411307
100.799999999999    9.27640833579574e-06    1997757.43946079    1997720.37577708
100.899999999999    9.2745088852791e-06    2034308.07744066    2034270.34337395
100.999999999999    9.27260946215754e-06    2071523.99587501    2071485.57936522
101.099999999999    9.2707100461373e-06    2109417.240563    2109378.12933438
101.199999999999    9.26881092251558e-06    2148000.07424878    2147960.25580475
101.299999999999    9.26691199440905e-06    2187284.98050753    2187244.44212836
101.399999999999    9.26501313976395e-06    2227284.66770079    2227243.39643974
101.499999999999    9.26311435881617e-06    2268012.0730021    2267970.05568091
101.599999999999    9.26121564930246e-06    2309480.3664945    2309437.58969924
101.699999999998    9.25931721317361e-06    2351702.95534084    2351659.40541678
101.799999999998    9.25741888424321e-06    2394693.48802851    2394649.15107752
101.899999999998    9.25552073855346e-06    2438465.85868961    2438420.72056474
101.999999999998    9.25362254534427e-06    2483034.21149814    2482988.25780066
102.099999999998    9.25172477196815e-06    2528412.9451454    2528366.16121687
102.199999999998    9.24982715346558e-06    2574616.71739505    2574569.08831637
102.299999999998    9.24792950123348e-06    2621660.44971935    2621611.96030574
102.399999999998    9.24603187818472e-06    2669559.33201775    2669509.96681281
102.499999999998    9.24413461449119e-06    2718328.82741956    2718278.57068892
102.599999999998    9.24223742719228e-06    2767984.67717199    2767933.5129017
102.699999999998    9.24034028268778e-06    2818542.90561527    2818490.81750549
102.799999999998    9.23844354283743e-06    2870019.82524616    2869966.79670382
102.899999999998    9.23654670467433e-06    2922432.04187159    2922378.05601014
102.999999999998    9.23465019992488e-06    2975796.45985394    2975741.49948273
103.099999999998    9.23275365984989e-06    3030130.28744961    3030074.33507321
103.199999999998    9.23085720864222e-06    3085451.04224258    3085394.0800524
103.299999999998    9.22896112666115e-06    3141776.55667442    3141718.56654219
103.399999999998    9.22706498070292e-06    3199124.98367281    3199065.94714933
103.499999999998    9.22516928226397e-06    3257514.80238002    3257454.70068348
103.599999999998    9.22327339149167e-06    3316964.82398321    3316903.63800074
103.699999999998    9.22137788727289e-06    3377494.19764842    3377431.9079222
103.799999999998    9.21948239613902e-06    3439122.41655994    3439059.00328742
103.899999999998    9.2175870201298e-06    3501869.32406708    3501804.76709168
103.999999999998    9.21569175265614e-06    3565755.11994007    3565689.39874563
104.099999999998    9.21379665261878e-06    3630800.3667372    3630733.46044113
104.199999999998    9.21190175633062e-06    3697025.99628502    3696957.88363193
104.299999999998    9.21000701069981e-06    3764453.31627363    3764383.97562939
104.399999999998    9.2081125110133e-06    3833104.01696918    3833033.42631308
104.499999999998    9.2062178948607e-06    3903000.17804557    3902928.31496699
104.599999999998    9.2043236103763e-06    3974164.27553738    3974091.11722261
104.699999999998    9.2024294213488e-06    4046619.18891636    4046544.71214676
104.799999999998    9.20053535710654e-06    4120388.2082935    4120312.38943629
104.899999999998    9.19864142499453e-06    4195495.04174904    4195417.85675005
104.999999999998    9.19674774960898e-06    4271963.82279244    4271885.24716773
105.099999999998    9.19485409778714e-06    4349819.11795494    4349739.12678617
105.199999999998    9.19296060973392e-06    4429085.93451677    4429004.50244031
105.299999999998    9.19106741735711e-06    4509789.72837145    4509706.82957051
105.399999999998    9.18917407749548e-06    4591956.41202973    4591872.02023157
105.499999999998    9.18728114650391e-06    4675612.36276553    4675526.45122421
105.599999999998    9.18538815278193e-06    4760784.43090626    4760696.97240378
105.699999999998    9.18349526866792e-06    4847499.94827042    4847410.91510237
105.799999999998    9.18160267952349e-06    4935786.73675462    4935696.10072134
105.899999999998    9.17971012426253e-06    5025673.11707309    5025580.84947529
105.999999999998    9.17781787033498e-06    5117187.91765209    5117093.98927671
106.099999999998    9.17592568318413e-06    5210360.483682    5210264.86479823
106.199999999998    9.17403368623854e-06    5305220.68632999    5305123.34667641
106.299999999998    9.17214165886797e-06    5401798.93211598    5401699.84089482
106.399999999998    9.17024999094475e-06    5500126.17245474    5500025.29831582
106.499999999998    9.16835825853223e-06    5600233.91336722    5600131.22440701
106.599999999998    9.16646680869925e-06    5702154.22536395    5702049.68910729
106.699999999998    9.16457558779313e-06    5805919.75350355    5805813.33689793
106.799999999998    9.16268411866157e-06    5911563.7276296    5911455.39704003
106.899999999998    9.16079305267446e-06    6019119.97278875    6019009.69397413
106.999999999998    9.15890226669405e-06    6128622.91983338    6128510.65794487
107.099999999998    9.15701156654443e-06    6240107.61621224    6239993.33578347
107.199999999998    9.15512090946937e-06    6353609.73695215    6353493.40188651
107.299999999998    9.15323050904993e-06    6469165.59583411    6469047.1693903
107.399999999998    9.15134009673504e-06    6586812.15676741    6586691.60155426
107.499999999998    9.14944989351138e-06    6706587.04536516    6706464.32332374
107.599999999998    9.14755992757003e-06    6828528.56072467    6828403.633119
107.699999999998    9.14566981460459e-06    6952675.68741659    6952548.51482734
107.799999999998    9.1437801020898e-06    7079068.10768603    7078938.64998555
107.899999999998    9.14189061622818e-06    7207746.21386977    7207614.43021957
107.999999999998    9.1400011200717e-06    7338751.12103337    7338616.96987258
108.099999999998    9.13811162395552e-06    7472124.6798317    7471988.11886083
108.199999999998    9.13622255869851e-06    7607909.4895971    7607770.47575855
108.299999999998    9.13433344199838e-06    7746148.91165915    7746007.40113765
108.399999999998    9.13244437928017e-06    7886887.08290016    7886743.03110049
108.499999999998    9.13055574399651e-06    8030168.92955027    8030022.29107907
108.599999999998    9.12866697730244e-06    8176040.1812267    8175890.90989333
108.699999999998    9.12677863004738e-06    8324547.3852213    8324395.43400576
108.799999999998    9.12489029208437e-06    8475737.92104067    8475583.24209476
108.899999999998    9.12300215807409e-06    8629660.01520358    8629502.55982616
108.999999999998    9.1211140815901e-06    8786362.75629978    8786202.4749276
109.099999999998    9.11922623359081e-06    8945896.11031525    8945732.95250214
109.199999999998    9.11733825515168e-06    9108310.93622827    9108144.85063905
109.299999999998    9.11545059192497e-06    9273659.00188116    9273489.93626139
109.399999999998    9.11356318052003e-06    9441993.00013249    9441820.90130141
109.499999999998    9.11167585553585e-06    9613366.56529493    9613191.37913112
109.599999999998    9.10978873192164e-06    9787834.28986337    9787655.96128286
109.699999999998    9.10790166333281e-06    9965451.74153874    9965270.21448308
109.799999999998    9.10601477297266e-06    10146275.4805525    10146090.6979663
109.899999999998    9.10412786220114e-06    10330363.0772972    10330174.981117
109.999999999998    9.10224133802194e-06    10517773.1302685    10517581.6613925
110.099999999998    9.10035487048213e-06    10708565.2843239    10708370.3826091
110.199999999998    9.09846847450122e-06    10902800.2492645    10902601.8535009
110.299999999998    9.09658238277398e-06    11100539.8187438    11100337.866631
110.399999999998    9.09469629110432e-06    11301846.8895118    11301641.3176514
110.499999999998    9.09281035860512e-06    11506785.4809973    11506576.2248636
110.599999999998    9.09092457647378e-06    11715420.7552372    11715207.7491607
110.699999999998    9.08903899010927e-06    11927819.037157    11927602.2143032
110.799999999998    9.08715339117683e-06    12144047.8352091    12143827.1275638
110.899999999998    9.08526820004377e-06    12364175.8623756    12363951.2007091
110.999999999998    9.08338299933511e-06    12588273.0575414    12588044.3714077
111.099999999998    9.08149771748328e-06    12816410.6072455    12816177.8249522
111.199999999998    9.07961287773781e-06    13048660.9678141    13048424.0163852
111.299999999998    9.07772827042938e-06    13285097.8878858    13284856.6930579
111.399999999998    9.07584372126524e-06    13525796.4313337    13525550.9175327
111.499999999998    9.07395914022053e-06    13770833.0005915    13770583.0909072
111.599999999998    9.07207479572218e-06    14020285.3603911    14020030.976544
111.699999999998    9.0701905440997e-06    14274232.6619189    14273973.7242473
111.799999999998    9.06830650904986e-06    14532755.4673979    14532491.8948261
111.899999999998    9.06642250719261e-06    14795935.7751033    14795667.4851255
111.999999999998    9.06453887673053e-06    15063857.0448191    15063583.9534589
112.099999999998    9.06265522892679e-06    15336604.223743    15336326.2455492
112.199999999998    9.06077179721316e-06    15614263.7728488    15613980.8208509
112.299999999998    9.05888844666005e-06    15896923.6937126    15896635.6794049
112.399999999998    9.05700512422853e-06    16184673.5558117    16184380.3891243
112.499999999998    9.05512218576248e-06    16477604.5243053    16477306.1135629
112.599999999998    9.05323941210059e-06    16775809.3883034    16775505.6402159
112.699999999998    9.05135647020511e-06    17079382.5896352    17079073.4092735
112.799999999998    9.04947380279003e-06    17388420.252123    17388105.5428639
112.899999999998    9.04759157614522e-06    17703020.211372    17702699.8748772
112.999999999998    9.0457089625569e-06    18023282.0450853    18022955.9813069
113.099999999998    9.04382676385406e-06    18349307.1039122    18348975.2110044
113.199999999998    9.04194490888284e-06    18681198.5428395    18680860.7171579
113.299999999998    9.04006296957086e-06    19019061.3531361    19018717.4892201
113.399999999998    9.03818131464273e-06    19363002.3948596    19362652.3853702
113.499999999998    9.03629958315713e-06    19713130.4299349    19712774.1656497
113.599999999998    9.03441821375989e-06    20069556.1558155    20069193.5255643
113.699999999998    9.03253690531913e-06    20432392.2397366    20432023.1303966
113.799999999998    9.03065555670294e-06    20801753.3535714    20801377.6500252
113.899999999998    9.0287746590429e-06    21177756.2093009    21177373.7943764
113.999999999998    9.02689374001084e-06    21560519.5951068    21560130.3495818
114.099999999998    9.02501301078083e-06    21950164.4121007    21949768.2146376
114.199999999998    9.02313230172032e-06    22346813.7116983    22346410.4388238
114.299999999998    9.02125176767901e-06    22750592.733651    22750182.2597042
114.399999999998    9.0193714749564e-06    23161628.9447474    23161211.1418449
114.499999999998    9.01749151109485e-06    23580052.0781937    23579626.8161896
114.599999999998    9.01561131707326e-06    24005994.1736884    24005561.3201654
114.699999999998    9.01373151610705e-06    24439589.6182001    24439149.038373
114.799999999998    9.0118517543951e-06    24880975.1874626    24880526.7441842
114.899999999998    9.00997215740668e-06    25330290.0881999    25329833.6418956
114.999999999998    9.00809266615306e-06    25787676.0010923    25787211.4097273
115.099999999998    9.00621324252181e-06    26253277.1244992    26252804.2435339
115.199999999998    9.00433418941409e-06    26727240.2189481    26726758.9012763
115.299999999998    9.00245521064202e-06    27209714.6524074    27209224.7483429
115.399999999998    9.00057617186163e-06    27700852.4463535    27700353.8035766
115.499999999998    8.99869741143566e-06    28200808.3226469    28200300.7861323
115.599999999998    8.99681883593673e-06    28709739.7512327    28709223.1632256
115.699999999998    8.99494043912318e-06    29227806.998678    29227281.1986413
115.799999999998    8.99306210666691e-06    29755173.1775626    29754638.0021348
115.899999999998    8.99118402658368e-06    30292004.2967361    30291459.5796634
115.999999999998    8.9893060095421e-06    30838469.3124578    30837914.8845667
116.099999999998    8.98742799259927e-06    31394740.1804351    31394175.8695733
116.199999999998    8.98555028924918e-06    31960991.9087742    31960417.5397351
116.299999999998    8.98367268013191e-06    32537402.6118615    32536818.0063636
116.399999999998    8.98179521869498e-06    33124153.5651897    33123558.5418059
116.499999999998    8.97991782114954e-06    33721429.2611468    33720823.6352582
116.599999999998    8.97804080023743e-06    34329417.4657838    34328801.0494967
116.699999999998    8.9761638276841e-06    34948309.2765782    34947681.8787107
116.799999999998    8.97428700724883e-06    35578299.181212    35577660.6072066
116.899999999998    8.97241017746149e-06    36219585.1173794    36218935.1692627
116.999999999998    8.97053358312331e-06    36872368.5336444    36871707.0099382
117.099999999998    8.96865706669776e-06    37536854.451366    37536181.1470548
117.199999999998    8.96678075675233e-06    38213251.5277086    38212566.2341565
117.299999999998    8.96490475706042e-06    38901772.119758    38901074.6246471
117.399999999998    8.96302868137389e-06    39602632.3497618    39601922.4370655
117.499999999998    8.96115270639993e-06    40316052.1715133    40315329.6213881
117.599999999998    8.95927716892989e-06    41042255.4378984    41041520.0266029
117.699999999998    8.95740152331122e-06    41781469.969628    41780721.4695271
117.799999999998    8.95552605725027e-06    42533927.6251742    42533165.8046024
117.899999999998    8.95365077255853e-06    43299864.3719322    43299088.9951465
117.999999999998    8.95177563075061e-06    44079520.358629    44078731.1857412
118.099999999998    8.94990052898969e-06    44873139.9890019    44872336.7759119
118.199999999998    8.94802589025705e-06    45680971.9967662    45680154.495041
118.299999999998    8.94615110964994e-06    46503269.5218978    46502437.4787889
118.399999999998    8.9442765373488e-06    47340290.1882513    47339443.3465321
118.499999999998    8.94240198340881e-06    48192296.1825373    48191434.2804749
118.599999999998    8.94052780197224e-06    49059554.3346833    49058677.1059072
118.699999999998    8.93865354199739e-06    49942336.1996013    49941443.3731013
118.799999999998    8.93677976024836e-06    50840918.1403881    50840009.4403325
118.899999999998    8.93490566878198e-06    51755581.4129814    51754656.5587694
118.999999999998    8.933032103665e-06    52686612.252298    52685670.9583093
119.099999999998    8.93115855955625e-06    53634301.9598799    53633343.9355261
119.199999999998    8.92928507104142e-06    54598946.9930748    54597971.9426567
119.299999999997    8.9274117705938e-06    55580849.0557769    55579856.6783841
119.399999999997    8.92553861776805e-06    56580315.1907553    56579305.1801937
119.499999999997    8.92366576735896e-06    57597657.8735986    57596629.9182761
119.599999999997    8.92179278352916e-06    58633195.1083031    58632148.8912032
119.699999999997    8.91992005198766e-06    59687250.5245324    59686185.7230248
119.799999999997    8.91804755931914e-06    60760153.4765789    60759069.7623667
119.899999999997    8.91617515719258e-06    61852239.144056    61851136.1830941
