0    1.05422200670609e-16    0.00822750552038345    0.00822750552038344
0.1    -0.000232169969221374    0.00837537893973282    0.00837926886579815
0.2    -0.000104290810673134    0.00852602825819251    0.00852780681647753
0.3    -8.45275953896758e-05    0.00867930349373878    0.00868077089908299
0.4    -0.000142009253973505    0.00883536618955498    0.00883787595348701
0.5    -7.73414716649166e-05    0.00899427664974057    0.00899566801853638
0.6    -0.0001002333825077    0.00915603347754846    0.00915786914195493
0.7    -8.09778337017943e-05    0.00932071814783001    0.00932222781320776
0.8    -7.79914968935848e-05    0.00948837130995421    0.00948985144995563
0.9    -6.92693658469296e-05    0.00965905159604784    0.00966038984150474
1    -7.13085365542032e-05    0.00983281777738677    0.00983422020508365
1.1    -5.36222157914424e-05    0.0100097109565026    0.0100107844998302
1.2    -5.78221262425681e-05    0.0101897922795603    0.0101909707386124
1.3    -5.22455305083368e-05    0.0103731298579819    0.0103742138139587
1.4    -4.21908949386729e-05    0.0105597671971409    0.0105606582867936
1.5    -4.48140685514414e-05    0.0107497677843501    0.0107507313091904
1.6    -3.63357648694151e-05    0.0109431947448265    0.0109439900324262
1.7    -3.41881030277715e-05    0.0111401043536146    0.0111408660977279
1.8    -3.13720326782188e-05    0.0113405634593184    0.0113412750346969
1.9    -2.75492129280506e-05    0.0115446332732064    0.0115452693818511
2    -2.40835875995933e-05    0.0117523751000526    0.0117529411923965
2.1    -2.14188568521684e-05    0.0119638573822319    0.0119643698975067
2.2    -2.03684575301799e-05    0.0121791497264012    0.0121796458774949
2.3    -1.56221390378694e-05    0.0123983153256838    0.0123987027081472
2.4    -1.41540742894312e-05    0.0126214225212942    0.0126217798154554
2.5    -1.30811968039961e-05    0.0128485462979181    0.0128488824510409
2.6    -9.25890416472814e-06    0.0130797550560285    0.0130799972666682
2.7    -8.37877741858672e-06    0.0133151212798615    0.0133153444106061
2.8    -6.95650527659525e-06    0.0135547219061972    0.013554910494498
2.9    -4.31090300118853e-06    0.0137986293437898    0.013798748313408
3    -3.23601552876233e-06    0.0140469201835042    0.0140470110959021
3.1    -1.94174995836247e-06    0.014299675188232    0.0142997307211273
3.2    -5.04134952939847e-07    0.0145569732069678    0.0145569878843332
3.3    8.15086981053937e-07    0.0148188935779124    0.0148188694205576
3.4    2.24719825518211e-06    0.0150855184955291    0.0150854506953797
3.5    2.94413314017325e-06    0.0153569334529603    0.0153568430275131
3.6    3.92665791343643e-06    0.0156332240623065    0.0156331012901426
3.7    5.352529906386e-06    0.0159144751652989    0.0159143048008023
3.8    5.93187442136051e-06    0.0162007757393757    0.0162005835385814
3.9    6.55052421650971e-06    0.016492217068939    0.0164920010050198
4    7.73883947717487e-06    0.0167888890867965    0.0167886292357722
4.1    8.37591940046945e-06    0.0170908847620456    0.0170905984606972
4.2    8.73774775497196e-06    0.0173983007293258    0.0173979966880561
4.3    9.5331239841411e-06    0.0177112328139743    0.0177108951304368
4.4    1.02291986039699e-05    0.0180297777597199    0.018029408903138
4.5    1.06313068525318e-05    0.0183540362208504    0.0183536459702172
4.6    1.1100700447002e-05    0.0186841107724469    0.0186836959636179
4.7    1.15691424032333e-05    0.0190201046534708    0.0190196645659638
4.8    1.19743485075237e-05    0.0193621227743943    0.0193616590823348
4.9    1.24144033494035e-05    0.019710272128419    0.0197097827519576
5    1.27501111151772e-05    0.0200646621119098    0.0200641504650905
5.1    1.29840673794363e-05    0.0204254042554734    0.02042487385271
5.2    1.33314610219619e-05    0.0207926111879625    0.020792056803582
5.3    1.36864223999973e-05    0.0211663973983468    0.0211658180217654
5.4    1.38504225906611e-05    0.0215468805801492    0.0215462837216129
5.5    1.39973393992735e-05    0.0219341804058261    0.0219335663740858
5.6    1.42864442295877e-05    0.0223284172905187    0.0223277793122564
5.7    1.45325173418463e-05    0.0227297140312785    0.0227290534009524
5.8    1.46216396764382e-05    0.0231381970316105    0.0231375204047443
5.9    1.47150409148573e-05    0.0235539947486949    0.0235533015629023
5.99999999999999    1.4894979604636e-05    0.0239772366413917    0.0239765223711292
6.09999999999999    1.50462927828436e-05    0.0244080544724128    0.0244073199819965
6.19999999999999    1.51188518140915e-05    0.0248465832636087    0.0248458319713465
6.29999999999999    1.51862308119256e-05    0.0252929605350474    0.0252921923372402
6.39999999999999    1.52738878869147e-05    0.0257473257166737    0.025746539205154
6.49999999999999    1.53430037974253e-05    0.0262098205981157    0.0262090163357015
6.59999999999999    1.53905382139859e-05    0.0266805896866094    0.0266797684419785
6.69999999999999    1.54369221550208e-05    0.0271597800944545    0.0271589415805764
6.79999999999999    1.54713149433845e-05    0.0276475415382553    0.0276466860638455
6.89999999999999    1.54833834079048e-05    0.0281440264099608    0.0281431548939517
6.99999999999999    1.5496595731441e-05    0.0286493896455045    0.0286485017232457
7.09999999999999    1.55225041544674e-05    0.0291637887762567    0.0291628834002456
7.19999999999999    1.55330923777559e-05    0.0296873843483035    0.029686462088862
7.29999999999999    1.55114268458362e-05    0.0302203400681346    0.0302194025614883
7.39999999999999    1.54838189526615e-05    0.030762822382389    0.030761869745195
7.49999999999999    1.54760623871165e-05    0.031315000226339    0.0313140309755449
7.59999999999999    1.54728916552301e-05    0.0318770454666572    0.0318760590217787
7.69999999999999    1.54463047275348e-05    0.0324491334341467    0.0324481310112241
7.79999999999999    1.53996060661194e-05    0.0330314428148372    0.0330304254880893
7.89999999999999    1.5357548892132e-05    0.0336241551975237    0.0336231224441694
7.99999999999999    1.53275205033913e-05    0.0342274550481984    0.0342264058202424
8.09999999999999    1.52936839934808e-05    0.0348415301538945    0.0348404644594889
8.19999999999999    1.52446260082006e-05    0.035466571911343    0.0354654905785783
8.29999999999999    1.51880119507717e-05    0.0361027751767475    0.0361016785346416
8.39999999999999    1.51354702678201e-05    0.036750338056322    0.0367492256058615
8.49999999999999    1.50864772449097e-05    0.0374094620093729    0.0374083332724068
8.59999999999999    1.50331523354447e-05    0.0380803521268878    0.0380792072086305
8.69999999999999    1.49731558219653e-05    0.0387632172576817    0.0387620564596782
8.79999999999998    1.49111381932624e-05    0.0394582699511099    0.0394570932332238
8.89999999999998    1.48502971776646e-05    0.0401657264343194    0.0401645335060869
8.99999999999998    1.47885346094993e-05    0.0408858067228678    0.0408845974584155
9.09999999999998    1.47233817365741e-05    0.0416187347462687    0.0416175092272743
9.19999999999998    1.46563778269674e-05    0.0423647383881018    0.0423634965790775
9.29999999999998    1.45905942248499e-05    0.0431240495085033    0.0431227911158486
9.39999999999998    1.45259387971687e-05    0.0438969040495547    0.0438956287805959
9.49999999999998    1.44592384227586e-05    0.0446835421867343    0.0446822500254378
9.59999999999998    1.4388742644196e-05    0.0454842084045319    0.0454828995022271
9.69999999999998    1.43166663249332e-05    0.0462991514714758    0.0462978257914497
9.79999999999998    1.42465259386494e-05    0.0471286244323087    0.0471272816130983
9.89999999999998    1.41790647300304e-05    0.0479728847253942    0.0479715243234079
9.99999999999998    1.41117110143257e-05    0.0488321943848247    0.0488308161926427
10.1    1.404171198088e-05    0.04970682018831    0.049705424270206
10.2    1.39691209962453e-05    0.0505970336765193    0.0505956201040947
10.3    1.38965025111903e-05    0.0515031111129522    0.0515016797066179
10.4    1.38261114454617e-05    0.0524253335133648    0.0524238838564005
10.5    1.37578213815575e-05    0.0533639867940281    0.053362518469832
10.6    1.36897210843925e-05    0.0543193619664972    0.0543178747530272
10.7    1.36202592093874e-05    0.0552917552720124    0.0552902491164487
10.8    1.35495978893606e-05    0.0562814682221271    0.0562799430602663
10.9    1.34791272284656e-05    0.0572888076047025    0.0572872632192665
11    1.34100062671166e-05    0.0583140855359665    0.0583125215724343
11.1    1.33422765031531e-05    0.059357619584274    0.0593560356738608
11.2    1.3275171666228e-05    0.0604197329253859    0.0604181287820279
11.3    1.32080195538433e-05    0.0615007544735554    0.0614991298886776
11.4    1.31407946643696e-05    0.062601018968777    0.0625993737361246
11.5    1.30739628729901e-05    0.0637208670437405    0.0637192008970237
11.6    1.30079514012329e-05    0.0648606453056559    0.0648589579193613
11.7    1.29428018683183e-05    0.0660207064466774    0.0660189974829506
11.8    1.28782590185973e-05    0.0672014093691357    0.0671996785171135
11.9    1.28141130209171e-05    0.0684031193037976    0.0684013662756577
12    1.27504190067549e-05    0.0696262079135536    0.0696244324095426
12.1    1.26874187289281e-05    0.0708710533933906    0.0708692550747463
12.2    1.26252928590394e-05    0.0721380405819187    0.0721362190771385
12.3    1.25640021164978e-05    0.073427561088265    0.0734257160233806
12.4    1.25033447947659e-05    0.0747400134240819    0.0747381444471347
12.5    1.24431504136755e-05    0.0760758031272943    0.0760739099055296
12.6    1.238342537681e-05    0.0774353428737113    0.0774334250678803
12.7    1.23243434049726e-05    0.0788190525851322    0.0788171098229337
12.8    1.22661101482086e-05    0.0802273595472556    0.0802253914161387
12.9    1.22088159295647e-05    0.0816606985445843    0.0816587046080535
13    1.21523868425235e-05    0.0831195120083252    0.083117491831947
13.1    1.20966474319312e-05    0.0846042501656618    0.0846022033348506
13.2    1.20414450969963e-05    0.0861153711797713    0.0861132972977157
13.3    1.19867470192948e-05    0.0876533412781268    0.0876512399464603
13.4    1.19326485719277e-05    0.0892186348759906    0.0892165056721655
13.5    1.18793001386708e-05    0.090811734706285    0.0908095771722096
13.6    1.18268096926809e-05    0.0924331319638045    0.09243094561154
13.7    1.17751866458702e-05    0.0940833264638161    0.0940811107924473
13.8    1.17243517279569e-05    0.0957628268080674    0.0957605813202663
13.9    1.16741918429858e-05    0.0974721505492725    0.0974698747586707
14    1.16246245690942e-05    0.0992118243485726    0.0992095177749639
14.1    1.15756325681751e-05    0.100982384126424    0.100980046283537
14.2    1.15272583926655e-05    0.102784375212185    0.102782005595397
14.3    1.14795693818987e-05    0.104618352498988    0.104615950579288
14.4    1.14326177366434e-05    0.106484880608203    0.106482445834169
14.5    1.13864165948677e-05    0.108384534063764    0.108382065868953
14.6    1.13409407419547e-05    0.110317897473205    0.110315395284106
14.7    1.1296144435592e-05    0.11228556571111    0.112283028951829
14.8    1.12519844837081e-05    0.114288144101841    0.114285572193932
14.9    1.12084364332716e-05    0.116326248600808    0.11632364095931
15    1.11654962827996e-05    0.11840050597574    0.118397862004443
15.1    1.1123175103381e-05    0.120511553990449    0.120508873078036
15.2    1.10814863318104e-05    0.12266004159335    0.122657323112326
15.3    1.10404370000957e-05    0.124846629111802    0.12484387241955
15.4    1.10000219453696e-05    0.127071988452    0.127069192893428
15.5    1.09602274224277e-05    0.129336803303215    0.129333968212732
15.6    1.09210373825046e-05    0.131641769345124    0.131638894047157
15.7    1.08824385335456e-05    0.133987594457555    0.133984678265768
15.8    1.08444233927189e-05    0.136374998932813    0.136372041148431
15.9    1.08069886828792e-05    0.138804715691287    0.138801715601726
16    1.07701320903517e-05    0.141277490501102    0.141274447379409
16.1    1.07338486988673e-05    0.143794082202223    0.143790995307513
16.2    1.06981301584179e-05    0.146355262934933    0.146352131513128
16.3    1.06629641911935e-05    0.148961818372299    0.148958641657101
16.4    1.06283392514214e-05    0.15161454795621    0.151611325168761
16.5    1.05942440538348e-05    0.154314265136796    0.154310995485464
16.6    1.05606711375961e-05    0.157061797615392    0.157058480294439
16.7    1.05276160365062e-05    0.159857987591518    0.159854621779924
16.8    1.04950765784213e-05    0.162703692014454    0.162700276874882
16.9    1.04630503094365e-05    0.165599782839907    0.165596317518446
17    1.04315338653151e-05    0.168547147291977    0.168543630918109
17.1    1.04005198515376e-05    0.171546688130316    0.171543119817958
17.2    1.03699985128558e-05    0.174599323922104    0.174595702770196
17.3    1.03399585830075e-05    0.177705989318403    0.177702314411262
17.4    1.03103876257651e-05    0.180867635334559    0.180863905742154
17.5    1.02812752063577e-05    0.184085229634563    0.184081444411666
17.6    1.02526123861855e-05    0.187359756819576    0.187355915005037
17.7    1.02243937212978e-05    0.190692218721042    0.190688319336263
17.8    1.01966145811798e-05    0.194083634698946    0.194079676747265
17.9    1.01692721858811e-05    0.197535041945697    0.197531024411337
18    1.01423636385495e-05    0.201047495795985    0.201043417643725
18.1    1.01158843317374e-05    0.204622070042753    0.204617930218247
18.2    1.00898285649247e-05    0.208259857259195    0.208255654689085
18.3    1.0064188571004e-05    0.211961969126558    0.211957702719042
18.4    1.00389561674222e-05    0.215729536767481    0.215725205412236
18.5    1.00141218922367e-05    0.21956371108465    0.219559313653155
18.6    9.98967656482224e-06    0.223465663104675    0.22346119844988
18.7    9.96561165089593e-06    0.227436584327227    0.227432051283052
18.8    9.94191976377152e-06    0.231477687079661    0.231473084460236
18.9    9.91859455944381e-06    0.235590204877407    0.235585531476311
19    9.89563099646245e-06    0.239775392790493    0.239770647379834
19.1    9.87302383098157e-06    0.244034527816538    0.244029709146695
19.2    9.85076896181771e-06    0.24836890926046    0.248364016059177
19.3    9.82886154504975e-06    0.252779859121104    0.25277489009347
19.4    9.80729670595398e-06    0.257268722484849    0.257263676312949
19.5    9.78606892961369e-06    0.261836867926231    0.261831743269106
19.6    9.76517244112174e-06    0.266485687915536    0.266480483408967
19.7    9.74460100628763e-06    0.271216599233353    0.271211313489769
19.8    9.72434847502097e-06    0.276031043392094    0.276025675000187
19.9    9.70440888442175e-06    0.280930487064551    0.280925034588835
20    9.68477671870371e-06    0.285916422519626    0.285910884499836
20.1    9.66544660763904e-06    0.290990368065471    0.290984743016107
20.2    9.64641462205585e-06    0.296153868500281    0.296148154909382
20.3    9.62767708481825e-06    0.301408495571084    0.301402691899628
20.4    9.60923061634751e-06    0.30675584844085    0.306749953122118
20.5    9.59107343617e-06    0.312197554164271    0.31219156560237
20.6    9.5732035597601e-06    0.317735268172536    0.317729184741973
20.7    9.55561941954002e-06    0.323370674767425    0.323364494812279
20.8    9.5383202011888e-06    0.329105487624967    0.329099209457809
20.9    9.52130482392434e-06    0.334941450308905    0.334935072210339
21    9.50457220697993e-06    0.340880336794108    0.340873857012145
21.1    9.48812079280795e-06    0.346923952000021    0.346917368749759
21.2    9.47194862450959e-06    0.353074132334119    0.353067443797389
21.3    9.45605313355455e-06    0.359332746245241    0.359325950570419
21.4    9.44042991091879e-06    0.365701694786574    0.365694790089321
21.5    9.4250744656347e-06    0.372182912187924    0.372175896550723
21.6    9.4099798461405e-06    0.378778366436863    0.378771237910354
21.7    9.39513845147912e-06    0.385490059868282    0.385482816471367
21.8    9.38054151054956e-06    0.392320029761903    0.392312669482298
21.9    9.36617942248782e-06    0.399270348947418    0.399262869742017
22    9.35204210162289e-06    0.406343126417081    0.406335526212107
22.1    9.33811936566815e-06    0.413540507945836    0.413532784636706
22.2    9.3244025105608e-06    0.420864676719356    0.420856828169243
22.3    9.31088341735051e-06    0.428317853970709    0.428309878009764
22.4    9.29755614668271e-06    0.435902299626674    0.435894194049826
22.5    9.28441617560627e-06    0.443620312964971    0.443612075530231
22.6000000000001    9.27146078899884e-06    0.451474233283776    0.451465861710091
22.7000000000001    9.25868917294179e-06    0.459466440584921    0.459457932549776
22.8000000000001    9.24610118546504e-06    0.467599356271957    0.467590709409983
22.9000000000001    9.23369735724288e-06    0.475875443864037    0.475866655765527
23.0000000000001    9.22147817936366e-06    0.484297209726107    0.484288277936167
23.1000000000001    9.20944396608666e-06    0.492867203815545    0.492858125833355
23.2000000000001    9.19759378845973e-06    0.501588020444966    0.501578793724107
23.3000000000001    9.1859256813232e-06    0.510462299060593    0.510452921009255
23.4000000000001    9.17443699627378e-06    0.519492725035388    0.519483193016287
23.5000000000001    9.16312258328563e-06    0.52868203047604    0.528672341808312
23.6000000000001    9.15197775652572e-06    0.538032995042897    0.53802314700102
23.7000000000001    9.14099586464069e-06    0.547548446782029    0.547538436597357
23.8000000000001    9.13017053906248e-06    0.557231262968792    0.557221087828772
23.9000000000001    9.11949485140942e-06    0.56708437096251    0.56707402801083
24.0000000000001    9.10896193498368e-06    0.577110749072236    0.577100235408313
24.1000000000001    9.09856646149052e-06    0.587313427433861    0.587302740110594
24.2000000000001    9.08830288261687e-06    0.59769548889919    0.597684624922656
24.3000000000001    9.07816750893972e-06    0.608260069937865    0.608249026264513
24.4000000000001    9.06815729764338e-06    0.619010361553178    0.618999135088326
24.5000000000001    9.05827049056631e-06    0.629949610212953    0.6299381978084
24.6000000000001    9.04850635858316e-06    0.641081118796651    0.641069517248468
24.7000000000001    9.03886478355065e-06    0.652408247559826    0.652396453606563
24.8000000000001    9.02934654030456e-06    0.663934415116993    0.663922425437424
24.9000000000001    9.01995324878117e-06    0.675663099443811    0.675650910654615
25.0000000000001    9.01068654350759e-06    0.687597838899446    0.687585447553912
25.1000000000001    9.00154844449463e-06    0.699742233269778    0.699729635855951
25.2000000000001    8.9925410775266e-06    0.712099944831921    0.712087137771079
25.3000000000001    8.98366573833394e-06    0.724674699440325    0.724661679086758
25.4000000000001    8.97492331903971e-06    0.737470287634378    0.737457050274619
25.5000000000001    8.96631396280436e-06    0.750490565767206    0.750477107619798
25.6000000000001    8.9578363079528e-06    0.763739457155082    0.763725774371572
25.7000000000001    8.94948838747105e-06    0.777220953246701    0.777207041911409
25.8000000000001    8.94126634377375e-06    0.79093911481143    0.790924970943319
25.9000000000001    8.9331656666758e-06    0.804898073145613    0.804883692698411
26.0000000000001    8.92518098222194e-06    0.819102031296056    0.819087410158808
26.1000000000001    8.91730553248659e-06    0.833555265300031    0.833540399298638
26.2000000000001    8.90953301719388e-06    0.848262125441422    0.848247010337263
26.3000000000001    8.90185709571621e-06    0.863227037523143    0.863211669012493
26.4000000000001    8.89427207287379e-06    0.878454504156547    0.878438877868805
26.5000000000001    8.88677397946784e-06    0.893949106069154    0.893933217563042
26.6000000000001    8.87935985692631e-06    0.909715503432666    0.90969934819347
26.7000000000001    8.87202896862462e-06    0.925758437213705    0.925742010648096
26.8000000000001    8.86478189196332e-06    0.94208273054995    0.942066027982154
26.9000000000001    8.85762120506756e-06    0.958693290154319    0.958676306820719
27.0000000000001    8.85054966705238e-06    0.97559510774949    0.975577838796418
27.1000000000001    8.84357091896678e-06    0.992793261534419    0.992775702014475
27.2000000000001    8.83668816163814e-06    1.01029291768372    1.01027506255457
27.3000000000001    8.82990374139513e-06    1.02809933187987    1.02808117600392
27.4000000000001    8.82321911088739e-06    1.04621785087746    1.04619938902168
27.5000000000001    8.81663370032271e-06    1.06465391409774    1.0646351409361
27.6000000000001    8.8101453135654e-06    1.0834130552517    1.08339396536698
27.7000000000001    8.80375075202386e-06    1.10250090398911    1.10248149187369
27.8000000000001    8.79744438213461e-06    1.12192318757166    1.12190344763163
27.9000000000001    8.79122074174638e-06    1.14168573256806    1.14166565912195
28.0000000000001    8.78507313626343e-06    1.1617944665702    1.16177405385081
28.1000000000001    8.77899491034288e-06    1.18225541992963    1.18223466208323
28.2000000000001    8.77298009423975e-06    1.20307472751506    1.20305361859898
28.3000000000001    8.76702381402908e-06    1.22425863049222    1.22423716447128
28.4000000000001    8.76112293994496e-06    1.2458134781284    1.24579164886956
28.5000000000001    8.75527595958178e-06    1.26774572962494    1.26772353089188
28.6000000000001    8.7494830902044e-06    1.2900619559814    1.29003938142838
28.7000000000001    8.74374682538029e-06    1.3127688418952    1.31274588505914
28.8000000000001    8.73807057740677e-06    1.33587318770045    1.33584984199605
28.9000000000001    8.73245830941083e-06    1.35938191134902    1.3593581700646
29.0000000000001    8.72691460186946e-06    1.38330205043556    1.38327790672853
29.1000000000001    8.72144261876457e-06    1.40764076426738    1.40761621116521
29.2000000000001    8.71604512204263e-06    1.43240533597838    1.43238036637694
29.3000000000001    8.71072288586151e-06    1.45760317468532    1.45757778135185
29.4000000000001    8.70547551937639e-06    1.48324181768381    1.48321599325796
29.5000000000001    8.70029979604704e-06    1.50932893268104    1.50930266968112
29.6000000000002    8.6951922910562e-06    1.53587232006191    1.53584561088383
29.7000000000002    8.69014700810466e-06    1.56287991518623    1.56285275210985
29.8000000000002    8.68515896495513e-06    1.59035979071487    1.59033216589961
29.9000000000002    8.68022181031835e-06    1.6183201589643    1.61829206445229
30.0000000000002    8.67533052969586e-06    1.6467693742904    1.64674080200101
30.1000000000002    8.6704806991333e-06    1.67571593550344    1.67568687723003
30.2000000000002    8.66567003425248e-06    1.70516848831799    1.70513893571914
30.3000000000002    8.66089771915032e-06    1.73513582784208    1.73510577243452
30.4000000000002    8.65616435718006e-06    1.76562690111079    1.76559633426209
30.5000000000002    8.65147292272035e-06    1.79665080966931    1.7966197225866
30.6000000000002    8.64682627988672e-06    1.82821681221009    1.82818519593711
30.7000000000002    8.64222852709846e-06    1.86033432726751    1.86030217267661
30.8000000000002    8.63768305855886e-06    1.89301293597212    1.89298023376305
30.9000000000002    8.63319333953148e-06    1.92626238486467    1.92622912556063
31.0000000000002    8.62876075137696e-06    1.96009258876872    1.96005876272059
31.1000000000002    8.62438574313901e-06    1.99451363371877    1.99447923110557
31.2000000000002    8.62006640364655e-06    2.02953577994038    2.02950079077561
31.3000000000002    8.61579994027002e-06    2.06516946487763    2.06513387901033
31.4000000000002    8.61158139008941e-06    2.10142530626402    2.10138911338557
31.5000000000002    8.60740618132565e-06    2.13831410523357    2.13827729487432
31.6000000000002    8.60326865420575e-06    2.17584684947063    2.17580941100273
31.7000000000002    8.59916432230836e-06    2.21403471639844    2.21399663902919
31.8000000000002    8.5950892409924e-06    2.25288907640913    2.25285034917667
31.9000000000002    8.59104143906632e-06    2.29242149613906    2.29238210790131
32.0000000000002    8.58702020496663e-06    2.3326437417955    2.33260368122162
32.1000000000002    8.58302677111674e-06    2.37356778254108    2.37352703809915
32.2000000000002    8.57906373753616e-06    2.41520579394266    2.41516435388928
32.3000000000002    8.57513434062995e-06    2.45757016149057    2.45752801386342
32.4000000000002    8.57124244993193e-06    2.50067348419247    2.50063061680246
32.5000000000002    8.56739124387825e-06    2.5445285782439    2.54448497867371
32.6000000000002    8.56358334387008e-06    2.58914848077558    2.58910413637772
32.7000000000002    8.55981973518459e-06    2.63454645367505    2.63450135157566
32.8000000000002    8.55609965807396e-06    2.68073598747861    2.68069011458257
32.9000000000002    8.55242140866106e-06    2.72773080532878    2.72768414832114
33.0000000000002    8.5487814378759e-06    2.7755448669923    2.7754974123451
33.1000000000002    8.54517600574849e-06    2.82419237293467    2.82414410690531
33.2000000000002    8.54160074231873e-06    2.87368776844891    2.87363867708108
33.3000000000002    8.53805126181214e-06    2.92404574783829    2.92399581695963
33.4000000000002    8.53452422107139e-06    2.97528125865522    2.97523047386871
33.5000000000002    8.5310177011916e-06    3.02740950600079    3.02735785267328
33.6000000000002    8.52753090930498e-06    3.08044595689144    3.08039342014323
33.7000000000002    8.5240642865575e-06    3.13440634470025    3.13435290939337
33.8000000000002    8.52061985906492e-06    3.18930667368068    3.18925232440421
33.9000000000002    8.51720028766661e-06    3.24516322357992    3.24510794464046
34.0000000000002    8.51380887378094e-06    3.30199255434708    3.30193632975875
34.1000000000002    8.5104481066407e-06    3.35981151093966    3.35975432442331
34.2000000000002    8.5071203321173e-06    3.41863722822844    3.41857906320671
34.3000000000002    8.50382685361291e-06    3.47848713599906    3.47842797559751
34.4000000000002    8.50056680470616e-06    3.53937896404596    3.5393187911028
34.5000000000002    8.49733916049663e-06    3.60133074735353    3.60126954441602
34.6000000000002    8.49414110623336e-06    3.66436083135844    3.66429858069127
34.7000000000002    8.49096916676282e-06    3.72848787728854    3.72842456087495
34.8000000000002    8.48781927326952e-06    3.79373086757507    3.79366646711774
34.9000000000002    8.48468844193942e-06    3.86010911133764    3.86004360824709
35.0000000000002    8.48157373257282e-06    3.92764224994484    3.92757562533525
35.1000000000002    8.47847402025204e-06    3.99635026265634    3.99628249732714
35.2000000000002    8.47538851507456e-06    4.06625347235434    4.06618454678256
35.3000000000002    8.47231888571728e-06    4.13737255137401    4.13730244568876
35.4000000000002    8.46926691085086e-06    4.20972852744204    4.20965722141691
35.5000000000002    8.46623540512526e-06    4.28334278973126    4.28327026276853
35.6000000000002    8.46322658612353e-06    4.35823709503665    4.35816332616487
35.7000000000002    8.46024302321587e-06    4.43443357407498    4.43435854193836
35.8000000000002    8.45728534451166e-06    4.51195473790709    4.51187842077516
35.9000000000002    8.45435421951375e-06    4.5908234844792    4.59074586023967
36.0000000000002    8.45144821409993e-06    4.67106310527768    4.67098415144907
36.1000000000002    8.44856563366426e-06    4.75269729209134    4.7526169858198
36.2000000000002    8.44570366534539e-06    4.83575014387604    4.83566846194047
36.3000000000002    8.44285949679421e-06    4.92024617371849    4.92016309252567
36.4000000000002    8.44003002056514e-06    5.00621031589912    5.00612581148163
36.5000000000002    8.43721374130458e-06    5.09366793305675    5.09358198105179
36.6000000000003    8.43440869801808e-06    5.18264482346157    5.18255739910979
36.7000000000003    8.43161491124763e-06    5.27316722840483    5.27307830652372
36.8000000000003    8.42883329695772e-06    5.36526183971514    5.3651713946822
36.9000000000003    8.42606518297166e-06    5.45895580741156    5.45886381315178
37.0000000000003    8.42331284187621e-06    5.55427674750225    5.55418317746911
37.1000000000003    8.42057781413841e-06    5.65125274993478    5.65115757710913
37.2000000000003    8.41786197878861e-06    5.74991238670149    5.74981558357865
37.3000000000003    8.41516665867943e-06    5.8502847200994    5.85018625868613
37.4000000000003    8.41249164334809e-06    5.95239931114171    5.95229916296528
37.5000000000003    8.40983635676458e-06    6.05628622811544    6.05618436421988
37.6000000000003    8.40719892634495e-06    6.16197605527907    6.16187244623318
37.7000000000003    8.40457750136998e-06    6.26949990169473    6.2693945175848
37.8000000000003    8.40196939630768e-06    6.37888941019176    6.37878222062514
37.9000000000003    8.39937271833091e-06    6.49017676646145    6.49006774054986
38.0000000000003    8.39678538079284e-06    6.6033947082868    6.60328381464165
38.1000000000003    8.39420686552834e-06    6.71857653491432    6.71846374161858
38.2000000000003    8.39163743632595e-06    6.83575611657815    6.83564139116702
38.3000000000003    8.38907740216621e-06    6.95496790418806    6.95485121363883
38.4000000000003    8.38652866809862e-06    7.07624693919239    7.07612824989215
38.5000000000003    8.38399266844406e-06    7.19962886362549    7.19950814136641
38.6000000000003    8.38147115293341e-06    7.32514993034579    7.32502714030929
38.7000000000003    8.37896537987275e-06    7.45284701346691    7.45272212021918
38.8000000000003    8.37647543526367e-06    7.58275761898036    7.58263058647859
38.9000000000003    8.37400135283342e-06    7.7149198955653    7.714790687148
39.0000000000003    8.37154197315291e-06    7.84937264557959    7.84924122397466
39.1000000000003    8.36909559506818e-06    7.98615533622643    7.98602166355026
39.2000000000003    8.36666022784404e-06    8.12530811089275    8.12517214864588
39.3000000000003    8.36423418748015e-06    8.2668718006588    8.26673350971202
39.4000000000003    8.36181597043729e-06    8.41088793598254    8.41074727656457
39.5000000000003    8.35940491932799e-06    8.55739875856609    8.5572556902395
39.6000000000003    8.35700073750251e-06    8.70644723341481    8.706301715059
39.7000000000003    8.35460393643588e-06    8.85807706110136    8.85792905088696
39.8000000000003    8.3522156619866e-06    9.01233269024704    9.01218214561193
39.9000000000003    8.34983722782761e-06    9.16925933023133    9.16910620786406
40.0000000000003    8.34746992702275e-06    9.3289029641374    9.32874721996357
40.1000000000003    8.34511461279269e-06    9.49131036193773    9.49115195111409
40.2000000000003    8.34277191295059e-06    9.65652909391963    9.65636797082444
40.3000000000003    8.34044158858407e-06    9.82460754434745    9.82444366258359
40.4000000000003    8.33812293920449e-06    9.99559492535618    9.99542823774737
40.5000000000003    8.33581472547833e-06    10.1695412910708    10.16937174966
40.6000000000003    8.33351529284082e-06    10.3464975519477    10.3463251079936
40.7000000000003    8.3312234696312e-06    10.5265154893371    10.5263400932926
40.8000000000003    8.32893774726472e-06    10.7096477702712    10.709469371778
40.9000000000003    8.32665792934366e-06    10.8959479624845    10.8957665103324
41.0000000000003    8.32438308378637e-06    11.0854705496789    11.0852859918082
41.1000000000003    8.32211445197126e-06    11.2782709470469    11.2780832304858
41.2000000000003    8.31985288012023e-06    11.4744055170662    11.4742145879231
41.3000000000003    8.31759897084333e-06    11.6739315855783    11.6737373890308
41.4000000000003    8.31535416401644e-06    11.8769074581597    11.8767099384184
41.5000000000003    8.31311910443186e-06    12.0833924367894    12.0831915370985
41.6000000000003    8.31089378644484e-06    12.2934468368141    12.2932424994505
41.7000000000003    8.30867832989637e-06    12.5071320042061    12.5069241704597
41.8000000000003    8.30647178194834e-06    12.7245103331118    12.7242989432956
41.9000000000003    8.30427305763417e-06    12.9456452836829    12.9454302771217
42.0000000000003    8.30208114494885e-06    13.1706014001922    13.1703827152046
42.1000000000003    8.29989451036388e-06    13.3994443294316    13.3992219033288
42.2000000000003    8.29771269735899e-06    13.6322408394021    13.6320146084435
42.3000000000003    8.29553547658882e-06    13.8690588383045    13.868828737674
42.4000000000003    8.29336259557889e-06    14.1099673938452    14.1097333576345
42.5000000000003    8.29119483420994e-06    14.355036752873    14.3547987140335
42.6000000000003    8.28903283432454e-06    14.60433836136    14.6040962516865
42.7000000000003    8.28687771441412e-06    14.857944884741    14.857698634837
42.8000000000003    8.28472988190827e-06    15.1159302286164    15.1156797678937
42.9000000000003    8.28259007781757e-06    15.3783695598249    15.3781148164725
43.0000000000003    8.28045775130616e-06    15.6453393278836    15.6450802288864
43.1000000000003    8.2783332051891e-06    15.916917286793    15.9166537578848
43.2000000000003    8.27621512009644e-06    16.1931825172021    16.1929144828965
43.3000000000003    8.27410282207536e-06    16.4742154489327    16.4739428324833
43.4000000000003    8.27199525922681e-06    16.7600978838611    16.7598206072543
43.5000000000003    8.26989188089584e-06    17.0509130191648    17.0506310030827
43.6000000000003    8.2677919343015e-06    17.3467454709428    17.3464586347497
43.7000000000004    8.26569584853423e-06    17.6476812982248    17.6473895599041
43.8000000000004    8.26360353369861e-06    17.9538080273846    17.9535113035336
43.9000000000004    8.26151589513824e-06    18.2652146769753    18.2649128827458
44.0000000000004    8.25943325691187e-06    18.5819917830009    18.5816848320944
44.1000000000004    8.25735639100595e-06    18.9042314246346    18.9039192292602
44.2000000000004    8.25528600503425e-06    19.2320272503894    19.2317097212399
44.3000000000004    8.25322191999851e-06    19.5654745047445    19.5651515510038
44.4000000000004    8.25116354873011e-06    19.904670055224    19.9043415845583
44.5000000000004    8.24911071447431e-06    20.2497124199267    20.2493783384432
44.6000000000004    8.24706266825194e-06    20.6007017955034    20.6003620077482
44.7000000000004    8.24501839854007e-06    20.9577400855866    20.9573944945308
44.8000000000004    8.24297751325694e-06    21.320930929676    21.3205794366649
44.9000000000004    8.24093962237774e-06    21.690379732493    21.6900222372196
45.0000000000004    8.23890462809637e-06    22.0661936938192    22.0658300942842
45.1000000000004    8.23687279844504e-06    22.4484818388376    22.4481120313048
45.2000000000004    8.2348446495866e-06    22.8373550489944    22.8369789279497
45.3000000000004    8.23282068469687e-06    23.2329260933989    23.2325435515193
45.4000000000004    8.23080138183758e-06    23.6353096607728    23.6349205888963
45.5000000000004    8.22878718075295e-06    24.0446223919576    24.0442266790528
45.6000000000004    8.22677799566429e-06    24.4609829129833    24.4605804461423
45.7000000000004    8.22477354094157e-06    24.8845118686976    24.8841025331147
45.8000000000004    8.22277336650841e-06    25.3153319569553    25.3149156359039
45.9000000000004    8.22077693944608e-06    25.7535679633672    25.7531445381728
46.0000000000004    8.21878355667063e-06    26.1993467966125    26.1989161466306
46.1000000000004    8.21679310120626e-06    26.6527975243236    26.6523595268769
46.2000000000004    8.21480481185152e-06    27.1140514095566    27.1136059399361
46.3000000000004    8.21281894502254e-06    27.5832419478658    27.5827888792427
46.4000000000004    8.21083581830786e-06    28.0605049050017    28.0600441083877
46.5000000000004    8.20885597266209e-06    28.5459783552551    28.5455096994524
46.6000000000004    8.2068793959287e-06    29.0398027204634    29.0393260720579
46.7000000000004    8.20490673193412e-06    29.5421208096925    29.5416360329783
46.8000000000004    8.20293810094619e-06    30.0530778596054    30.0525848165749
46.9000000000004    8.20097366108948e-06    30.5728215755179    30.5723201258213
47.0000000000004    8.19901276413733e-06    31.1015021731477    31.1009921741025
47.1000000000004    8.19705549663997e-06    31.6392724210528    31.6387537275607
47.2000000000004    8.19510088445251e-06    32.1862876837677    32.1857601483416
47.3000000000004    8.19314850652133e-06    32.7427059656411    32.742169438332
47.4000000000004    8.19119830066182e-06    33.3086879553895    33.3081422837229
47.5000000000004    8.18925022930201e-06    33.8843970713853    33.8838421003171
47.6000000000004    8.18730403369539e-06    34.4699995077006    34.4694350795898
47.7000000000004    8.1853602454962e-06    35.06566428093    35.06509023544
47.8000000000004    8.18341926842618e-06    35.6715632778142    35.6709794518754
47.9000000000004    8.18148105232596e-06    36.2878713036841    36.2872775314791
48.0000000000004    8.1795462024227e-06    36.9147661317381    36.9141622446074
48.1000000000004    8.17761467805809e-06    37.5524285531621    37.5518143796027
48.2000000000004    8.17568630080028e-06    38.2010424280968    38.2004177937251
48.3000000000004    8.17376092353792e-06    38.8607947374571    38.8601594649587
48.4000000000004    8.17183772756893e-06    39.5318756356057    39.5312295447399
48.5000000000004    8.16991680590725e-06    40.2144785038907    40.2138214113716
48.6000000000004    8.16799767336025e-06    40.9088000050593    40.9081317245513
48.7000000000004    8.1660802460145e-06    41.6150401385665    41.6143604806022
48.8000000000004    8.16416469448592e-06    42.3334022968017    42.3327110687082
48.9000000000004    8.16225073285156e-06    43.0640933222605    43.063390328144
49.0000000000004    8.16033879973063e-06    43.8073235656846    43.8066086063145
49.1000000000004    8.15842955474238e-06    44.5633069451946    44.562579817926
49.2000000000004    8.1565227682426e-06    45.3322610064355    45.3315215052292
49.3000000000004    8.15461861598324e-06    46.1144069837459    46.1136548990755
49.4000000000004    8.1527170896789e-06    46.9099698623614    46.9092049811713
49.5000000000004    8.15081823251519e-06    47.7191784416584    47.7184005472995
49.6000000000004    8.14892117222684e-06    48.5422653994472    48.5414742717056
49.7000000000004    8.14702600583453e-06    49.3794673573219    49.3786627722674
49.8000000000004    8.14513254860224e-06    50.2310249470837    50.2302066770361
49.9000000000004    8.14324032841865e-06    51.0971828782598    51.096350691756
50.0000000000004    8.14134942995528e-06    51.9781900067414    51.9773436684166
50.1000000000004    8.13946024933522e-06    52.8742994045708    52.8734386750602
50.2000000000004    8.13757254953359e-06    53.7857684309075    53.7848930668454
50.3000000000004    8.13568700283034e-06    54.7128588042006    54.7119685580549
50.4000000000004    8.13380339278745e-06    55.6558366755889    55.6549312956867
50.5000000000004    8.13192212860009e-06    56.6149727035478    56.6140519339368
50.6000000000004    8.13004283822968e-06    57.5905421297958    57.5896057102597
50.7000000000005    8.12816580635212e-06    58.5828248564704    58.5818725223834
50.8000000000005    8.1262905287971e-06    59.5921055245856    59.5911370069306
50.9000000000005    8.12441649188856e-06    60.6186735937836    60.617688619083
51.0000000000005    8.1225440862049e-06    61.6628234233986    61.6618217135316
51.1000000000005    8.12067246643899e-06    62.7248543548589    62.7238356271363
51.2000000000005    8.11880233099884e-06    63.8050707954557    63.804034762352
51.3000000000005    8.11693347048388e-06    64.9037823035114    64.9027286726978
51.4000000000005    8.11506590898545e-06    66.0213036749834    66.0202321492175
51.5000000000005    8.11319992514757e-06    67.157955031531    67.1568653085407
51.6000000000005    8.11133598028813e-06    68.3140619100737    68.3129536824462
51.7000000000005    8.10947353949183e-06    69.4899553538648    69.4888283090961
51.8000000000005    8.10761306298418e-06    70.6859720050951    70.6848258253679
51.9000000000005    8.10575415425941e-06    71.9024541990418    71.9012885612566
52.0000000000005    8.10389653799518e-06    73.1397500597808    73.1385646354527
52.1000000000005    8.10204035585366e-06    74.3982135974775    74.3970080525869
52.2000000000005    8.10018522089369e-06    75.6782048072844    75.676978802263
52.3000000000005    8.09833104271684e-06    76.9800897698731    76.9788429594689
52.4000000000005    8.09647783559754e-06    78.3042407536366    78.3029727868033
52.5000000000005    8.0946257041945e-06    79.6510363185998    79.6497468383858
52.6000000000005    8.0927748672974e-06    81.0208614220777    81.0195500655081
52.7000000000005    8.09092559619243e-06    82.4141075261147    82.4127739240807
52.8000000000005    8.08907744850013e-06    83.8311727067397    83.8298164840131
52.9000000000005    8.08723091256e-06    85.2724617650572    85.2710825400338
53.0000000000005    8.08538605540184e-06    86.7383863402001    86.736983724862
53.1000000000005    8.08354215022349e-06    88.2293650241655    88.2279386241137
53.2000000000005    8.08169965510863e-06    89.7458234785513    89.7443728926932
53.3000000000005    8.0798580937555e-06    91.2881945532214    91.2867193738254
53.4000000000005    8.07801746163884e-06    92.8569184069323    92.8554182194342
53.5000000000005    8.07617764851672e-06    94.4524426299557    94.4509170128648
53.6000000000005    8.07433860426441e-06    96.0752223687419    96.0736708935153
53.7000000000005    8.0725005856976e-06    97.7257204526661    97.7241426835315
53.8000000000005    8.07066365287636e-06    99.4044075229027    99.4028030167746
53.9000000000005    8.06882796213518e-06    101.111762163467    101.110130469805
54.0000000000005    8.06699354750334e-06    102.848271034458    102.846611695167
54.1000000000005    8.06516033879861e-06    104.614429007539    104.612741556861
54.2000000000005    8.0633284652993e-06    106.410739303667    106.409023268017
54.3000000000005    8.06149729982412e-06    108.237713633124    108.23596853112
54.4000000000005    8.05966735374663e-06    110.095872337858    110.094097679945
54.5000000000005    8.05783789874239e-06    111.985744536169    111.983939824758
54.6000000000005    8.05600939545373e-06    113.907868269805    113.906032998876
54.7000000000005    8.05418148552075e-06    115.862790653486    115.860924308631
54.8000000000005    8.05235445845488e-06    117.851068026923    117.84917008506
54.9000000000005    8.05052835516917e-06    119.873266109379    119.871336038661
55.0000000000005    8.04870300983771e-06    121.929960156823    121.927997416546
55.1000000000005    8.04687886115297e-06    124.021735121715    124.019739162019
55.2000000000005    8.04505586196237e-06    126.149185815473    126.147156077309
55.3000000000005    8.04323382434132e-06    128.312917073645    128.310852988658
55.4000000000005    8.04141259518474e-06    130.513543923832    130.5114449142
55.5000000000005    8.03959235252248e-06    132.75169175639    132.749557234579
55.6000000000005    8.03777268235644e-06    135.027996497953    135.025825866716
55.7000000000005    8.03595345666825e-06    137.343104787832    137.340897439975
55.8000000000005    8.03413513317083e-06    139.697674157328    139.695429475378
55.9000000000005    8.03231750222343e-06    142.092373212028    142.09009056825
56.0000000000005    8.03050064108749e-06    144.527881817142    144.525560573288
56.1000000000005    8.02868453356519e-06    147.004891285934    147.002530793092
56.2000000000005    8.02686932949403e-06    149.524104571308    149.521704169678
56.3000000000005    8.02505477624026e-06    152.086236460592    152.083795479424
56.4000000000005    8.02324131703834e-06    154.692013773574    154.689531530777
56.5000000000005    8.02142858596129e-06    157.342175563826    157.339651366024
56.6000000000005    8.01961660423412e-06    160.037473323369    160.034906465598
56.7000000000005    8.01780521096521e-06    162.778671190719    162.776060956291
56.8000000000005    8.01599433655166e-06    165.566546162371    165.563891822656
56.9000000000005    8.01418412072522e-06    168.401888307794    168.399189121947
57.0000000000005    8.01237447396742e-06    171.285500987978    171.282756202819
57.1000000000005    8.01056548549694e-06    174.218201077633    174.215409927375
57.2000000000005    8.00875719939765e-06    177.200819191083    177.197980897142
57.3000000000005    8.00694945865707e-06    180.234199911933    180.231313682784
57.4000000000005    8.00514267654945e-06    183.319202026569    183.316267057329
57.5000000000005    8.00333653692923e-06    186.456698761543    186.45371423401
57.6000000000005    8.00153105150252e-06    189.647578024908    189.644543107223
57.7000000000005    7.99972625941407e-06    192.892742651542    192.889656497953
57.8000000000006    7.99792189893242e-06    196.193110652536    196.189972403283
57.9000000000006    7.99611831526211e-06    199.549615468702    199.546424249549
58.0000000000006    7.99431508083388e-06    202.963206228273    202.959961150575
58.1000000000006    7.99251227037827e-06    206.434848008881    206.431548169143
58.2000000000006    7.99071015077734e-06    209.965522103873    209.962166583429
58.3000000000006    7.98890846423771e-06    213.556226293075    213.552814158047
58.4000000000006    7.98710749035982e-06    217.207975118054    217.204505418876
58.5000000000006    7.98530711629786e-06    220.921800161962    220.91827193329
58.6000000000006    7.98350740171197e-06    224.698750334047    224.695162594417
58.7000000000006    7.98170846509738e-06    228.539892158861    228.536243910396
58.8000000000006    7.97990980962645e-06    232.446310070278    232.442600298702
58.9000000000006    7.97811182736975e-06    236.419106710359    236.415334384312
59.0000000000006    7.97631425711269e-06    240.459403233155    240.455567304219
59.1000000000006    7.97451705175583e-06    244.568339613547    244.564439015864
59.2000000000006    7.97272025041427e-06    248.747074961185    248.743108611124
59.3000000000006    7.97092396168947e-06    252.996787839642    252.992754635473
59.4000000000006    7.96912833668522e-06    257.318676590876    257.314575412444
59.5000000000006    7.96733321154455e-06    261.713959665078    261.709789373659
59.6000000000006    7.96553840283084e-06    266.183875956012    266.179635394018
59.7000000000006    7.96374439424423e-06    270.729685141904    270.725373132219
59.8000000000006    7.96195081913728e-06    275.352668031998    275.348283378107
59.9000000000006    7.96015772290647e-06    280.054126918829    280.049668404277
60.0000000000006    7.95836504519616e-06    284.83538593632    284.830852324442
60.1000000000006    7.95657282052784e-06    289.697791423798    289.693181457331
60.2000000000006    7.95478095965963e-06    294.64271229602    294.638024696834
60.3000000000006    7.95298951212805e-06    299.671540419324    299.666773887996
60.4000000000006    7.95119850360199e-06    304.785690994012    304.78084420949
60.5000000000006    7.94940798418171e-06    309.986602943087    309.981674562311
60.6000000000006    7.94761768197258e-06    315.275739307424    315.270727965171
60.7000000000006    7.94582818313646e-06    320.654587647512    320.649491955482
60.8000000000006    7.94403914994093e-06    326.124660451838    326.119478998859
60.9000000000006    7.94225034146996e-06    331.687495552041    331.682226903636
61.0000000000006    7.94046228482204e-06    337.344656544908    337.339299242403
61.1000000000006    7.93867441551109e-06    343.097733221351    343.092285782203
61.2000000000006    7.93688669579457e-06    348.948342002456    348.942802919513
61.3000000000006    7.93509949587161e-06    354.898126382739    354.892494123544
61.4000000000006    7.93331269690284e-06    360.94875738073    360.943030387445
61.5000000000006    7.9315262943492e-06    367.101933997022    367.096110685925
61.6000000000006    7.92974036364766e-06    373.359383679905    373.353462440909
61.7000000000006    7.9279546648773e-06    379.72286279872    379.71684199517
61.8000000000006    7.92616941137625e-06    386.194157125047    386.188035092941
61.9000000000006    7.92438475054636e-06    392.775082321844    392.768857369427
62.0000000000006    7.92260044338591e-06    399.46748444068    399.461154848288
62.1000000000006    7.92081643109134e-06    406.273240427166    406.266804446627
62.2000000000006    7.91903272874446e-06    413.194258634719    413.187714488827
62.3000000000006    7.91724938554928e-06    420.232479346807    420.225825228811
62.4000000000006    7.9154663335656e-06    427.389875307813    427.38310938103
62.5000000000006    7.91368371835149e-06    434.668452262675    434.661572659811
62.6000000000006    7.91190134856998e-06    442.070249505448    442.063254328387
62.7000000000006    7.91011935109348e-06    449.597340436947    449.590227755964
62.8000000000006    7.90833773053087e-06    457.251833131605    457.244600984951
62.9000000000006    7.90655663179318e-06    465.035870913702    465.028517306945
63.0000000000006    7.90477587262856e-06    472.951632943115    472.944155848906
63.1000000000006    7.90299533614524e-06    481.001334810724    480.993732168196
63.2000000000006    7.90121515402457e-06    489.187229143629    489.179498857611
63.3000000000006    7.89943527343041e-06    497.511606220346    497.503746160974
63.4000000000006    7.89765570760219e-06    505.976794596151    505.968802598229
63.5000000000006    7.89587630060031e-06    514.585161738733    514.577035601329
63.6000000000006    7.89409741373828e-06    523.339114674353    523.330852159675
63.7000000000006    7.89231863145498e-06    532.241100644675    532.23269947827
63.8000000000006    7.89054036176068e-06    541.293607774444    541.285065643727
63.9000000000006    7.88876251108675e-06    550.499165750192    550.490480304348
64.0000000000006    7.88698484133319e-06    559.860346510147    559.851515359666
64.1000000000006    7.88520765251585e-06    569.379764945505    569.370785660949
64.2000000000006    7.8834306074393e-06    579.060079613261    579.050949725325
64.3000000000006    7.88165388646964e-06    588.903993460773    588.894710459041
64.4000000000006    7.87987735000652e-06    598.91425456227    598.904815894907
64.5000000000006    7.87810113421634e-06    609.09365686748    609.084059940227
64.6000000000006    7.87632524622288e-06    619.445040962616    619.435283138242
64.7000000000006    7.87454973151943e-06    629.971294843913    629.961373441458
64.8000000000006    7.87277440539568e-06    640.675354703922    640.665266998271
64.9000000000006    7.87099942382722e-06    651.560205730781    651.549948951504
65.0000000000006    7.86922482806027e-06    662.628882920646    662.618454251397
65.1000000000006    7.86745022996032e-06    673.884471903526    673.873868481861
65.2000000000006    7.86567624922893e-06    685.33010978269    685.319328697956
65.3000000000006    7.86390243382097e-06    696.968985987896    696.958024281887
65.4000000000006    7.86212887171473e-06    708.804343142662    708.793197808107
65.5000000000006    7.86035540952378e-06    720.839477945814    720.828145925908
65.6000000000005    7.85858227485987e-06    733.077742067538    733.066220254584
65.7000000000005    7.85680973139276e-06    745.522543060201    745.510828294699
65.8000000000005    7.85503701579323e-06    758.177345284194    758.165434355531
65.9000000000005    7.85326483189251e-06    771.045670849009    771.033560492414
66.0000000000005    7.85149298638168e-06    784.131100569819    784.118787466822
66.1000000000005    7.84972121660664e-06    797.437274939805    797.424755717486
66.2000000000005    7.84794962036427e-06    810.967895118472    810.955166347998
66.3000000000005    7.84617851356481e-06    824.726723936203    824.713782131545
66.4000000000005    7.84440761918179e-06    838.717586915338    838.7044285333
66.5000000000005    7.84263694991821e-06    852.944373308047    852.930994746854
66.6000000000005    7.84086659070761e-06    867.411037151259    867.39743474947
66.7000000000005    7.83909622533829e-06    882.121598338959    882.107768375189
66.8000000000005    7.83732620264345e-06    897.080143712128    897.066082402899
66.9000000000005    7.83555662994485e-06    912.290828166609    912.276531665735
67.0000000000005    7.83378726553811e-06    927.757875779212    927.743340177415
67.1000000000005    7.83201814472654e-06    943.48558095233    943.470802275698
67.2000000000005    7.83024919342164e-06    959.478309577349    959.463283786486
67.3000000000005    7.82848033678833e-06    975.740500217185    975.725223206141
67.4000000000004    7.8267119420876e-06    992.276665308218    992.261132902534
67.5000000000004    7.8249437916275e-06    1009.091392382    1009.07560033872
67.6000000000004    7.82317565576192e-06    1026.189345307    1026.1732893136
67.7000000000004    7.82140795340994e-06    1043.57526555083    1043.55894122274
67.8000000000004    7.81964045403841e-06    1061.25397346308    1061.23737634386
67.9000000000004    7.81787307072541e-06    1079.2303695794    1079.21349513924
68.0000000000004    7.81610602870889e-06    1097.50943594691    1097.49227958076
68.1000000000004    7.81433923117164e-06    1116.09623747136    1116.07879449843
68.2000000000004    7.81257254198977e-06    1134.99592328649    1134.97818894907
68.3000000000004    7.81080621565028e-06    1154.21372814581    1154.19569760712
68.4000000000004    7.8090402007915e-06    1173.75497383719    1173.73664218079
68.5000000000004    7.80727416848041e-06    1193.6250706207    1193.60643284984
68.6000000000004    7.80550853897412e-06    1213.82951869006    1213.81056972462
68.7000000000004    7.80374295510535e-06    1234.37390965804    1234.35464433498
68.8000000000004    7.80197766491343e-06    1255.2639280663    1255.24434113686
68.9000000000004    7.80021253175011e-06    1276.50535291993    1276.48543904916
69.0000000000004    7.79844780305599e-06    1298.10405924726    1298.08381301165
69.1000000000003    7.79668319288417e-06    1320.06601968522    1320.04543557261
69.2000000000003    7.79491887556194e-06    1342.39730609072    1342.37637849765
69.3000000000003    7.79315470225793e-06    1365.1040911784    1365.08281440947
69.4000000000003    7.79139074305498e-06    1388.19265018526    1388.17101845107
69.5000000000003    7.78962702850722e-06    1411.6693625626    1411.64736997827
69.6000000000003    7.78786349303657e-06    1435.54071369564    1435.51835427954
69.7000000000003    7.78610002072032e-06    1459.81329665141    1459.79056432372
69.8000000000003    7.78433695255116e-06    1484.49381395523    1484.47070253503
69.9000000000003    7.78257392444281e-06    1509.58907939639    1509.56558260204
70.0000000000003    7.78081129298666e-06    1535.10601986335    1535.08213130871
70.1000000000003    7.7790489198952e-06    1561.05167720912    1561.02739040332
70.2000000000003    7.77728673897977e-06    1587.43321014708    1587.40851849261
70.3000000000003    7.77552453010207e-06    1614.25789617795    1614.2327929694
70.4000000000003    7.77376262431448e-06    1641.53313354823    1641.50761196879
70.5000000000003    7.77200093931154e-06    1669.26644324078    1669.24049636171
70.6000000000003    7.77023961846557e-06    1697.46547099796    1697.43909177603
70.7000000000003    7.76847824500196e-06    1726.13798937794    1726.11117065545
70.8000000000003    7.76671712630707e-06    1755.29189984467    1755.26463434512
70.9000000000002    7.76495623231799e-06    1784.93523489208    1784.90751521937
71.0000000000002    7.76319557958138e-06    1815.07616020306    1815.04797883939
71.1000000000002    7.76143521553679e-06    1845.72297684382    1845.69432614757
71.2000000000002    7.75967483763382e-06    1876.88412349409    1876.8549956991
71.3000000000002    7.7579148671142e-06    1908.56817871386    1908.5385659247
71.4000000000002    7.75615480881317e-06    1940.78386324719    1940.75375744051
71.5000000000002    7.75439517195773e-06    1973.5400423637    1973.50943538229
71.6000000000002    7.75263559477266e-06    2006.84572823837    2006.81461179235
71.7000000000002    7.75087631805955e-06    2040.71008237031    2040.6784480326
71.8000000000002    7.74911716597181e-06    2075.14241804106    2075.11025724681
71.9000000000002    7.74735841643607e-06    2110.15220281316    2110.11950685561
72.0000000000002    7.74559953709823e-06    2145.74906106952    2145.71582110111
72.1000000000002    7.74384110408693e-06    2181.94277659438    2181.90898361974
72.2000000000002    7.74208285441406e-06    2218.74329519638    2218.70894007351
72.3000000000002    7.7403246473576e-06    2256.1607273746    2256.12580081197
72.4000000000002    7.73856671856982e-06    2294.20535102806    2294.16984358049
72.5000000000002    7.73680887992836e-06    2332.8876142096    2332.85151627767
72.6000000000002    7.7350513472145e-06    2372.21813792472    2372.18143975037
72.7000000000001    7.73329376762962e-06    2412.20771897616    2412.17041064284
72.8000000000001    7.73153671385957e-06    2452.86733285502    2452.82940428059
72.9000000000001    7.72977960522348e-06    2494.20813667905    2494.16957761873
73.0000000000001    7.72802271578686e-06    2536.24147217903    2536.20227221855
73.1000000000001    7.72626611156367e-06    2578.97886873381    2578.93901728764
73.2000000000001    7.72450955329056e-06    2622.43204645503    2622.39153276518
73.3000000000001    7.72275333054124e-06    2666.61291932211    2666.57173245258
73.4000000000001    7.72099710942879e-06    2711.53359836851    2711.49172720565
73.5000000000001    7.71924121951519e-06    2757.20639491992    2757.16382816599
73.6000000000001    7.71748553377898e-06    2803.64382388538    2803.60055005804
73.7000000000001    7.7157298942916e-06    2850.85860710217    2850.81461453164
73.8000000000001    7.71397453354108e-06    2898.86367673519    2898.81895355903
73.9000000000001    7.71221937790519e-06    2947.67217873195    2947.6267128936
74.0000000000001    7.71046433416588e-06    2997.29747633384    2997.25125557965
74.1000000000001    7.70870937617527e-06    3047.75315364478    3047.70616552037
74.2000000000001    7.70695488729282e-06    3099.05301925792    3099.00525110244
74.3000000000001    7.70520016597203e-06    3151.21110994174    3151.16254889117
74.4    7.70344601097142e-06    3204.24169438601    3204.19232736051
74.5    7.70169171075954e-06    3258.15927700905    3258.10909071898
74.6    7.69993788037063e-06    3312.97860182698    3312.92758276096
74.7    7.69818405511582e-06    3368.71465638608    3368.66279081444
74.8    7.69643044537191e-06    3425.38267575934    3425.32994972612
74.9    7.69467708901582e-06    3482.99814660807    3482.94454592843
75    7.69292368766584e-06    3541.57681130979    3541.52232156869
75.1    7.69117070214048e-06    3601.13467215336    3601.07927869643
75.2    7.6894178502751e-06    3661.68799560243    3661.63168353737
75.3    7.68766514272582e-06    3723.25331662848    3723.19607081908
75.4    7.68591243185507e-06    3785.84744311431    3785.78924817774
75.5    7.68416001144987e-06    3849.48746032942    3849.4283006288
75.6    7.68240777904253e-06    3914.19073547815    3914.13059512147
75.7    7.68065574454054e-06    3979.9749223221    3979.91378515717
75.8    7.67890399701186e-06    4046.85796587764    4046.79581548727
75.9    7.67715221576688e-06    4114.85810719012    4114.79492689109
76    7.67540064806895e-06    4183.99388818562    4183.92966101979
76.1    7.67364940953703e-06    4254.28415660181    4254.21886533262
76.1999999999999    7.67189809232783e-06    4325.74807099904    4325.6816981115
76.2999999999999    7.67014695931313e-06    4398.40510585299    4398.33763354341
76.3999999999999    7.6683962883051e-06    4472.27505673018    4472.20646690126
76.4999999999999    7.66664556903477e-06    4547.37804554781    4547.30831981088
76.5999999999999    7.66489502348664e-06    4623.73452591914    4623.66364558291
76.6999999999999    7.66314456616009e-06    4701.36528858582    4701.29323465425
76.7999999999999    7.66139442870107e-06    4780.29146693868    4780.21822010302
76.8999999999999    7.6596444302868e-06    4860.5345426282    4860.46008326586
76.9999999999999    7.65789470536321e-06    4942.1163512664    4942.04065943277
77.0999999999999    7.65614504382916e-06    5025.05908822133    5024.98214364796
77.1999999999999    7.6543955480704e-06    5109.38531450581    5109.30709659211
77.2999999999999    7.65264615958189e-06    5195.11796276197    5195.03845057139
77.3999999999999    7.65089681847322e-06    5282.28034334303    5282.19951559769
77.4999999999999    7.64914809082648e-06    5370.89615049401    5370.81398556243
77.5999999999999    7.64739904985629e-06    5460.98946863289    5460.90594454028
77.6999999999999    7.64565052739705e-06    5552.58477873393    5552.4998731376
77.7999999999999    7.64390193237187e-06    5645.7069648146    5645.62065501359
77.8999999999998    7.64215368902548e-06    5740.38132052803    5740.29358344596
77.9999999999998    7.64040559154299e-06    5836.63355586246    5836.54436804858
78.0999999999998    7.63865749621048e-06    5934.48980394969    5934.39914157218
78.1999999999998    7.63690972546414e-06    6033.97662798393    6033.88446681817
78.2999999999998    7.63516189763214e-06    6135.12102825316    6135.02734368383
78.3999999999998    7.63341443260584e-06    6237.95044928469    6237.85521628966
78.4999999999998    7.63166710705694e-06    6342.49278710669    6342.39598025833
78.5999999999998    7.62991989102507e-06    6448.77639662776    6448.67799008399
78.6999999999998    7.62817288825476e-06    6556.83009913618    6556.73006663205
78.7999999999998    7.62642601585061e-06    6666.68318992098    6666.58150476423
78.8999999999998    7.62467935912422e-06    6778.36544601667    6778.26208107859
78.9999999999998    7.62293267213522e-06    6891.90713407371    6891.80206178654
79.0999999999998    7.62118642883504e-06    7007.33901835661    7007.23221069655
79.1999999999998    7.61944016346081e-06    7124.69236887192    7124.5837973648
79.2999999999998    7.61769422123296e-06    7243.9989696281    7243.88860533064
79.3999999999998    7.61594816253567e-06    7365.29112702935    7365.17894053291
79.4999999999998    7.61420248960401e-06    7488.60167840565    7488.48763981487
79.5999999999998    7.61245714509205e-06    7613.96400068101    7613.84807961414
79.6999999999997    7.6107117009385e-06    7741.41201918264    7741.29418476937
79.7999999999997    7.60896635582699e-06    7870.98021659262    7870.8604374567
79.8999999999997    7.60722134885614e-06    8002.70364204482    8002.58188629506
79.9999999999997    7.6054762315331e-06    8136.61792036941    8136.4941556023
80.0999999999997    7.60373171303216e-06    8272.75926148702    8272.63345475971
80.1999999999997    7.60198700887414e-06    8411.16446995543    8411.03658780152
80.2999999999997    7.60024264246378e-06    8551.87095467088    8551.74096307024
80.3999999999997    7.59849827033971e-06    8694.91673872656    8694.78460311099
80.4999999999997    7.59675420020641e-06    8840.34046943087    8840.20615466404
80.5999999999997    7.59501031526253e-06    8988.18142848804    8988.04489886366
80.6999999999997    7.59326661433903e-06    9138.47954234367    9138.34076157424
80.7999999999997    7.59152295057357e-06    9291.27539269781    9291.13432390797
80.8999999999997    7.58977930941499e-06    9446.61022718837    9446.46683290301
80.9999999999997    7.58803610009969e-06    9604.52597024745    9604.38021237389
81.0999999999997    7.58629302520946e-06    9765.06523413354    9764.91707396497
81.1999999999997    7.58454993208655e-06    9928.27133014253    9928.12072834549
81.2999999999997    7.58280707055621e-06    10094.1882799999    10094.0351965962
81.3999999999997    7.58106438667291e-06    10262.8608274377    10262.7052217999
81.4999999999996    7.57932188886148e-06    10434.3344499584    10434.1762807982
81.5999999999996    7.57757970846424e-06    10608.6553707896    10608.4945961445
81.6999999999996    7.57583744655367e-06    10785.8705710323    10785.7071482661
81.7999999999996    7.57409522852305e-06    10966.0278020053    10965.8616877858
81.8999999999996    7.57235344287691e-06    11149.1755977892    11149.0067480713
81.9999999999996    7.57061171572444e-06    11335.363287974    11335.1916580051
82.0999999999996    7.56887021703271e-06    11524.6410106127    11524.4665549089
82.1999999999996    7.56712881163697e-06    11717.0597253838    11716.8823977252
82.2999999999996    7.56538759991685e-06    11912.6712269676    11912.4909803808
82.3999999999996    7.56364639109519e-06    12111.5281586381    12111.3449453914
82.4999999999996    7.56190546683173e-06    12313.6840260751    12313.4977976543
82.5999999999996    7.56016475387726e-06    12519.1932113992    12519.0039185037
82.6999999999996    7.55842400685441e-06    12728.1109874338    12727.9185799688
82.7999999999996    7.55668360019571e-06    12940.4935321983    12940.2979592457
82.8999999999996    7.55494332658826e-06    13156.3979436342    13156.1991534543
82.9999999999996    7.55320306257085e-06    13375.8822545704    13375.680194587
83.0999999999996    7.55146306393901e-06    13599.0054479299    13598.8000647061
83.1999999999995    7.54972342769305e-06    13825.8274721817    13825.6187114107
83.2999999999995    7.54798368994273e-06    14056.4092570435    14056.1970635495
83.3999999999995    7.54624405622113e-06    14290.8127294365    14290.5970471428
83.4999999999995    7.54450467055744e-06    14529.1008296992    14528.8816016151
83.5999999999995    7.54276557429183e-06    14771.3375280626    14771.1146962709
83.6999999999995    7.54102664282519e-06    15017.5878413908    15017.3613470387
83.7999999999995    7.53928754298622e-06    15267.9178501932    15267.6876334831
83.8999999999995    7.53754892482915e-06    15522.3947159101    15522.1607160547
83.9999999999995    7.53581028655787e-06    15781.0866984783    15780.8488537197
84.0999999999995    7.53407193680872e-06    16044.0631741793    16043.8214217484
84.1999999999995    7.53233370076502e-06    16311.3946537763    16311.1489298919
84.2999999999995    7.53059549885821e-06    16583.1528009439    16582.9030407931
84.3999999999995    7.52885760532128e-06    16859.4104509942    16859.1565887043
84.4999999999995    7.5271197774502e-06    17140.2416299064    17139.9835985451
84.5999999999995    7.52538224976549e-06    17425.721573662    17425.459305204
84.6999999999995    7.52364469543622e-06    17715.9267478933    17715.6601732224
84.7999999999995    7.52190746693407e-06    18010.9348678477    18010.6639167148
84.8999999999995    7.52017022391267e-06    18310.8249186741    18310.5495197045
84.9999999999994    7.51843316595208e-06    18615.6771760371    18615.3972566923
85.0999999999994    7.51669632851996e-06    18925.5732270631    18925.2887136281
85.1999999999994    7.51495951186001e-06    19240.5959916235    19240.306809197
85.2999999999994    7.51322302065585e-06    19560.8297439624    19560.5358164181
85.3999999999994    7.5114866732273e-06    19886.3601346714    19886.0613846572
85.4999999999994    7.5097504118874e-06    20217.2742130195    20216.9705619331
85.5999999999994    7.50801436389157e-06    20553.6604496425    20553.351817604
85.6999999999994    7.50627835903626e-06    20895.6087595981    20895.2950654411
85.7999999999994    7.50454254664904e-06    21243.2105257921    21242.8916870304
85.8999999999994    7.50280704669793e-06    21596.5586227826    21596.2345555896
85.9999999999994    7.50107154163854e-06    21955.747440967    21955.4180601731
86.0999999999994    7.49933625042963e-06    22320.8729111588    22320.5381302067
86.1999999999994    7.4976011015464e-06    22692.0325295604    22691.6922604955
86.2999999999994    7.49586587497171e-06    23069.3253831377    23068.9795365923
86.3999999999994    7.49413125347081e-06    23452.852175403    23452.5006605324
86.4999999999994    7.49239645126758e-06    23842.7152526137    23842.3579771402
86.5999999999994    7.49066182447041e-06    24239.0186303922    24238.6555005292
86.6999999999993    7.48892763410838e-06    24641.8680207742    24641.4989412054
86.7999999999993    7.48719325554239e-06    25051.3708596927    25050.9957335915
86.8999999999993    7.48545930548209e-06    25467.6363349041    25467.2550638473
86.9999999999993    7.4837253110683e-06    25890.7754143629    25890.3878983603
87.0999999999993    7.48199143418385e-06    26320.9008750542    26320.5070124913
87.1999999999993    7.48025793757277e-06    26758.127332289    26757.7270198947
87.2999999999993    7.47852449386426e-06    27202.5712694709    27202.1644023226
87.3999999999993    7.47679113872752e-06    27654.3510683419    27653.9375398198
87.4999999999993    7.47505812805108e-06    28113.5870397143    28113.1667414615
87.5999999999993    7.47332492596534e-06    28580.4014546967    28579.9742766359
87.6999999999993    7.47159203067765e-06    29054.9185764219    29054.4844066697
87.7999999999993    7.46985950002747e-06    29537.2646922853    29536.823417147
87.8999999999993    7.46812702205925e-06    30027.568146701    30027.1196506642
87.9999999999993    7.46639447629239e-06    30525.959374385    30525.5035400795
88.0999999999993    7.46466232987263e-06    31032.5709341725    31032.1076423043
88.1999999999993    7.46293025448373e-06    31547.5375433788    31547.0666727481
88.2999999999993    7.46119822633698e-06    32070.9961127129    32070.517540165
88.3999999999993    7.45946657648802e-06    32603.0857817512    32602.5993821221
88.4999999999992    7.4577349300926e-06    33143.9479549812    33143.4536011112
88.5999999999992    7.45600345102675e-06    33693.7263384249    33693.2239010914
88.6999999999992    7.45427200033249e-06    34252.566976849    34252.0563247536
88.7999999999992    7.45254088605411e-06    34820.6182915734    34820.0992912783
88.8999999999992    7.45081002338699e-06    35398.031118887    35397.503634807
88.9999999999992    7.449079072743e-06    35984.9587490797    35984.4226434669
89.0999999999992    7.44734840169718e-06    36581.5569661017    36581.0120989599
89.1999999999992    7.44561782771367e-06    37187.9840878579    37187.4303169465
89.2999999999992    7.44388746068968e-06    37804.4010071508    37803.8381879271
89.3999999999992    7.4421574105543e-06    38430.971233279    38430.3992188613
89.4999999999992    7.44042711154533e-06    39067.8609343044    39067.2795754866
89.5999999999992    7.4386972797127e-06    39715.2389799963    39714.6481251112
89.6999999999992    7.43696754549655e-06    40373.2769854652    40372.6764804299
89.7999999999992    7.43523789164036e-06    41042.1493554964    41041.5390437461
89.8999999999992    7.43350837672074e-06    41722.0333295943    41721.4130520366
89.9999999999992    7.4317790181232e-06    42413.1090277495    42412.478622727
90.0999999999992    7.43004993091023e-06    43115.5594969394    43114.9188001801
90.1999999999992    7.42832102435942e-06    43829.5707583747    43828.9196029678
90.2999999999991    7.42659220278987e-06    44555.3318555032    44554.6700718577
90.3999999999991    7.42486332720864e-06    45293.0349027833    45292.3623185895
90.4999999999991    7.42313480948952e-06    46042.8751352384    46042.1915753742
90.5999999999991    7.42140637008249e-06    46805.0509588062    46804.3562453553
90.6999999999991    7.41967810161417e-06    47579.7640014951    47579.0579536677
90.7999999999991    7.41795011608114e-06    48367.2191653595    48366.5015994443
90.8999999999991    7.41622217662479e-06    49167.6246793082    49166.8954086596
90.9999999999991    7.41449447217578e-06    49981.1921527588    49980.4509877083
91.0999999999991    7.41276684346297e-06    50808.1366301514    50807.3833779939
91.1999999999991    7.41103925441925e-06    51648.6766463354    51647.9111112687
91.2999999999991    7.40931182294154e-06    52503.0342828432    52502.2562659024
91.3999999999991    7.40758473395346e-06    53371.4352250644    53370.6445240639
91.4999999999991    7.40585781496729e-06    54254.1088203365    54253.3052298562
91.5999999999991    7.40413095349539e-06    55151.2881369654    55150.471448293
91.6999999999991    7.40240422179719e-06    56063.2100241896    56062.3800252485
91.7999999999991    7.40067779505438e-06    56990.1151731051    56989.2716483879
91.8999999999991    7.39895130780986e-06    57932.2481785646    57931.3909091406
91.999999999999    7.39722494077092e-06    58889.8576020683    58888.9863654662
92.099999999999    7.39549895969792e-06    59863.1960356592    59862.3106057994
92.199999999999    7.39377293103748e-06    60852.5201668423    60851.6203140628
92.299999999999    7.39204704833479e-06    61858.0908445415    61857.1763354659
92.399999999999    7.390321533432e-06    62880.1731461109    62879.2437435842
92.499999999999    7.3885959522472e-06    63919.036445419    63918.0919085299
92.599999999999    7.38687064698278e-06    64974.954482021    64973.9945659437
92.699999999999    7.38514553794029e-06    66048.2054314366    66047.2298874219
92.799999999999    7.38342035574347e-06    67139.0719765526    67138.0805518913
92.899999999999    7.38169562847534e-06    68247.8413801656    68246.8338180184
92.999999999999    7.37997080046295e-06    69374.805558685    69373.7815981632
93.099999999999    7.37824617301092e-06    70520.261157014    70519.220532998
93.199999999999    7.37652185873732e-06    71684.5096246264    71683.4520677232
93.299999999999    7.37479755899364e-06    72867.8572928601    72866.7825293941
93.399999999999    7.37307355423835e-06    74070.6154534446    74069.523205306
93.499999999999    7.3713496507488e-06    75293.1004382838    75291.9904229269
93.599999999999    7.36962563789838e-06    76535.6337005127    76534.5056308894
93.699999999999    7.36790203351267e-06    77798.5418968482    77797.3954812248
93.7999999999989    7.3661786132258e-06    79082.1569712557    79080.991913251
93.8999999999989    7.36445511645653e-06    80386.8162399522    80385.6322384715
93.9999999999989    7.36273196609814e-06    81712.8624777656    81711.6592268156
94.0999999999989    7.3610090655489e-06    83060.6440058721    83059.4211945662
94.1999999999989    7.35928609004901e-06    84430.5147809366    84429.2720934559
94.2999999999989    7.35756343436947e-06    85822.8344856735    85821.5716010676
94.3999999999989    7.35584082321374e-06    87237.9686208536    87236.6852130724
94.4999999999989    7.35411823029487e-06    88676.2885987796    88674.9843365502
94.5999999999989    7.35239601044665e-06    90138.1718382517    90136.846384927
94.6999999999989    7.35067383647998e-06    91624.00186105    91622.6548746447
94.7999999999989    7.34895190793536e-06    93134.1683899549    93132.7995229657
94.8999999999989    7.34723012187285e-06    94669.0674483315    94667.6763477043
94.9999999999989    7.34550840017091e-06    96229.101461302    96227.68776834
95.0999999999989    7.34378680529122e-06    97814.6793585314    97813.2427087786
95.1999999999989    7.34206555801362e-06    99426.2166786519    99424.756701769
95.2999999999989    7.34034445494957e-06    101064.135675352    101062.651995107
95.3999999999989    7.33862330896849e-06    102728.865425161    102727.357659333
95.4999999999988    7.33690221712936e-06    104420.841936941    104419.30969717
95.5999999999988    7.33518145965337e-06    106140.508263138    106138.951154783
95.6999999999988    7.33346093239038e-06    107888.314612793    107886.732234917
95.7999999999988    7.33174052307518e-06    109664.718466364    109663.110411633
95.8999999999988    7.3300201954066e-06    111470.18469237    111468.550546938
95.9999999999988    7.32830012704865e-06    113305.185665898    113303.525009255
96.0999999999988    7.3265800532156e-06    115170.201388995    115168.513793959
96.1999999999988    7.32486014252316e-06    117065.719612981    117064.004645495
96.2999999999988    7.32314043849484e-06    118992.235962703    118990.493181755
96.3999999999988    7.32142100461958e-06    120950.254062775    120948.483020281
96.4999999999988    7.31970154871895e-06    122940.285665828    122938.485906603
96.5999999999988    7.31798244171919e-06    124962.850782791    124961.021844279
96.6999999999988    7.31626329599174e-06    127018.47781526    127016.619227604
96.7999999999988    7.3145443754878e-06    129107.703689969    129105.814975728
96.8999999999988    7.31282562428947e-06    131231.073995392    131229.154669507
96.9999999999988    7.3111069511076e-06    133389.143120535    133387.192690212
97.0999999999988    7.30938849141531e-06    135582.474395923    135580.492360454
97.1999999999988    7.30767011340907e-06    137811.640236835    137809.626087544
97.2999999999987    7.30595200818209e-06    140077.222288821    140075.175508848
97.3999999999987    7.30423405717452e-06    142379.811575527    142377.731639781
97.4999999999987    7.30251604466195e-06    144720.008648875    144717.89502394
97.5999999999987    7.30079847059453e-06    147098.423741633    147096.27588542
97.6999999999987    7.29908084455202e-06    149515.676922404    149513.494284308
97.7999999999987    7.29736346126263e-06    151972.398253087    151970.18027362
97.8999999999987    7.29564618367599e-06    154469.227948839    154466.974059616
97.9999999999987    7.29392908747158e-06    157006.816540575    157004.526164109
98.0999999999987    7.29221211287502e-06    159585.825040057    159583.497589656
98.1999999999987    7.29049531225919e-06    162206.925107603    162204.559987192
98.2999999999987    7.28877882992927e-06    164870.799222463    164868.395826398
98.3999999999987    7.2870620824228e-06    167578.140855899    167575.698569064
98.4999999999987    7.28534578742391e-06    170329.654647022    170327.172844239
98.5999999999987    7.28362953296161e-06    173126.056581409    173123.53462766
98.6999999999987    7.28191360681379e-06    175968.074172569    175965.511422603
98.7999999999987    7.28019778226184e-06    178856.446646289    178853.842444635
98.8999999999987    7.27848207669416e-06    181791.925127901    181789.278808624
98.9999999999986    7.276766415551e-06    184775.27283253    184772.583719099
99.0999999999986    7.27505091829304e-06    187807.265258359    187804.532663403
99.1999999999986    7.27333569288783e-06    190888.690382957    190885.913608103
99.2999999999986    7.27162061041878e-06    194020.348862734    194017.527198517
99.3999999999986    7.26990578078314e-06    197203.054235553    197200.18696115
99.4999999999986    7.26819080146819e-06    200437.633126564    200434.719509818
99.5999999999986    7.26647612786958e-06    203724.925457292    203721.964754191
99.6999999999986    7.26476160305693e-06    207065.78465806    207062.776112793
99.7999999999986    7.26304720125553e-06    210461.077883765    210458.020728484
99.8999999999986    7.26133313063673e-06    213911.686233086    213908.579687615
99.9999999999986    7.2596191302131e-06    217418.504971168    217415.348243009
100.099999999999    7.25790509232224e-06    220982.443755837    220979.236039911
100.199999999999    7.25619141918447e-06    224604.426867399    224601.16734562
100.299999999999    7.25447777946594e-06    228285.393442082    228282.081283482
100.399999999999    7.25276433176585e-06    232026.297709189    232022.932069487
100.499999999999    7.25105107339614e-06    235828.109231993    235824.689253463
100.599999999999    7.24933795497283e-06    239691.81315247    239688.337963745
100.699999999999    7.24762491836703e-06    243618.41043989    243614.879155759
100.799999999999    7.24591219864458e-06    247608.918143365    247605.329864405
100.899999999999    7.24419947467902e-06    251664.369648389    251660.723461014
100.999999999999    7.2424870027111e-06    255785.814937441    255782.109913395
101.099999999999    7.24077453220328e-06    259974.320854725    259970.556051102
101.199999999999    7.23906239802093e-06    264230.971375092    264227.145833807
101.299999999999    7.23735032951496e-06    268556.86787723    268552.980625091
101.399999999999    7.23563850105135e-06    272953.129421174    272949.17946941
101.499999999999    7.23392660445711e-06    277420.893030218    277416.879374495
101.599999999999    7.23221499963581e-06    281961.31397728    281957.235597088
101.699999999998    7.23050355387584e-06    286575.566075806    286571.421934473
101.799999999998    7.22879234547841e-06    291264.841975279    291260.631019599
101.899999999998    7.22708103774585e-06    296030.353461403    296026.074621619
101.999999999998    7.22537011735712e-06    300873.331761041    300868.983950095
102.099999999998    7.22365928072599e-06    305795.027851969    305790.6099657
102.199999999998    7.22194842133135e-06    310796.712777544    310792.223694305
102.299999999998    7.22023812816313e-06    315879.677966336    315875.116546281
102.399999999998    7.21852752553303e-06    321045.235556831    321040.600642549
102.499999999998    7.21681747470399e-06    326294.718727253    326290.009142386
102.599999999998    7.21510730852008e-06    331629.482030616    331624.696580545
102.699999999998    7.21339728658518e-06    337050.901735068    337046.039206023
102.799999999998    7.21168754263517e-06    342560.376169611    342555.435328448
102.899999999998    7.20997788613655e-06    348159.326075298    348154.305669412
102.999999999998    7.20826845263672e-06    353849.194961975    353844.093718768
103.099999999998    7.2065591522355e-06    359631.449470655    359626.266097382
103.199999999998    7.20485000448324e-06    365507.579741638    365502.312925009
103.299999999998    7.2031410456105e-06    371479.099788422    371473.748194268
103.399999999998    7.20143203774691e-06    377547.547877548    377542.110150694
103.499999999998    7.19972322481163e-06    383714.486914428    383708.961678001
103.599999999998    7.19801487627597e-06    389981.504835267    389975.890690331
103.699999999998    7.19630631857329e-06    396350.215005193    396344.510531131
103.799999999998    7.19459814101537e-06    402822.256622661    402816.460375845
103.899999999998    7.19288997715151e-06    409399.29513024    409393.405644429
103.999999999998    7.1911819470692e-06    416083.022631896    416077.038417488
104.099999999998    7.1894742001107e-06    422875.158316859    422869.077860493
104.199999999998    7.18776662593963e-06    429777.448890178    429771.270654578
104.299999999998    7.18605917505231e-06    436791.669010077    436785.391433627
104.399999999998    7.1843517159956e-06    443919.621732215    443913.243228648
104.499999999998    7.18264460503612e-06    451163.138960948    451156.657918527
104.599999999998    7.18093743584305e-06    458524.081907718    458517.496689516
104.699999999998    7.17923066675885e-06    466004.341556672    465997.650499389
104.799999999998    7.17752395344664e-06    473605.839137631    473599.040551919
104.899999999998    7.17581739408775e-06    481330.526606514    481323.618776153
104.999999999998    7.17411109925513e-06    489180.387133336    489173.3683148
105.099999999998    7.17240467116959e-06    497157.435597918    497150.304020442
105.199999999998    7.17069868097293e-06    505263.719093391    505256.472957583
105.299999999998    7.16899257475849e-06    513501.317437654    513493.954916173
105.399999999998    7.16728662484204e-06    521872.343692895    521864.862929174
105.499999999998    7.16558097932872e-06    530378.944693288    530371.343801197
105.599999999998    7.16387576111812e-06    539023.301581019    539015.578644416
105.699999999998    7.16217015493516e-06    547807.630350767    547799.783424047
105.799999999998    7.16046509329038e-06    556734.182402744    556726.209508475
105.899999999998    7.1587599606853e-06    565805.24510446    565797.144234584
105.999999999998    7.15705501209848e-06    575023.142361343    575014.911475725
106.099999999998    7.15535029239118e-06    584390.235196335    584381.872222494
106.199999999998    7.15364571033078e-06    593908.92233863    593900.425171386
106.299999999998    7.15194125643165e-06    603581.640821677    603573.007322546
106.399999999998    7.15023700004485e-06    613410.866590598    613402.094587171
106.499999999998    7.14853282095678e-06    623399.115119178    623390.202404821
106.599999999998    7.1468289435735e-06    633548.94203656    633539.886369447
106.699999999998    7.14512508555105e-06    643862.943763808    643853.742867007
106.799999999998    7.14342138164769e-06    654343.758160497    654334.409720891
106.899999999998    7.14171788014913e-06    664994.065181467    664984.56684929
106.999999999998    7.14001451407717e-06    675816.587543916    675806.936932334
107.099999999998    7.13831125090512e-06    686814.091405001    686804.286089482
107.199999999998    7.13660831746045e-06    697989.387050078    697979.424567446
107.299999999998    7.13490514806377e-06    709345.329591793    709335.207440726
107.399999999998    7.13320263280858e-06    720884.819680147    720874.53531852
107.499999999998    7.13149998597637e-06    732610.804223742    732600.35507038
107.599999999998    7.12979751183148e-06    744526.277122372    744515.66055487
107.699999999998    7.12809515961096e-06    756634.280011124    756623.493365714
107.799999999998    7.12639297541534e-06    768937.903016177    768926.943586937
107.899999999998    7.12469108483363e-06    781440.285522492    781429.150560554
107.999999999998    7.12298925883199e-06    794144.616953563    794133.303666995
108.099999999998    7.12128754016661e-06    807054.13756343    807042.643116137
108.199999999998    7.119585963248e-06    820172.139241125    820160.460752171
108.299999999998    7.11788454964316e-06    833501.966327776    833490.100870696
108.399999999998    7.11618338825816e-06    847047.01644653    847034.961048503
108.499999999998    7.11448217141039e-06    860810.741345535    860798.492987332
108.599999999998    7.112781421699e-06    874796.647754148    874784.203367974
108.699999999998    7.11108067433248e-06    889008.298252593    888995.654723044
108.799999999998    7.10938006379564e-06    903449.312155292    903436.466317561
108.899999999998    7.10767965249272e-06    918123.366408042    918110.315047267
108.999999999998    7.10597918912683e-06    933034.196499301    933020.936350361
109.099999999998    7.1042789890963e-06    948185.597385765    948172.125131441
109.199999999998    7.10257895001501e-06    963581.424432481    963567.736703415
109.299999999998    7.10087920489638e-06    979225.594367714    979211.687741143
109.399999999998    7.099179462782e-06    995122.086252808    995107.957252557
109.499999999998    7.09747992424176e-06    1011274.94246726    1011260.58756194
109.599999999998    7.09578037621212e-06    1027688.26970923    1027673.68531221
109.699999999998    7.09408125091825e-06    1044366.24001181    1044351.422479
109.799999999998    7.09238212020085e-06    1061313.09177513    1061298.03740591
109.899999999998    7.09068319352818e-06    1078533.13081478    1078517.83584975
109.999999999998    7.08898445901476e-06    1096030.73142658    1096015.19204709
110.099999999998    7.08728575001351e-06    1113810.33746805    1113794.54979568
110.199999999998    7.0855873126606e-06    1131876.46345694    1131860.42355157
110.299999999998    7.08388909060413e-06    1150233.69568682    1150217.3995464
110.399999999998    7.08219090301965e-06    1168886.69336032    1168870.13692016
110.499999999998    7.08049272098953e-06    1187840.18974002    1187823.36887148
110.599999999998    7.07879485965011e-06    1207098.99331741    1207081.90382609
110.699999999998    7.0770971758549e-06    1226667.98900022    1226650.62662598
110.799999999998    7.07539961527189e-06    1246552.13931827    1246534.49973402
110.899999999998    7.0737023287282e-06    1266756.48564824    1266738.56445841
110.999999999998    7.07200501100794e-06    1287286.14945771    1287267.94219827
111.099999999998    7.07030800787781e-06    1308146.33356855    1308127.83570434
111.199999999998    7.06861102541519e-06    1329342.32344019    1329323.53036543
111.299999999998    7.06691407155304e-06    1350879.48847297    1350860.39550937
111.399999999998    7.0652175802067e-06    1372763.28333186    1372743.88572634
111.499999999998    7.06352102967236e-06    1394999.24929095    1394979.54221708
111.599999999998    7.06182475281839e-06    1417593.015599    1417572.99415349
111.699999999998    7.06012865599899e-06    1440550.3008663    1440529.96006898
111.799999999998    7.05843246191851e-06    1463876.91447328    1463856.24926648
111.899999999998    7.05673658846249e-06    1487578.7580012    1487557.76324645
111.999999999998    7.05504083313741e-06    1511661.82668512    1511640.49716377
112.099999999998    7.05334529906388e-06    1536132.21088972    1536110.54130075
112.199999999998    7.05164984312864e-06    1560996.09760816    1560974.08256762
112.299999999998    7.04995460875974e-06    1586259.77198434    1586237.40602324
112.399999999998    7.04825960144122e-06    1611929.61885907    1611906.8964224
112.499999999998    7.04656469245229e-06    1638012.12434033    1637989.0397862
112.599999999998    7.04486970680318e-06    1664513.87739814    1664490.42499658
112.699999999998    7.04317522077451e-06    1691441.57148434    1691417.74541342
112.799999999998    7.04148068756614e-06    1718802.00617767    1718777.80052585
112.899999999998    7.03978634084588e-06    1746602.08885466    1746577.49761672
112.999999999998    7.03809203402894e-06    1774848.83638653    1774823.85346345
113.099999999998    7.03639809138246e-06    1803549.37686265    1803523.99605846
113.199999999998    7.03470414438936e-06    1832710.95134096    1832685.1663637
113.299999999998    7.03301041312394e-06    1862340.9156257    1862314.72008383
113.399999999998    7.03131687596627e-06    1892446.74207293    1892420.12947462
113.499999999998    7.02962345939812e-06    1923036.02142424    1923008.98517604
113.599999999998    7.02793024748335e-06    1954116.46466916    1954088.99807378
113.699999999998    7.02623702849212e-06    1985695.90493659    1985668.00119246
113.799999999998    7.02454406506989e-06    2017782.29941576    2017753.95161354
113.899999999998    7.02285128698484e-06    2050383.73130725    2050354.93242945
113.999999999998    7.02115861567685e-06    2083508.41180444    2083479.15472379
114.099999999998    7.01946610337686e-06    2117164.68210587    2117134.95958306
114.199999999998    7.01777381701608e-06    2151361.01545901    2151330.8201409
114.299999999998    7.01608161791927e-06    2186106.01923599    2186075.3436547
114.399999999998    7.01438963478424e-06    2221408.43704166    2221377.27361162
114.499999999998    7.01269757071271e-06    2257277.15085455    2257245.49187258
114.599999999998    7.01100588177529e-06    2293721.18320126    2293689.02084134
114.699999999998    7.00931416340787e-06    2330749.69936475    2330717.02568001
114.799999999998    7.00762280657714e-06    2368372.00962708    2368338.81654427
114.899999999998    7.00593157761712e-06    2406597.57154713    2406563.85086753
114.999999999998    7.00424045822874e-06    2445435.99227387    2445401.73567038
115.099999999998    7.00254947310734e-06    2484897.03089563    2484862.22991053
115.199999999998    7.0008587791302e-06    2524990.60082607    2524955.24686835
115.299999999998    6.99916802925129e-06    2565726.77222732    2565690.85657311
115.399999999998    6.9974774140155e-06    2607115.77447088    2607079.2882587
115.499999999998    6.99578707348775e-06    2649167.99863688    2649130.93286571
115.599999999998    6.99409691625927e-06    2691894.0000523    2691856.34558061
115.699999999998    6.99240692675012e-06    2735304.50086871    2735266.24841191
115.799999999998    6.99071700673414e-06    2779410.39268028    2779371.53280894
115.899999999998    6.9890271752817e-06    2824222.7391824    2824183.26231936
115.999999999998    6.98733760303692e-06    2869752.77887186    2869712.67528907
116.099999999998    6.98564823836479e-06    2916011.92778901    2915971.18760643
116.199999999998    6.98395899270458e-06    2963011.78230266    2962970.39548614
116.299999999998    6.98226977654033e-06    3010764.12193836    3010722.07829726
116.399999999998    6.98058066937354e-06    3059280.91225067    3059238.20143442
116.499999999998    6.9788919602687e-06    3108574.30774014    3108530.91923445
116.599999999998    6.97720330553446e-06    3158656.65481576    3158612.57794398
116.699999999998    6.97551494095602e-06    3209540.49480349    3209495.71872047
116.799999999998    6.97382644010718e-06    3261238.56700161    3261193.08069533
116.899999999998    6.9721383251081e-06    3313763.81178358    3313717.60406641
116.999999999998    6.97045026481779e-06    3367129.37374926    3367082.43326078
117.099999999998    6.96876226883079e-06    3421348.60492504    3421300.92012721
117.199999999998    6.96707440030932e-06    3476435.06801389    3476386.62718785
117.299999999998    6.96538690353442e-06    3532402.53969583    3532353.33093782
117.399999999998    6.96369941884711e-06    3589265.01397982    3589215.02520255
117.499999999998    6.96201211154851e-06    3647036.70560775    3646985.92453386
117.599999999998    6.96032515882461e-06    3705732.0535113    3705680.46767026
117.699999999998    6.95863818959625e-06    3765365.72432266    3765313.32105186
117.799999999998    6.95695125735145e-06    3825952.61593974    3825899.38237836
117.899999999998    6.95526438593024e-06    3887507.86114683    3887453.78423299
117.999999999998    6.95357806821159e-06    3950046.83129142    3949991.89775538
118.099999999998    6.95189164261195e-06    4013585.14001837    4013529.33638833
118.199999999998    6.95020553030592e-06    4078138.64706195    4078081.95965238
118.299999999998    6.94851950717048e-06    4143723.46209679    4143665.87701031
118.399999999998    6.94683351713319e-06    4210355.94864879    4210297.45177151
118.499999999998    6.94514760786573e-06    4278052.72806658    4277993.30506394
118.599999999998    6.94346212036683e-06    4346830.68355479    4346770.31986553
118.699999999998    6.94177673805645e-06    4416706.96426994    4416645.64510827
118.799999999998    6.94009139885977e-06    4487698.98947992    4487636.6998299
118.899999999998    6.93840630944329e-06    4559824.45278806    4559761.17739758
118.999999999998    6.9367213543348e-06    4633101.32642268    4633037.04980274
119.099999999998    6.93503658364152e-06    4707547.86559341    4707482.57201289
119.199999999998    6.93335188629015e-06    4783182.61291491    4783116.28639839
119.299999999997    6.93166714783182e-06    4860024.40289945    4859957.0272235
119.399999999997    6.92998291517707e-06    4938092.36651899    4938023.92520182
119.499999999997    6.92829875387314e-06    5017405.93583816    5017336.41214526
119.599999999997    6.9266145972193e-06    5097984.8487192    5097914.22565584
119.699999999997    6.92493066841371e-06    5179849.15359967    5179777.41390394
119.799999999997    6.92324693148994e-06    5263019.2143444    5262946.34048567
119.899999999997    6.92156339986614e-06    5347515.71517267    5347441.68934694
