0    1    0.0907055980652983    0.0907055980652983
0.1    1.00911090951474    0.0915170964341244    0.0906908205740568
0.2    1.01830341928682    0.0923364947255012    0.0906767992492548
0.3    1.02757820845984    0.0931627795513787    0.0906624710259412
0.4    1.0369359751971    0.0939966286073867    0.0906484400731876
0.5    1.04637753418132    0.0948381603034378    0.0906347443493605
0.6    1.05590360725779    0.0956871646436891    0.0906211172932645
0.7    1.06551496711005    0.0965438664433428    0.0906077055915922
0.8    1.07521238054646    0.0974082712604746    0.0905944472207144
0.9    1.08499662136215    0.0982804741342238    0.0905813642173729
1    1.0948684753733    0.0991605656366822    0.0905684727134672
1.1    1.10482873448948    0.100048543000399    0.0905557032299932
1.2    1.11487818397338    0.100944500987227    0.0905430767579153
1.3    1.12501763468693    0.101848563357477    0.0905306372249169
1.4    1.13524789664488    0.102760727893203    0.0905183160408428
1.5    1.14556978026557    0.103681086917287    0.0905061295290554
1.6    1.15598411402833    0.10460972586154    0.0904940860277045
1.7    1.16649172543788    0.10554669276493    0.090482161564678
1.8    1.17709345258132    0.106492081674266    0.0904703712697854
1.9    1.18779014177273    0.107445955127247    0.0904587025506778
2    1.19858264360677    0.108408371909427    0.0904471397843745
2.1    1.20947181615462    0.109379419372348    0.0904356909449179
2.2    1.22045852748124    0.110359185056801    0.0904243631158512
2.3    1.23154365316598    0.111347722588672    0.0904131350134651
2.4    1.24272807199897    0.112345104572003    0.0904020011323084
2.5    1.25401267408038    0.113351428301182    0.0903909750228864
2.6    1.26539835765921    0.114366756778482    0.090380042052562
2.7    1.27688602543607    0.11539116638574    0.0903691982581861
2.8    1.28847659093636    0.116424747825354    0.0903584501607016
2.9    1.30017097500114    0.117467567199588    0.0903477846053938
3    1.31197010437628    0.118519703777491    0.0903371985246849
3.1    1.32387491575664    0.119581249317073    0.0903266977067302
3.2    1.33588635423969    0.120652282228592    0.0903162771636068
3.3    1.34800537220236    0.121732877966112    0.0903059293949444
3.4    1.36023292983291    0.12282311873393    0.0902956516050653
3.5    1.37256999594915    0.12392309491358    0.0902854464831036
3.6    1.38501754881563    0.125032891921712    0.0902753124165333
3.7    1.39757657433349    0.126152586835542    0.0902652413845049
3.8    1.41024806618274    0.12728226796917    0.0902552331191621
3.9    1.42303302792732    0.128422027195256    0.0902452892342949
4    1.43593247162179    0.129571945600877    0.0902354032390771
4.1    1.4489474170475    0.130732110676932    0.0902255728115539
4.2    1.46207889375717    0.131902618356596    0.0902158008844785
4.3    1.47532794071882    0.133083555760936    0.0902060837376229
4.4    1.48869560490936    0.134275007949059    0.0901964159135369
4.5    1.50218294230863    0.13547706898531    0.0901867976060905
4.6    1.51579101870642    0.136689834195696    0.0901772292544306
4.7    1.52952090914777    0.137913395482349    0.090167708501084
4.8    1.54337369780289    0.139147845022459    0.090158232721308
4.9    1.55735047815226    0.140393276649628    0.09014879991317
5    1.57145235313282    0.141649786840326    0.0901394092909884
5.1    1.58568043552033    0.142917473583441    0.0901300604976837
5.2    1.60003584784951    0.144196432646451    0.0901207512570765
5.3    1.61451972204962    0.145486760216684    0.0901114791165199
5.4    1.62913319989284    0.146788557388337    0.0901022441860447
5.5    1.64387743352728    0.14810192573301    0.0900930463016495
5.6    1.65875358503945    0.149426963063962    0.0900838825077256
5.7    1.67376282614008    0.150763768960843    0.0900747505000602
5.8    1.68890633883161    0.152112448641163    0.090065650855686
5.9    1.70418531586831    0.153473107574894    0.0900565837211764
5.99999999999999    1.71960096034659    0.154845847995326    0.0900475468239541
6.09999999999999    1.73515448546737    0.156230773128769    0.0900385380306279
6.19999999999999    1.75084711497235    0.15762799010204    0.0900295569807814
6.29999999999999    1.76668008348778    0.15903760729792    0.0900206034948601
6.39999999999999    1.78265463643193    0.160459732383778    0.090011676465244
6.49999999999999    1.79877202996454    0.161894473649089    0.0900027746441448
6.59999999999999    1.81503353116175    0.1633419409907    0.0899938971850012
6.69999999999999    1.83144041816268    0.164802245416907    0.0899850433475956
6.79999999999999    1.84799398024513    0.166275498911461    0.0899762124167771
6.89999999999999    1.86469551794497    0.167761814516775    0.0899674037408856
6.99999999999999    1.88154634314849    0.169261305812949    0.0899586164482748
7.09999999999999    1.89854777910756    0.170774086957761    0.0899498494781287
7.19999999999999    1.91570116054004    0.172300273790565    0.0899411021612541
7.29999999999999    1.93300783386567    0.173839984089204    0.0899323743254339
7.39999999999999    1.95046915735788    0.175393336197214    0.0899236655630092
7.49999999999999    1.96808650110512    0.176960448197723    0.0899149748236963
7.59999999999999    1.98586124699742    0.178541439074119    0.0899063010288705
7.69999999999999    2.00379478891994    0.180136430058294    0.0898976437379543
7.79999999999999    2.02188853300908    0.181745544140254    0.0898890028669242
7.89999999999999    2.04014389774799    0.183368904663587    0.0898803779801996
7.99999999999999    2.0585623139418    0.185006635146414    0.0898717682206849
8.09999999999999    2.07714522477727    0.186658860368038    0.0898631728496752
8.19999999999999    2.09589408601541    0.188325706984848    0.089854591527992
8.29999999999999    2.11481036617424    0.190007302956353    0.0898460240196773
8.39999999999999    2.13389554660668    0.191703776844177    0.089837469856022
8.49999999999999    2.15315112154308    0.193415257953898    0.089828928410415
8.59999999999999    2.17257859819746    0.195141876917508    0.0898203991696379
8.69999999999999    2.19217949692658    0.196883765856105    0.0898118817971498
8.79999999999998    2.21195535136868    0.198641058069851    0.0898033759799623
8.89999999999998    2.23190770854055    0.200413887827963    0.0897948813300234
8.99999999999998    2.25203812893427    0.202202390497412    0.0897863974412813
9.09999999999998    2.27234818664003    0.204006702699369    0.0897779239549639
9.19999999999998    2.29283946947414    0.205826962247665    0.0897694605261095
9.29999999999998    2.31351357908957    0.207663308045748    0.089761006774583
9.39999999999998    2.33437213108329    0.209515880184664    0.0897525623249435
9.49999999999998    2.3554167551265    0.211384820142635    0.0897441268864893
9.59999999999998    2.37664909511182    0.213270270793967    0.0897357002481396
9.69999999999998    2.39807080928529    0.215172376181228    0.0897272821753569
9.79999999999998    2.41968357034807    0.217091281336466    0.0897188723338887
9.89999999999998    2.44148906555258    0.219027132395496    0.089710470337873
9.99999999999998    2.46348899682716    0.220980076895689    0.08970207586894
10.1    2.48568508093172    0.222950263934156    0.0896936887317145
10.2    2.508079049614    0.224937844029233    0.0896853087879552
10.3    2.53067264973757    0.226942968855508    0.089676935845117
10.4    2.5534676433851    0.228965791142181    0.0896685696156479
10.5    2.576465807966    0.231006464831675    0.0896602097793969
10.6    2.59966893635143    0.233065145327432    0.0896518560761561
10.7    2.62307883703149    0.235141989597801    0.0896435083376711
10.8    2.64669733427099    0.2372371560741    0.0896351664401571
10.9    2.67052626824631    0.239350804478912    0.0896268302337613
11    2.69456749516678    0.241483095756135    0.0896184995140337
11.1    2.71882288739754    0.243634192149366    0.0896101740494662
11.2    2.74329433359665    0.245804257337797    0.0896018536281269
11.3    2.7679837388651    0.247993456513585    0.0895935380802725
11.4    2.79289302489937    0.250201956364807    0.0895852272658466
11.5    2.81802413013806    0.252429925016311    0.0895769210478493
11.6    2.84337900990263    0.254677532000088    0.0895686192776705
11.7    2.86895963653808    0.256944948280127    0.0895603218001974
11.8    2.89476799955865    0.259232346301799    0.0895520284669867
11.9    2.92080610579844    0.261539900022535    0.0895437391421914
12    2.94707597956316    0.263867784910462    0.0895354536972522
12.1    2.97357966278053    0.266216177933255    0.0895271720026234
12.2    3.00031921514981    0.268585257566231    0.0895188939263652
12.3    3.02729671429378    0.270975203825489    0.0895106193410259
12.4    3.05451425591491    0.27338619830577    0.08950234813158
12.5    3.08197395395493    0.27581842419841    0.0894940801963844
12.6    3.10967794075459    0.278272066283541    0.0894858154397865
12.7    3.13762836721164    0.280747310913448    0.0894775537623482
12.8    3.16582740293728    0.2832443460111    0.0894692950564214
12.9    3.19427723641386    0.285763361095478    0.0894610392103278
13    3.22298007515638    0.28830454732509    0.0894527861178608
13.1    3.25193814587888    0.290868097538492    0.0894445356862351
13.2    3.28115369466407    0.293454206273775    0.0894362878371106
13.3    3.31062898713363    0.296063069764074    0.0894280425002886
13.4    3.34036630861689    0.298694885922057    0.0894197996044734
13.5    3.37036796431804    0.30134985433261    0.0894115590709943
13.6    3.40063627948341    0.304028176266287    0.0894033208139718
13.7    3.4311735995713    0.306730054712309    0.0893950847461151
13.8    3.46198229042587    0.309455694418551    0.0893868507861382
13.9    3.49306473845501    0.312205301923706    0.089378618863444
14    3.52442335081061    0.314979085573269    0.0893703889178988
14.1    3.55606055556966    0.317777255520945    0.0893621608954965
14.2    3.5879788019148    0.320600023724555    0.0893539347427191
14.3    3.62018056031457    0.323447603946895    0.0893457104025744
14.4    3.65266832270418    0.326320211767832    0.0893374878139077
14.5    3.68544460266814    0.329218064607281    0.0893292669136683
14.6    3.71851193562564    0.332141381753622    0.089321047640456
14.7    3.75187287901886    0.335090384390705    0.0893128299374399
14.8    3.78553001250378    0.338065295618821    0.0893046137534707
14.9    3.81948593814263    0.341066340468842    0.0892963990423012
15    3.85374328059755    0.344093745911983    0.0892881857606844
15.1    3.88830468732502    0.347147740868999    0.0892799738664051
15.2    3.92317282877135    0.350228556222004    0.089271763317062
15.3    3.95835039856943    0.35333642483022    0.0892635540698767
15.4    3.99384011373739    0.356471581548936    0.0892553460822832
15.5    4.02964471487921    0.359634263249784    0.089247139312768
15.6    4.06576696638735    0.362824708840404    0.0892389337214752
15.7    4.10220965664729    0.366043159282556    0.0892307292703612
15.8    4.13897559824386    0.369289857608915    0.089222525922985
15.9    4.17606762816908    0.372565048939493    0.0892143236441882
16    4.21348860803176    0.37586898049866    0.0892061223998988
16.1    4.25124142426881    0.379201901633185    0.0891979221571509
16.2    4.2893289883584    0.382564063831056    0.0891897228842478
16.3    4.32775423703502    0.385955720740474    0.089181524550917
16.4    4.36652013250649    0.389377128188354    0.0891733271283103
16.5    4.40562966267269    0.392828544198097    0.0891651305887989
16.6    4.44508584134611    0.396310229006762    0.0891569349056141
16.7    4.48489170847404    0.399822445082211    0.0891487400524657
16.8    4.52505033036255    0.403365457140859    0.089140546003284
16.9    4.56556479990222    0.406939532166521    0.0891323527321826
17    4.60643823679586    0.410544939430481    0.0891241602136508
17.1    4.64767378778831    0.414181950512472    0.0891159684228977
17.2    4.68927462689835    0.417850839322005    0.0891077773362115
17.3    4.73124395565271    0.421551882119393    0.0890995869311999
17.4    4.77358500332223    0.425285357536042    0.0890913971868228
17.5    4.81630102715992    0.429051546593837    0.0890832080832041
17.6    4.859395312641    0.432850732723852    0.0890750196012773
17.7    4.90287117370469    0.43668320178482    0.0890668317223711
17.8    4.94673195299796    0.440549242081911    0.0890586444278463
17.9    4.99098102212107    0.444449144386281    0.089050457698875
18    5.03562178187522    0.448383201955632    0.0890422715164002
18.1    5.0806576625122    0.452351710555794    0.0890340858612629
18.2    5.12609212398638    0.456354968483083    0.0890259007144397
18.3    5.17192865620882    0.460393276587048    0.0890177160573074
18.4    5.21817077930379    0.464466938293223    0.0890095318718551
18.5    5.26482204386746    0.468576259625528    0.0890013481407852
18.6    5.31188603122889    0.472721549228163    0.088993164847477
18.7    5.35936635371309    0.476903118386981    0.088984981975821
18.8    5.40726665490629    0.481121281050486    0.0889767995099595
18.9    5.45559060992319    0.485376353850707    0.0889686174339867
19    5.50434192567643    0.489668656124213    0.0889604357316588
19.1    5.55352434114804    0.49399850993352    0.0889522543861578
19.2    5.60314162766313    0.498366240089013    0.0889440733799306
19.3    5.65319758916584    0.502772174171467    0.0889358926946075
19.4    5.70369606249743    0.507216642555081    0.0889277123109872
19.5    5.75464091767685    0.511699978430947    0.0889195322090609
19.6    5.80603605818362    0.516222517830766    0.0889113523680498
19.7    5.85788542124301    0.520784599650712    0.0889031727664289
19.8    5.91019297811376    0.525386565675308    0.0888949933819225
19.9    5.96296273437807    0.530028760601301    0.0888868141914662
20    6.01619873023402    0.534711532061565    0.0888786351711433
20.1    6.06990504079038    0.539435230649121    0.0888704562961136
20.2    6.12408577636384    0.544200209941416    0.0888622775405561
20.3    6.17874508277866    0.54900682652503    0.0888540988776533
20.4    6.23388714166885    0.553855440020995    0.0888459202796419
20.5    6.28951617078286    0.558746413110877    0.0888377417179499
20.6    6.34563642429102    0.563680111563763    0.0888295631634365
20.7    6.40225219309562    0.568656904264272    0.0888213845867441
20.8    6.45936780514388    0.573677163241633    0.088813205958761
20.9    6.51698762574394    0.578741263699855    0.0888050272511893
21    6.57511605788385    0.583849584048929    0.0887968484372026
21.1    6.63375754255373    0.589002505936962    0.0887886694921654
21.2    6.69291655907124    0.594200414283026    0.0887804903943822
21.3    6.75259762541033    0.599443697310466    0.0887723111258298
21.4    6.81280529853333    0.604732746580317    0.0887641316728227
21.5    6.8735441747264    0.610067957024399    0.0887559520265516
21.6    6.93481888993821    0.61544972697765    0.0887477721834395
21.7    6.99663412012193    0.62087845820924    0.0887395921452614
21.8    7.05899458158006    0.626354555952061    0.0887314119189846
21.9    7.12190503131234    0.631878428930295    0.0887232315163096
22    7.18537026736612    0.637450489384926    0.0887150509529122
22.1    7.24939512918932    0.643071153097257    0.0887068702474175
22.2    7.31398449798557    0.648740839410744    0.0886986894201677
22.3    7.37914329707147    0.654459971251648    0.0886905084918707
22.4    7.4448764922359    0.660228975149284    0.0886823274822386
22.5    7.51118909210133    0.666048281256675    0.0886741464087334
22.6000000000001    7.57808614848724    0.671918323372548    0.0886659652855331
22.7000000000001    7.64557275677584    0.67783953896547    0.08865778412281
22.8000000000001    7.71365405628033    0.683812369200761    0.0886496029263863
22.9000000000001    7.78233523061599    0.689837258970576    0.0886414216977869
23.0000000000001    7.85162150807445    0.695914656927203    0.0886332404346718
23.1000000000001    7.92151816200143    0.702045015519336    0.0886250591315894
23.2000000000001    7.99203051117831    0.708228791030812    0.0886168777809625
23.3000000000001    8.06316392020759    0.714466443621108    0.0886086963742035
23.4000000000001    8.13492379990254    0.72075843736677    0.0886005149028446
23.5000000000001    8.20731560768095    0.72710524030297    0.0885923333595819
23.6000000000001    8.28034484796313    0.733507324464382    0.0885841517391412
23.7000000000001    8.35401707257383    0.739965165924741    0.0885759700388979
23.8000000000001    8.42833788114808    0.746479244834572    0.0885677882592064
23.9000000000001    8.50331292154074    0.753050045456814    0.0885596064034259
24.0000000000001    8.57894789023944    0.75967805620028    0.0885514244776555
24.1000000000001    8.6552485327808    0.766363769651111    0.0885432424902177
24.2000000000001    8.73222064416967    0.773107682602618    0.0885350604509526
24.3000000000001    8.80987006930132    0.779910296084021    0.0885268783703949
24.4000000000001    8.88820270338647    0.78677211538868    0.0885186962589088
24.5000000000001    8.96722449237906    0.793693650102452    0.0885105141258575
24.6000000000001    9.04694143340696    0.80067541413275    0.088502331978867
24.7000000000001    9.12735957520561    0.807717925738823    0.0884941498232393
24.8000000000001    9.20848501855473    0.814821707563681    0.0884859676615478
24.9000000000001    9.29032391671834    0.821987286667994    0.0884777854934414
25.0000000000001    9.37288247588832    0.829215194566191    0.0884696033156653
25.1000000000001    9.45616695563158    0.836505967264895    0.0884614211222992
25.2000000000001    9.5401836693413    0.843860145303664    0.0884532389051927
25.3000000000001    9.62493898469232    0.851278273797895    0.0884450566545704
25.4000000000001    9.71043932410088    0.85876090248356    0.0884368743597576
25.5000000000001    9.79669116518903    0.866308585763298    0.0884286920099703
25.6000000000001    9.88370104125354    0.873921882753305    0.0884205095951047
25.7000000000001    9.97147554173969    0.881601357330342    0.0884123271064587
25.8000000000001    10.0600213127196    0.8893475781782    0.0884041445373216
25.9000000000001    10.1493450573753    0.897161118832962    0.0883959618833742
26.0000000000001    10.2394535364862    0.905042557726462    0.0883877791428544
26.1000000000001    10.3303535689206    0.912992478227521    0.0883795963164614
26.2000000000001    10.4220520321317    0.921011468680723    0.0883714134069949
26.3000000000001    10.5145558626568    0.929100122442756    0.0883632304187497
26.4000000000001    10.6078720566203    0.937259037916705    0.0883550473567195
26.5000000000001    10.7020076702401    0.945488818584945    0.0883468642256852
26.6000000000001    10.7969698203373    0.953790073041582    0.0883386810292843
26.7000000000001    10.8927656848484    0.96216341502559    0.0883304977691694
26.8000000000001    10.9894025033424    0.970609463455797    0.0883223144443559
26.9000000000001    11.0868875775396    0.979128842468814    0.0883141310508448
27.0000000000001    11.1852282718361    0.987722181460703    0.0883059475815742
27.1000000000001    11.2844320138317    0.996390115132832    0.0882977640267159
27.2000000000001    11.3845062948627    1.0051332835419    0.0882895803742906
27.3000000000001    11.4854586705401    1.01395233215367    0.0882813966110413
27.4000000000001    11.5872967612934    1.02284791189964    0.0882732127234711
27.5000000000001    11.69002825292    1.03182067923537    0.088265028698937
27.6000000000001    11.7936608971405    1.04087129619934    0.0882568445266823
27.7000000000001    11.8982025121599    1.05000043047092    0.0882486601986999
27.8000000000001    12.0036609832347    1.05920875542626    0.088240475710339
27.9000000000001    12.1100442632452    1.06849695019128    0.0882322910605903
28.0000000000001    12.2173603732729    1.07786569969092    0.0882241062520258
28.1000000000001    12.3256174031833    1.0873156946948    0.0882159212903992
28.2000000000001    12.4348235122119    1.09684763185917    0.0882077361839501
28.3000000000001    12.5449869295552    1.10646221376612    0.0881995509424858
28.4000000000001    12.6561159549651    1.11616014896089    0.0881913655763409
28.5000000000001    12.7682189593474    1.1259421519887    0.0881831800953271
28.6000000000001    12.8813043853629    1.13580894343257    0.0881749945077918
28.7000000000001    12.9953807480339    1.14576124995358    0.0881668088198901
28.8000000000001    13.1104566353536    1.15579980433484    0.0881586230351515
28.9000000000001    13.2265407089008    1.1659253455299    0.0881504371543867
29.0000000000001    13.3436417044596    1.17613861871616    0.0881422511759353
29.1000000000001    13.4617684326441    1.18644037535284    0.088134065096216
29.2000000000001    13.5809297795301    1.19683137324286    0.0881258789104986
29.3000000000001    13.7011347072926    1.20731237659742    0.0881176926137959
29.4000000000001    13.8223922548496    1.21788415610181    0.0881095062017583
29.5000000000001    13.944711538513    1.2285474889808    0.088101319671458
29.6000000000002    14.0681017526458    1.23930315906234    0.0880931330219637
29.7000000000002    14.1925721703255    1.25015195683814    0.0880849462546345
29.8000000000002    14.3181321440134    1.26109467952048    0.0880767593730976
29.9000000000002    14.4447911062296    1.272132131095    0.0880685723829104
30.0000000000002    14.5725585702324    1.28326512236965    0.0880603852909535
30.1000000000002    14.7014441307035    1.29449447102081    0.0880521981046267
30.2000000000002    14.8314574644366    1.30582100163766    0.0880440108309524
30.3000000000002    14.962608331031    1.31724554576665    0.0880358234756977
30.4000000000002    15.0949065735899    1.32876894195748    0.0880276360426302
30.5000000000002    15.2283621194225    1.3403920358124    0.0880194485330003
30.6000000000002    15.3629849807524    1.35211568004002    0.0880112609453195
30.7000000000002    15.4987852554305    1.36394073451434    0.0880030732754642
30.8000000000002    15.6357731276552    1.37586806633925    0.0879948855170924
30.9000000000002    15.7739588686984    1.38789854991807    0.087986697662322
31.0000000000002    15.9133528376389    1.40003306702689    0.0879785097025862
31.1000000000002    16.0539654821038    1.4122725068905    0.0879703216295584
31.2000000000002    16.195807339017    1.42461776625886    0.087962133436031
31.3000000000002    16.3388890353555    1.43706974948248    0.0879539451166367
31.4000000000002    16.4832212889135    1.44962936858496    0.0879457566683261
31.5000000000002    16.6288149090725    1.46229754333158    0.0879375680905417
31.6000000000002    16.7756807975798    1.47507520129335    0.0879293793850777
31.7000000000002    16.9238299493312    1.48796327790656    0.0879211905556499
31.8000000000002    17.0732734531611    1.50096271652867    0.0879130016072443
31.9000000000002    17.2240224926369    1.51407446849191    0.0879048125453366
32.0000000000002    17.3760883468595    1.5272994931563    0.0878966233750961
32.1000000000002    17.5294823912682    1.54063875796407    0.0878884341006839
32.2000000000002    17.6842160984523    1.55409323849718    0.0878802447247404
32.3000000000002    17.8403010389676    1.56766391853949    0.0878720552481329
32.4000000000002    17.9977488821602    1.58135179014426    0.0878638656699861
32.5000000000002    18.1565713969965    1.59515785370724    0.0878556759879852
32.6000000000002    18.3167804529016    1.60908311804443    0.087847486198893
32.7000000000002    18.4783880206054    1.6231286004735    0.0878392962991975
32.8000000000002    18.6414061729963    1.63729532689696    0.0878311062857865
32.9000000000002    18.8058470859848    1.65158433188523    0.0878229161565442
33.0000000000002    18.9717230393734    1.66599665875784    0.0878147259107821
33.1000000000002    19.1390464177363    1.68053335966135    0.0878065355494402
33.2000000000002    19.3078297113057    1.69519549564317    0.0877983450750323
33.3000000000002    19.478085516865    1.70998413672124    0.0877901544913469
33.4000000000002    19.6498265386499    1.72490036194999    0.0877819638029491
33.5000000000002    19.823065589255    1.73994525948399    0.0877737730145593
33.6000000000002    19.9978155905467    1.75511992664075    0.0877655821304017
33.7000000000002    20.1740895745831    1.77042546996485    0.0877573911536194
33.8000000000002    20.3519006845397    1.78586300529483    0.0877492000858408
33.9000000000002    20.5312621756421    1.80143365783476    0.0877410089269595
34.0000000000002    20.7121874161066    1.81713856223104    0.0877328176751606
34.1000000000002    20.8946898880883    1.8329788626549    0.0877246263271824
34.2000000000002    21.0787831886376    1.84895571288997    0.0877164348787759
34.3000000000002    21.2644810306663    1.86507027642367    0.0877082433252888
34.4000000000002    21.4517972439223    1.88132372654096    0.08770005166229
34.5000000000002    21.6407457759745    1.89771724641832    0.0876918598861396
34.6000000000002    21.831340693206    1.91425202921623    0.0876836679944237
34.7000000000002    22.0235961818177    1.93092927816856    0.0876754759861923
34.8000000000002    22.2175265488397    1.94775020666796    0.0876672838619688
34.9000000000002    22.4131462231513    1.96471603834692    0.0876590916235357
35.0000000000002    22.6104697565091    1.98182800715522    0.087650899273541
35.1000000000002    22.8095118245824    1.99908735743497    0.0876427068149924
35.2000000000002    23.0102872279961    2.01649534399521    0.0876345142507297
35.3000000000002    23.2128108933814    2.03405323218789    0.0876263215829608
35.4000000000002    23.4170978744337    2.05176229798728    0.0876181288129369
35.5000000000002    23.6231633529789    2.0696238280739    0.0876099359408155
35.6000000000002    23.8310226400484    2.0876391199239    0.0876017429657253
35.7000000000002    24.0406911769636    2.10580948190357    0.0875935498860119
35.8000000000002    24.2521845364292    2.12413623336807    0.0875853566996164
35.9000000000002    24.4655184236372    2.14262070476302    0.0875771634045139
36.0000000000002    24.6807086773818    2.161264237727    0.0875689699991337
36.1000000000002    24.8977712711826    2.18006818519315    0.0875607764826893
36.2000000000002    25.1167223144204    2.19903391148841    0.0875525828553622
36.3000000000002    25.3375780534803    2.21816279242947    0.0875443891183113
36.4000000000002    25.5603548729063    2.23745621541498    0.0875361952735116
36.5000000000002    25.7850692965633    2.25691557951483    0.0875280013234493
36.6000000000003    26.0117379888093    2.27654229555736    0.0875198072707318
36.7000000000003    26.2403777556748    2.29633778621631    0.0875116131176771
36.8000000000003    26.4710055460525    2.31630348609916    0.0875034188659517
36.9000000000003    26.7036384528946    2.33644084183862    0.0874952245163188
37.0000000000003    26.9382937144202    2.35675131218851    0.0874870300685348
37.1000000000003    27.1749887153323    2.37723636812471    0.0874788355214094
37.2000000000003    27.4137409880452    2.39789749295117    0.0874706408730156
37.3000000000003    27.6545682139226    2.41873618241002    0.0874624461210108
37.4000000000003    27.8974882245272    2.43975394479478    0.0874542512630143
37.5000000000003    28.1425190028815    2.46095230106466    0.0874460562969747
37.6000000000003    28.3896786847401    2.48233278495835    0.0874378612214671
37.7000000000003    28.6389855598732    2.50389694310583    0.0874296660358705
37.8000000000003    28.8904580733613    2.52564633513716    0.0874214707404018
37.9000000000003    29.1441148269006    2.54758253378795    0.0874132753360031
38.0000000000003    29.3999745801189    2.56970712500215    0.0874050798241117
38.1000000000003    29.6580562519011    2.592021708033    0.0873968842063564
38.2000000000003    29.9183789217255    2.61452789554408    0.0873886884842386
38.3000000000003    30.1809618310099    2.6372273137119    0.0873804926588601
38.4000000000003    30.4458243844679    2.66012160233182    0.087372296730743
38.5000000000003    30.7129861514762    2.68321241492832    0.0873641006997737
38.6000000000003    30.9824668674535    2.70650141887009    0.0873559045652757
38.7000000000003    31.2542864352503    2.72999029548951    0.0873477083261924
38.8000000000003    31.5284649265514    2.7536807402058    0.0873395119813401
38.9000000000003    31.8050225832914    2.77757446264997    0.0873313155296786
39.0000000000003    32.0839798190814    2.80167318679028    0.0873231189705471
39.1000000000003    32.3653572206495    2.82597865105638    0.0873149223038197
39.2000000000003    32.6491755492927    2.85049260846134    0.0873067255299528
39.3000000000003    32.9354557423417    2.87521682672087    0.0872985286499161
39.4000000000003    33.2242189146369    2.90015308837009    0.0872903316650261
39.5000000000003    33.5154863600158    2.92530319087887    0.0872821345767125
39.6000000000003    33.8092795528126    2.95066894676695    0.0872739373862666
39.7000000000003    34.1056201493692    2.97625218372055    0.0872657400946162
39.8000000000003    34.4045299895568    3.00205474471187    0.0872575427021709
39.9000000000003    34.7060310983115    3.02807848812268    0.0872493452087639
40.0000000000003    35.0101456871813    3.05432528787249    0.0872411476136991
40.1000000000003    35.316896155886    3.08079703355118    0.0872329499158923
40.2000000000003    35.6263050938915    3.1074956305552    0.0872247521140778
40.3000000000003    35.9383952819971    3.13442300022627    0.0872165542070384
40.4000000000003    36.2531896939368    3.16158107999086    0.0872083561938172
40.5000000000003    36.5707114979952    3.18897182349904    0.087200158073869
40.6000000000003    36.8909840586366    3.21659720076165    0.0871919598471271
40.7000000000003    37.2140309381476    3.24445919828515    0.0871837615139752
40.8000000000003    37.5398758982936    3.27255981920442    0.0871755630751345
40.9000000000003    37.8685429019884    3.30090108341412    0.0871673645314933
41.0000000000003    38.2000561149764    3.32948502770007    0.0871591658839143
41.1000000000003    38.5344399075285    3.35831370587188    0.0871509671330598
41.2000000000003    38.8717188561508    3.38738918889846    0.0871427682792695
41.3000000000003    39.2119177453081    3.41671356504731    0.087134569322515
41.4000000000003    39.5550615691603    3.44628894002805    0.0871263702624346
41.5000000000003    39.9011755333138    3.4761174371401    0.0871181710984396
41.6000000000003    40.2502850565883    3.50620119742351    0.0871099718298668
41.7000000000003    40.6024157727985    3.53654237981198    0.0871017724561423
41.8000000000003    40.9575935325507    3.56714316128632    0.0870935729769222
41.9000000000003    41.3158444050557    3.59800573702752    0.0870853733921807
42.0000000000003    41.6771946799562    3.62913232056813    0.0870771737022282
42.1000000000003    42.0416708691693    3.66052514394199    0.0870689739076566
42.2000000000003    42.4092997087446    3.69218645783255    0.0870607740092261
42.3000000000003    42.7801081607359    3.72411853172056    0.087052574007716
42.4000000000003    43.1541234150887    3.75632365403265    0.0870443739037754
42.5000000000003    43.5313728915424    3.788804132292    0.0870361736978004
42.6000000000003    43.9118842415471    3.82156229327222    0.0870279733898657
42.7000000000003    44.2956853501968    3.85460048315529    0.0870197729797212
42.8000000000003    44.6828043381782    3.88792106769368    0.0870115724668548
42.9000000000003    45.0732695637356    3.92152643237616    0.0870033718506031
43.0000000000003    45.4671096246534    3.95541898259636    0.0869951711302895
43.1000000000003    45.8643533602548    3.9896011438229    0.0869869703053572
43.2000000000003    46.265029853418    4.02407536176972    0.086978769375471
43.3000000000003    46.6691684326088    4.05884410256575    0.0869705683405694
43.4000000000003    47.0767986739311    4.09390985292313    0.0869623672008553
43.5000000000003    47.4879504031934    4.12927512030438    0.0869541659567329
43.6000000000003    47.902653697992    4.1649424330887    0.0869459646087057
43.7000000000004    48.3209388898111    4.20091434073879    0.086937763157259
43.8000000000004    48.7428365661398    4.23719341396927    0.0869295616027551
43.9000000000004    49.168377572605    4.27378224491788    0.0869213599453622
44.0000000000004    49.5975930151233    4.31068344732027    0.0869131581850323
44.1000000000004    50.030514262069    4.34789965668881    0.0869049563215302
44.2000000000004    50.4671729464611    4.38543353049495    0.0868967543545051
44.3000000000004    50.907600968168    4.42328774835466    0.0868885522835872
44.4000000000004    51.351830496132    4.46146501221561    0.0868803501084866
44.5000000000004    51.7998939706112    4.49996804654507    0.0868721478290697
44.6000000000004    52.251824105441    4.53879959851758    0.0868639454453984
44.7000000000004    52.7076538903147    4.5779624382018    0.086855742957723
44.8000000000004    53.1674165930814    4.61745935874654    0.0868475403664319
44.9000000000004    53.631145762064    4.65729317656651    0.0868393376719699
45.0000000000004    54.0988752283947    4.69746673152873    0.0868311348747448
45.1000000000004    54.5706391083697    4.73798288714064    0.0868229319750437
45.2000000000004    55.0464718058228    4.77884453074113    0.0868147289729771
45.3000000000004    55.526408014518    4.82005457369509    0.0868065258684631
45.4000000000004    56.0104827205618    4.8616159515919    0.0867983226612536
45.5000000000004    56.4987312048363    4.90353162444759    0.086790119350996
45.6000000000004    56.9911890454514    4.94580457690993    0.0867819159373141
45.7000000000004    57.4878921202183    4.98843781846557    0.0867737124198915
45.8000000000004    57.9888766091445    5.031434383648    0.0867655087985369
45.9000000000004    58.4941789969479    5.07479733224561    0.0867573050732176
46.0000000000004    59.0038360755936    5.11852974950937    0.0867491012440563
46.1000000000004    59.5178849468498    5.16263474636    0.0867408973112921
46.2000000000004    60.0363630248656    5.20711545959532    0.0867326932752183
46.3000000000004    60.5593080387689    5.25197505209857    0.0867244891361103
46.4000000000004    61.0867580352853    5.29721671304863    0.0867162848941634
46.5000000000004    61.6187513813786    5.34284365813329    0.086708080549453
46.6000000000004    62.155326766912    5.38885912976609    0.0866998761019276
46.7000000000004    62.6965232073318    5.43526639730681    0.086691671551433
46.8000000000004    63.2423800463733    5.48206875728546    0.0866834668977616
46.9000000000004    63.7929369587889    5.52926953362901    0.086675262140713
47.0000000000004    64.3482339530991    5.57687207788987    0.086667057280152
47.1000000000004    64.9083113743669    5.62487976947533    0.0866588523160481
47.2000000000004    65.4732099069942    5.67329601587716    0.086650647248488
47.3000000000004    66.0429705775423    5.72212425290128    0.0866424420776596
47.4000000000004    66.6176347575745    5.77136794489742    0.0866342368038099
47.5000000000004    67.1972441665218    5.82103058498968    0.0866260314271901
47.6000000000004    67.7818408745724    5.87111569530874    0.0866178259479999
47.7000000000004    68.3714673055836    5.92162682722662    0.0866096203663459
47.8000000000004    68.9661662400177    5.97256756159478    0.0866014146822212
47.9000000000004    69.5659808179025    6.02394150898597    0.0865932088955142
48.0000000000004    70.1709545418149    6.07575230993974    0.0865850030060401
48.1000000000004    70.7811312798905    6.12800363521123    0.0865767970135884
48.2000000000004    71.3965552688572    6.18069918602231    0.0865685909179752
48.3000000000004    72.0172711170949    6.2338426943144    0.0865603847190853
48.4000000000004    72.6433238077201    6.28743792300216    0.0865521784168963
48.5000000000004    73.2747587016954    6.34148866622741    0.0865439720114791
48.6000000000004    73.9116215409655    6.39599874961365    0.0865357655029752
48.7000000000004    74.5539584516181    6.45097203052117    0.0865275588915583
48.8000000000004    75.2018159470698    6.50641239830383    0.0865193521773904
48.9000000000004    75.8552409312789    6.56232377456801    0.0865111453605843
49.0000000000004    76.5142807019834    6.61871011343484    0.08650293844118
49.1000000000004    77.1789829539658    6.6755754018058    0.0864947314191418
49.2000000000004    77.8493957823445    6.73292365963223    0.086486524294376
49.3000000000004    78.5255676858923    6.79075894018819    0.0864783170667635
49.4000000000004    79.2075475703822    6.84908533034604    0.0864701097361976
49.5000000000004    79.8953847519615    6.9079069508541    0.0864619023026172
49.6000000000004    80.589128960553    6.96722795661569    0.0864536947660277
49.7000000000004    81.2888303432846    7.02705253696896    0.0864454871265038
49.8000000000004    81.9945394679468    7.0873849159675    0.0864372793841729
49.9000000000004    82.7063073264781    7.14822935266209    0.0864290715391861
50.0000000000004    83.4241853384792    7.20959014138401    0.0864208635916831
50.1000000000004    84.1482253547549    7.27147161203087    0.0864126555417604
50.2000000000004    84.8784796608854    7.33387813035556    0.086404447389451
50.3000000000004    85.615000980826    7.39681409825883    0.0863962391347212
50.4000000000004    86.3578424805372    7.46028395408572    0.0863880307774836
50.5000000000004    87.1070577716432    7.52429217292549    0.0863798223176234
50.6000000000004    87.8627009151222    7.58884326691465    0.0863716137550299
50.7000000000005    88.6248264250261    7.6539417855423    0.0863634050896257
50.8000000000005    89.3934892722307    7.71959231595721    0.0863551963213861
50.9000000000005    90.1687448882175    7.78579948327618    0.0863469874503439
51.0000000000005    90.9506491688859    7.85256795089343    0.0863387784765783
51.1000000000005    91.7392584783962    7.91990242079149    0.0863305694001937
51.2000000000005    92.5346296530442    7.98780763385396    0.0863223602212923
51.3000000000005    93.336820005167    8.05628837018086    0.0863141509399492
51.4000000000005    94.1458873270804    8.1253494494073    0.0863059415561968
51.5000000000005    94.9618898950485    8.1949957310258    0.0862977320700217
51.6000000000005    95.7848864732856    8.26523211471243    0.086289522481374
51.7000000000005    96.614936317991    8.33606354065663    0.0862813127901876
51.8000000000005    97.4520991814169    8.40749498989414    0.0862731029964039
51.9000000000005    98.2964353159698    8.47953148464241    0.0862648930999919
52.0000000000005    99.1480054783454    8.55217808863805    0.0862566831009617
52.1000000000005    100.006870933697    8.62543990747588    0.0862484729993639
52.2000000000005    100.873093459841    8.69932208894948    0.0862402627952799
52.3000000000005    101.746735351487    8.77382982339372    0.0862320524888022
52.4000000000005    102.627859424519    8.84896834402952    0.086223842080013
52.5000000000005    103.516529020293    8.92474292731168    0.086215631568965
52.6000000000005    104.412808009982    9.00115889328022    0.0862074209556717
52.7000000000005    105.316760798949    9.07822160591571    0.0861992102401072
52.8000000000005    106.228452331165    9.15593647349848    0.0861909994222174
52.9000000000005    107.147948093649    9.23430894897161    0.0861827885019383
53.0000000000005    108.075314120959    9.31334453030704    0.0861745774792146
53.1000000000005    109.01061699971    9.39304876087447    0.086166366354017
53.2000000000005    109.953923873134    9.47342722981241    0.0861581551263505
53.3000000000005    110.905302445673    9.55448557240113    0.0861499437962528
53.4000000000005    111.864820987614    9.63622947043771    0.0861417323637844
53.5000000000005    112.83254833976    9.71866465261333    0.0861335208290126
53.6000000000005    113.808553918137    9.8017968948934    0.0861253091919952
53.7000000000005    114.792907718739    9.88563202090115    0.086117097452767
53.8000000000005    115.785680322317    9.97017590230497    0.0861088856113347
53.9000000000005    116.7869428992    10.0554344592099    0.0861006736676795
54.0000000000005    117.796767214159    10.1414136605534    0.0860924616217683
54.1000000000005    118.815225631311    10.2281195245039    0.0860842494735672
54.2000000000005    119.84239111906    10.3155581188643    0.0860760372230563
54.3000000000005    120.878337255084    10.4037355614762    0.0860678248702388
54.4000000000005    121.923138231355    10.4926580206284    0.0860596124151436
54.5000000000005    122.976868859209    10.5823317154665    0.0860513998578201
54.6000000000005    124.039604574448    10.6727629164057    0.0860431871983268
54.7000000000005    125.11142144249    10.7639579455461    0.0860349744367182
54.8000000000005    126.192396163558    10.855923177092    0.086026761573032
54.9000000000005    127.282606077909    10.9486650377742    0.0860185486072825
55.0000000000005    128.382129171112    11.0421900072777    0.0860103355394598
55.1000000000005    129.491044079364    11.1365046186726    0.0860021223695367
55.2000000000005    130.609430094847    11.2316154588498    0.0859939090974787
55.3000000000005    131.737367171134    11.3275291689603    0.0859856957232579
55.4000000000005    132.874935928639    11.4242524448575    0.085977482246862
55.5000000000005    134.022217660106    11.521792037543    0.0859692686683
55.6000000000005    135.179294336148    11.6201547536146    0.0859610549876005
55.7000000000005    136.346248610829    11.7193474557175    0.0859528412048054
55.8000000000005    137.523163827291    11.8193770629982    0.0859446273199589
55.9000000000005    138.710124023428    11.9202505515626    0.0859364133330977
56.0000000000005    139.907213937604    12.0219749549374    0.0859281992442434
56.1000000000005    141.114519014416    12.1245573645364    0.0859199850534006
56.2000000000005    142.332125410511    12.228004930131    0.0859117707605593
56.3000000000005    143.560120000442    12.3323248603251    0.0859035563657031
56.4000000000005    144.798590382576    12.4375244230343    0.0858953418688177
56.5000000000005    146.047624885049    12.5436109459687    0.0858871272698993
56.6000000000005    147.30731257177    12.6505918171194    0.0858789125689598
56.7000000000005    148.577743248473    12.7584744852478    0.0858706977660258
56.8000000000005    149.859007468819    12.8672664603781    0.0858624828611344
56.9000000000005    151.151196540548    12.9769753142939    0.0858542678543247
57.0000000000005    152.454402531678    13.0876086810379    0.0858460527456296
57.1000000000005    153.768718276756    13.199174257416    0.0858378375350692
57.2000000000005    155.094237383161    13.3116798035065    0.0858296222226486
57.3000000000005    156.431054237457    13.4251331431734    0.0858214068083597
57.4000000000005    157.779264011796    13.5395421645848    0.0858131912921873
57.5000000000005    159.138962670374    13.6549148207355    0.0858049756741161
57.6000000000005    160.510246975943    13.7712591299746    0.085796759954139
57.7000000000005    161.893214496369    13.8885831765354    0.0857885441322611
57.8000000000006    163.28796361125    14.0068951110707    0.0857803282085002
57.9000000000006    164.694593518583    14.1262031511904    0.085772112182884
58.0000000000006    166.113204241488    14.2465155820037    0.0857638960554436
58.1000000000006    167.543896634984    14.3678407566649    0.0857556798262075
58.2000000000006    168.986772392821    14.4901870969244    0.0857474634951955
58.3000000000006    170.441934054369    14.6135630936837    0.0857392470624171
58.4000000000006    171.909485011558    14.7379773075566    0.0857310305278718
58.5000000000006    173.38952951588    14.863438369434    0.0857228138915544
58.6000000000006    174.882172685445    14.9899549810547    0.0857145971534599
58.7000000000006    176.387520512091    15.1175359155803    0.0857063803135893
58.8000000000006    177.905679868561    15.2461900181743    0.0856981633719531
58.9000000000006    179.436758515726    15.3759262065854    0.0856899463285712
59.0000000000006    180.980865109878    15.5067534717347    0.08568172918347
59.1000000000006    182.538109210073    15.6386808783077    0.0856735119366774
59.2000000000006    184.108601285539    15.7717175653505    0.0856652945882178
59.3000000000006    185.692452723143    15.9058727468706    0.0856570771381074
59.4000000000006    187.289775834914    16.041155712444    0.0856488595863529
59.5000000000006    188.900683865632    16.1775758278266    0.0856406419329531
59.6000000000006    190.525291000479    16.3151425355714    0.085632424177903
59.7000000000006    192.163712372746    16.4538653556514    0.085624206321198
59.8000000000006    193.816064071609    16.5937538860861    0.0856159883628388
59.9000000000006    195.482463149963    16.7348178035743    0.0856077703028343
60.0000000000006    197.163027632324    16.8770668641301    0.0855995521412009
60.1000000000006    198.857876522789    17.0205109037243    0.0855913338779605
60.2000000000006    200.567129813069    17.1651598389301    0.0855831155131366
60.3000000000006    202.290908490575    17.3110236675745    0.0855748970467498
60.4000000000006    204.029334546584    17.4581124693941    0.0855666784788147
60.5000000000006    205.782530984454    17.6064364066976    0.0855584598093395
60.6000000000006    207.550621827923    17.7560057250335    0.0855502410383273
60.7000000000006    209.333732129461    17.9068307538635    0.0855420221657786
60.8000000000006    211.131987978696    18.0589219072413    0.0855338031916958
60.9000000000006    212.945516510909    18.2122896844971    0.085525584116086
61.0000000000006    214.774445915595    18.3669446709274    0.0855173649389623
61.1000000000006    216.618905445095    18.5228975384887    0.0855091456603431
61.2000000000006    218.479025423293    18.6801590464979    0.08550092628025
61.3000000000006    220.354937254394    18.8387400423367    0.0854927067987037
61.4000000000006    222.24677343176    18.9986514621625    0.0854844872157208
61.5000000000006    224.154667546827    19.159904331625    0.0854762675313125
61.6000000000006    226.078754298085    19.3225097665884    0.0854680477454845
61.7000000000006    228.019169500144    19.4864789738608    0.0854598278582384
61.8000000000006    229.976050092858    19.6518232519287    0.0854516078695755
61.9000000000006    231.94953415053    19.8185539916979    0.0854433877794989
62.0000000000006    233.939760891197    19.9866826772399    0.0854351675880161
62.1000000000006    235.946870685978    20.1562208865443    0.0854269472951402
62.2000000000006    237.971005068506    20.3271802922766    0.0854187269008883
62.3000000000006    240.012306744433    20.4995726625412    0.0854105064052789
62.4000000000006    242.070919601014    20.6734098616511    0.08540228580833
62.5000000000006    244.146988716764    20.8487038509034    0.0853940651100559
62.6000000000006    246.240660371195    21.0254666893615    0.0853858443104671
62.7000000000006    248.352082054636    21.2037105346434    0.0853776234095703
62.8000000000006    250.481402478124    21.3834476437174    0.0853694024073704
62.9000000000006    252.628771583379    21.5646903737035    0.0853611813038729
63.0000000000006    254.794340552864    21.7474511826815    0.0853529600990858
63.1000000000006    256.978261819916    21.9317426305053    0.0853447387930211
63.2000000000006    259.180689078965    22.1175773796234    0.0853365173856944
63.3000000000006    261.40177729584    22.3049681959053    0.085328295877123
63.4000000000006    263.641682718146    22.4939279494745    0.085320074267324
63.5000000000006    265.900562885735    22.6844696155483    0.0853118525563122
63.6000000000006    268.178576641256    22.8766062752838    0.0853036307440991
63.7000000000006    270.475884140792    23.0703511166318    0.0852954088306923
63.8000000000006    272.792646864582    23.2657174351973    0.0852871868160973
63.9000000000006    275.129027627831    23.4627186351069    0.0852789647003189
64.0000000000006    277.485190591604    23.6613682298836    0.0852707424833633
64.1000000000006    279.861301273808    23.8616798433284    0.0852625201652401
64.2000000000006    282.25752656027    24.0636672104079    0.0852542977459617
64.3000000000006    284.67403471589    24.2673441781496    0.0852460752255432
64.4000000000006    287.110995395899    24.4727247065436    0.0852378526040007
64.5000000000006    289.568579657199    24.6798228694511    0.0852296298813494
64.6000000000006    292.04695996979    24.8886528555206    0.085221407057602
64.7000000000006    294.546310228303    25.099228969112    0.0852131841327689
64.8000000000006    297.066805763612    25.3115656312272    0.0852049611068583
64.9000000000006    299.608623354548    25.5256773804493    0.0851967379798777
65.0000000000006    302.171941239702    25.7415788738889    0.0851885147518349
65.1000000000006    304.756939129326    25.9592848881383    0.0851802914227403
65.2000000000006    307.36379821733    26.1788103202321    0.0851720679926062
65.3000000000006    309.992701193372    26.4001701886161    0.0851638444614468
65.4000000000006    312.643832255053    26.6233796341235    0.0851556208292775
65.5000000000006    315.317377120197    26.8484539209582    0.0851473970961128
65.6000000000005    318.013523039244    27.0754084376864    0.0851391732619658
65.7000000000005    320.732458807734    27.3042586982361    0.0851309493268464
65.8000000000005    323.474374778892    27.535020342905    0.0851227252907634
65.9000000000005    326.239462876315    27.7677091393764    0.085114501153724
66.0000000000005    329.027916606767    28.0023409837431    0.0851062769157357
66.1000000000005    331.839931073064    28.2389319015399    0.0850980525768078
66.2000000000005    334.675702987075    28.4774980487836    0.0850898281369513
66.3000000000005    337.535430682821    28.7180557130214    0.0850816035961794
66.4000000000005    340.419314129679    28.9606213143872    0.085073378954506
66.5000000000005    343.327554945698    29.2052114066659    0.0850651542119452
66.6000000000005    346.260356411012    29.4518426783666    0.0850569293685102
66.7000000000005    349.217923481371    29.7005319538044    0.0850487044242126
66.8000000000005    352.200462801773    29.9512961941905    0.0850404793790625
66.9000000000005    355.208182720209    30.2041524987312    0.0850322542330687
67.0000000000005    358.24129330152    30.4591181057366    0.0850240289862403
67.1000000000005    361.300006341357    30.7162103937372    0.0850158036385875
67.2000000000005    364.384535380267    30.9754468826093    0.0850075781901219
67.3000000000005    367.495095717879    31.2368452347094    0.0849993526408567
67.4000000000004    370.631904427209    31.500423256017    0.0849911269908056
67.5000000000004    373.795180369082    31.766198897287    0.084982901239982
67.6000000000004    376.985144206666    32.0341902552102    0.0849746753883988
67.7000000000004    380.202018420124    32.3044155735842    0.0849664494360672
67.8000000000004    383.446027321383    32.5768932444928    0.0849582233829968
67.9000000000004    386.717397069023    32.8516418094956    0.0849499972291967
68.0000000000004    390.016355683282    33.1286799608271    0.0849417709746759
68.1000000000004    393.343133061188    33.4080265426043    0.084933544619444
68.2000000000004    396.697960991803    33.6897005520455    0.0849253181635123
68.3000000000004    400.081073171597    33.9737211406966    0.084917091606893
68.4000000000004    403.492705219942    34.2601076156685    0.0849088649495991
68.5000000000004    406.933094694731    34.5488794408834    0.0849006381916441
68.6000000000004    410.402481108119    34.8400562383308    0.0848924113330405
68.7000000000004    413.901105942397    35.1336577893342    0.0848841843738
68.8000000000004    417.429212665986    35.4297040358271    0.0848759573139334
68.9000000000004    420.987046749563    35.72821508164    0.0848677301534507
69.0000000000004    424.574855682314    36.0292111937974    0.0848595028923618
69.1000000000003    428.192888988322    36.3327128038249    0.0848512755306775
69.2000000000003    431.841398243079    36.6387405090666    0.0848430480684093
69.3000000000003    435.520637090135    36.9473150740131    0.08483482050557
69.4000000000003    439.230861257882    37.258457431639    0.0848265928421724
69.5000000000003    442.972328576463    37.5721886847519    0.0848183650782294
69.6000000000003    446.745298994832    37.8885301073509    0.0848101372137532
69.7000000000003    450.550034597933    38.2075031459975    0.0848019092487552
69.8000000000003    454.386799624031    38.5291294211955    0.0847936811832457
69.9000000000003    458.255860482172    38.8534307287836    0.0847854530172345
70.0000000000003    462.157485769788    39.1804290413384    0.0847772247507316
70.1000000000003    466.09194629044    39.5101465095882    0.0847689963837475
70.2000000000003    470.059515071706    39.8426054638383    0.0847607679162935
70.3000000000003    474.060467383208    40.1778284154077    0.0847525393483821
70.4000000000003    478.095080754787    40.5158380580759    0.0847443106800261
70.5000000000003    482.163634994823    40.8566572695415    0.0847360819112379
70.6000000000003    486.266412208696    41.2003091128933    0.0847278530420296
70.7000000000003    490.403696817402    41.5468168380917    0.0847196240724127
70.8000000000003    494.575775576314    41.8962038834627    0.0847113950023984
70.9000000000002    498.782937594094    42.2484938772032    0.0847031658319971
71.0000000000002    503.025474351755    42.6037106388993    0.0846949365612197
71.1000000000002    507.303679721874    42.9618781810551    0.0846867071900773
71.2000000000002    511.617849987966    43.3230207106348    0.0846784777185819
71.3000000000002    515.968283864001    43.6871626306156    0.084670248146746
71.4000000000002    520.355282514089    44.0543285415541    0.084662018474582
71.5000000000002    524.779149572312    44.4245432431635    0.0846537887021024
71.6000000000002    529.240191162721    44.797831735904    0.0846455588293188
71.7000000000002    533.738715919493    45.1742192225866    0.0846373288562423
71.8000000000002    538.275035007239    45.5537311099877    0.0846290987828836
71.9000000000002    542.84946214149    45.9363930104787    0.084620868609253
72.0000000000002    547.462313609334    46.3222307436669    0.0846126383353615
72.1000000000002    552.113908290223    46.7112703380499    0.0846044079612203
72.2000000000002    556.804567676944    47.1035380326826    0.0845961774868411
72.3000000000002    561.53461589676    47.4990602788581    0.0845879469122363
72.4000000000002    566.304379732716    47.8978637418002    0.0845797162374182
72.5000000000002    571.11418864512    48.2999753023705    0.084571485462399
72.6000000000002    575.96437479319    48.7054220587885    0.0845632545871904
72.7000000000001    580.855273056878    49.1142313283651    0.084555023611804
72.8000000000001    585.787221058863    49.5264306492505    0.0845467925362507
72.9000000000001    590.760559186728    49.9420477821951    0.0845385613605416
73.0000000000001    595.775630615302    50.3611107123247    0.0845303300846882
73.1000000000001    600.832781329193    50.78364765093    0.084522098708702
73.2000000000001    605.932360145488    51.2096870372689    0.0845138672325953
73.3000000000001    611.074718736646    51.6392575403841    0.0845056356563802
73.4000000000001    616.260211653565    52.0723880609341    0.084497403980069
73.5000000000001    621.489196348833    52.5091077330392    0.0844891722036735
73.6000000000001    626.762033200173    52.9494459261415    0.0844809403272051
73.7000000000001    632.079085534061    53.39343224688    0.0844727083506748
73.8000000000001    637.440719649549    53.8410965409806    0.0844644762740938
73.9000000000001    642.847304842257    54.2924688951603    0.084456244097473
74.0000000000001    648.299213428581    54.7475796390475    0.0844480118208237
74.1000000000001    653.796820770067    55.206459347116    0.0844397794441578
74.2000000000001    659.340505298004    55.6691388406352    0.0844315469674873
74.3000000000001    664.930648538194    56.1356491896347    0.0844233143908244
74.4    670.567635135931    56.6060217148848    0.0844150817141811
74.5    676.251852881171    57.0802879898924    0.0844068489375694
74.6    681.983692733909    57.5584798429126    0.0843986160610006
74.7    687.763548849754    58.0406293589765    0.0843903830844862
74.8    693.591818605705    58.5267688819342    0.0843821500080376
74.9    699.46890262614    59.0169310165148    0.0843739168316662
75    705.395204809008    59.5111486304019    0.0843656835553839
75.1    711.371132352221    60.0094548563254    0.0843574501792026
75.2    717.397095780273    60.5118830941695    0.0843492167031344
75.3    723.473508971055    61.0184670130976    0.0843409831271912
75.4    729.600789182892    61.5292405536938    0.0843327494513852
75.5    735.779357081794    62.0442379301206    0.0843245156757278
75.6    742.009636768916    62.5634936322945    0.0843162818002303
75.7    748.292055808252    63.0870424280779    0.084308047824904
75.8    754.627045254532    63.6149193654888    0.08429981374976
75.9    761.01503968135    64.1471597749278    0.0842915795748101
76    767.456477209518    64.683799271422    0.0842833453000661
76.1    773.951799535635    65.2248737568867    0.0842751109255398
76.1999999999999    780.501451960895    65.7704194224048    0.0842668764512433
76.2999999999999    787.105883420116    66.3204727505239    0.0842586418771889
76.3999999999999    793.765546511    66.8750705175716    0.0842504072033881
76.4999999999999    800.48089752363    67.4342497959887    0.0842421724298525
76.5999999999999    807.252396470197    67.9980479566813    0.0842339375565938
76.6999999999999    814.080507114966    68.5665026713907    0.0842257025836237
76.7999999999999    820.965697004475    69.1396519150818    0.0842174675109536
76.8999999999999    827.908437497983    69.7175339683512    0.0842092323385955
76.9999999999999    834.909203798146    70.3001874198526    0.0842009970665612
77.0999999999999    841.968474981953    70.8876511687426    0.0841927616948628
77.1999999999999    849.086734031894    71.4799644271443    0.0841845262235121
77.2999999999999    856.264467867382    72.0771667226311    0.0841762906525212
77.3999999999999    863.502167376421    72.6792979007298    0.0841680549819017
77.4999999999999    870.800327447528    73.2863981274425    0.0841598192116648
77.5999999999999    878.159447001909    73.8985078917896    0.0841515833418221
77.6999999999999    885.580029025886    74.5156680083721    0.0841433473723852
77.7999999999999    893.062580603583    75.1379196199535    0.0841351113033658
77.8999999999998    900.607612949876    75.7653042000626    0.0841268751347757
77.9999999999998    908.215641443596    76.3978635556156    0.0841186388666268
78.0999999999998    915.887185661    77.03563982956    0.0841104024989312
78.1999999999998    923.622769409508    77.6786755035378    0.0841021660317009
78.2999999999998    931.422920761707    78.3270134005706    0.0840939294649477
78.3999999999998    939.288172089622    78.9806966877647    0.0840856927986833
78.4999999999998    947.21906009926    79.6397688790386    0.0840774560329192
78.5999999999998    955.21612586543    80.3042738378709    0.0840692191676673
78.6999999999998    963.279914866834    80.9742557800699    0.0840609822029393
78.7999999999998    971.410977021444    81.6497592765648    0.0840527451387472
78.8999999999998    979.609866722147    82.3308292562189    0.0840445079751028
78.9999999999998    987.877142872687    83.0175110086644    0.0840362707120183
79.0999999999998    996.21336892388    83.709850187159    0.0840280333495055
79.1999999999998    1004.61911291012    84.4078928114659    0.084019795887576
79.2999999999998    1013.09494748617    85.1116852707553    0.0840115583262415
79.3999999999998    1021.64144996427    85.821274326529    0.0840033206655138
79.4999999999998    1030.25920235148    86.5367071155683    0.0839950829054044
79.5999999999998    1038.94879138738    87.2580311529031    0.0839868450459249
79.6999999999997    1047.71080858206    87.9852943348071    0.0839786070870871
79.7999999999997    1056.54585025435    88.7185449418137    0.0839703690289032
79.8999999999997    1065.45451757042    89.4578316417564    0.0839621308713852
79.9999999999997    1074.4374165827    90.2032034928328    0.0839538926145449
80.0999999999997    1083.49515826899    90.9547099466928    0.0839456542583943
80.1999999999997    1092.62835857204    91.7124008515502    0.083937415802945
80.2999999999997    1101.8376384393    92.4763264553198    0.0839291772482088
80.3999999999997    1111.1236238631    93.2465374087776    0.0839209385941977
80.4999999999997    1120.48694592105    94.0230847687464    0.0839126998409233
80.5999999999997    1129.92824081685    94.8060200013061    0.0839044609883976
80.6999999999997    1139.44814992132    95.5953949850288    0.0838962220366325
80.7999999999997    1149.04731981385    96.3912620142397    0.0838879829856398
80.8999999999997    1158.72640232416    97.1936738023024    0.0838797438354319
80.9999999999997    1168.48605457431    98.0026834849304    0.0838715045860203
81.0999999999997    1178.32693902115    98.8183446235239    0.0838632652374166
81.1999999999997    1188.24972349902    99.6407112085343    0.0838550257896327
81.2999999999997    1198.25508126286    100.469837662853    0.0838467862426805
81.3999999999997    1208.34369103159    101.305778845225    0.0838385465965716
81.4999999999996    1218.5162370319    102.148590053698    0.0838303068513179
81.5999999999996    1228.77340904233    102.998327029081    0.0838220670069311
81.6999999999996    1239.11590243772    103.855045958453    0.0838138270634234
81.7999999999996    1249.54441823402    104.718803478675    0.0838055870208069
81.8999999999996    1260.05966313345    105.589656679947    0.0837973468790933
81.9999999999996    1270.66234957001    106.467663109387    0.0837891066382945
82.0999999999996    1281.35319575533    107.352880774634    0.0837808662984223
82.1999999999996    1292.13292572494    108.245368147481    0.0837726258594885
82.2999999999996    1303.00226938483    109.145184167546    0.0837643853215051
82.3999999999996    1313.96196255845    110.052388245954    0.0837561446844839
82.4999999999996    1325.01274703402    110.96704026906    0.0837479039484371
82.5999999999996    1336.15537061226    111.889200602199    0.0837396631133764
82.6999999999996    1347.39058715446    112.818930093464    0.0837314221793139
82.7999999999996    1358.71915663095    113.756290077509    0.0837231811462614
82.8999999999996    1370.14184516996    114.70134237939    0.0837149400142307
82.9999999999996    1381.65942510683    115.654149318433    0.0837066987832336
83.0999999999996    1393.27267503365    116.614773712124    0.083698457453282
83.1999999999995    1404.98237984925    117.583278880042    0.0836902160243875
83.2999999999995    1416.78933080965    118.559728647815    0.0836819744965621
83.3999999999995    1428.69432557882    119.544187351107    0.0836737328698179
83.4999999999995    1440.69816827988    120.536719839637    0.0836654911441669
83.5999999999995    1452.80166954674    121.537391481233    0.0836572493196208
83.6999999999995    1465.00564657612    122.546268165908    0.0836490073961916
83.7999999999995    1477.31092317993    123.563416309979    0.0836407653738913
83.8999999999995    1489.71832983812    124.588902860207    0.0836325232527318
83.9999999999995    1502.22870375197    125.62279529798    0.0836242810327249
84.0999999999995    1514.84288889771    126.665161643521    0.0836160387138825
84.1999999999995    1527.56173608067    127.716070460128    0.0836077962962166
84.2999999999995    1540.38610298974    128.775590858454    0.0835995537797393
84.3999999999995    1553.31685425236    129.843792500813    0.0835913111644624
84.4999999999995    1566.3548614899    130.920745605524    0.0835830684503979
84.5999999999995    1579.50100337347    132.006520951285    0.0835748256375577
84.6999999999995    1592.75616568016    133.101189881584    0.0835665827259535
84.7999999999995    1606.12124134978    134.204824309142    0.0835583397155973
84.8999999999995    1619.59713054199    135.317496720395    0.083550096606501
84.9999999999994    1633.18474069386    136.439280180002    0.0835418533986765
85.0999999999994    1646.88498657799    137.570248335398    0.0835336100921358
85.1999999999994    1660.69879036094    138.710475421374    0.0835253666868908
85.2999999999994    1674.62708166226    139.860036264697    0.0835171231829536
85.3999999999994    1688.67079761388    141.019006288767    0.0835088795803359
85.4999999999994    1702.83088292002    142.187461518305    0.0835006358790498
85.5999999999994    1717.10828991754    143.365478584081    0.0834923920791072
85.6999999999994    1731.50397863683    144.553134727678    0.0834841481805202
85.7999999999994    1746.01891686308    145.750507806293    0.0834759041833006
85.8999999999994    1760.65408019809    146.957676297574    0.0834676600874603
85.9999999999994    1775.41045212259    148.174719304499    0.0834594158930113
86.0999999999994    1790.28902405899    149.401716560282    0.0834511715999657
86.1999999999994    1805.29079543465    150.638748433331    0.0834429272083353
86.2999999999994    1820.41677374566    151.885895932235    0.0834346827181324
86.3999999999994    1835.6679746211    153.14324071079    0.0834264381293686
86.4999999999994    1851.04542188781    154.410865073069    0.0834181934420558
86.5999999999994    1866.55014763571    155.688851978528    0.0834099486562061
86.6999999999993    1882.18319228352    156.97728504715    0.0834017037718313
86.7999999999993    1897.94560464514    158.276248564631    0.0833934587889433
86.8999999999993    1913.83844199645    159.585827487606    0.0833852137075543
86.9999999999993    1929.86277014266    160.906107448918    0.083376968527676
87.0999999999993    1946.01966348623    162.23717476292    0.0833687232493208
87.1999999999993    1962.31020509525    163.579116430824    0.0833604778725003
87.2999999999993    1978.7354867724    164.932020146092    0.0833522323972266
87.3999999999993    1995.29660912446    166.295974299867    0.0833439868235116
87.4999999999993    2011.99468163237    167.671067986443    0.0833357411513673
87.5999999999993    2028.83082272175    169.057391008783    0.0833274953808058
87.6999999999993    2045.80615983413    170.455033884077    0.0833192495118392
87.7999999999993    2062.92182949857    171.864087849339    0.0833110035444793
87.8999999999993    2080.17897740399    173.284644867054    0.0833027574787379
87.9999999999993    2097.57875847198    174.716797630866    0.0832945113146273
88.0999999999993    2115.12233693017    176.160639571309    0.0832862650521594
88.1999999999993    2132.81088638624    177.61626486158    0.083278018691346
88.2999999999993    2150.64558990248    179.083768423364    0.0832697722321993
88.3999999999993    2168.62764007091    180.563245932696    0.0832615256747311
88.4999999999992    2186.75823908902    182.054793825873    0.0832532790189533
88.5999999999992    2205.03859883609    183.558509305412    0.0832450322648781
88.6999999999992    2223.4699409501    185.074490346047    0.0832367854125175
88.7999999999992    2242.0534969053    186.602835700783    0.0832285384618835
88.8999999999992    2260.79050809026    188.143644906988    0.0832202914129879
88.9999999999992    2279.68222588669    189.697018292539    0.0832120442658428
89.0999999999992    2298.72991174877    191.263056982005    0.0832037970204603
89.1999999999992    2317.9348372831    192.841862902892    0.0831955496768523
89.2999999999992    2337.29828432935    194.433538791924    0.0831873022350309
89.3999999999992    2356.82154504148    196.038188201378    0.0831790546950079
89.4999999999992    2376.50592196962    197.655915505467    0.0831708070567954
89.5999999999992    2396.35272814257    199.286825906773    0.0831625593204056
89.6999999999992    2416.36328715098    200.931025442726    0.0831543114858504
89.7999999999992    2436.53893323112    202.588620992139    0.0831460635531417
89.8999999999992    2456.8810113494    204.259720281788    0.0831378155222916
89.9999999999992    2477.39087728748    205.944431893046    0.0831295673933122
90.0999999999992    2498.06989772801    207.642865268565    0.0831213191662153
90.1999999999992    2518.91945034119    209.355130719012    0.0831130708410128
90.2999999999991    2539.94092387182    211.081339429859    0.0831048224177168
90.3999999999991    2561.13571822716    212.821603468218    0.0830965738963395
90.4999999999991    2582.50524456546    214.576035789737    0.0830883252768929
90.5999999999991    2604.05092538511    216.344750245543    0.083080076559389
90.6999999999991    2625.77419461457    218.127861589241    0.0830718277438398
90.7999999999991    2647.67649770296    219.925485483969    0.0830635788302573
90.8999999999991    2669.75929171136    221.737738509502    0.0830553298186534
90.9999999999991    2692.02404540486    223.564738169414    0.0830470807090403
91.0999999999991    2714.47223934525    225.406602898299    0.0830388315014299
91.1999999999991    2737.10536598452    227.263452069037    0.0830305821958344
91.2999999999991    2759.92492975905    229.135406000127    0.083022332792266
91.3999999999991    2782.93244718454    231.022585963071    0.0830140832907364
91.4999999999991    2806.12944695167    232.925114189811    0.0830058336912577
91.5999999999991    2829.51747002251    234.843113880236    0.0829975839938419
91.6999999999991    2853.09806972771    236.776709209731    0.082989334198501
91.7999999999991    2876.87281186445    238.726025336797    0.082981084305247
91.8999999999991    2900.84327479507    240.69118841072    0.082972834314092
91.999999999999    2925.0110495466    242.672325579305    0.0829645842250482
92.099999999999    2949.37773991093    244.669564996669    0.0829563340381274
92.199999999999    2973.94496254593    246.683035831089    0.0829480837533419
92.299999999999    2998.71434707715    248.712868272917    0.0829398333707036
92.399999999999    3023.68753620051    250.759193542552    0.0829315828902245
92.499999999999    3048.86618578566    252.822143898471    0.0829233323119168
92.599999999999    3074.25196498021    254.901852645329    0.0829150816357924
92.699999999999    3099.84655631473    256.998454142115    0.0829068308618633
92.799999999999    3125.65165580863    259.112083810371    0.0828985799901418
92.899999999999    3151.6689730768    261.242878142478    0.0828903290206398
92.999999999999    3177.90023143713    263.390974710002    0.0828820779533693
93.099999999999    3204.3471680188    265.556512172106    0.0828738267883426
93.199999999999    3231.01153387155    267.739630284025    0.0828655755255714
93.299999999999    3257.89509407561    269.940469905607    0.082857324165068
93.399999999999    3284.99962785267    272.159173009922    0.0828490727068442
93.499999999999    3312.32692867759    274.395882691931    0.0828408211509122
93.599999999999    3339.87880439105    276.650743177228    0.0828325694972841
93.699999999999    3367.65707731304    278.923899830847    0.0828243177459721
93.7999999999989    3395.66358435722    281.21549916613    0.0828160658969879
93.8999999999989    3423.90017714626    283.525688853677    0.0828078139503439
93.9999999999989    3452.36872212796    285.854617730352    0.0827995619060521
94.0999999999989    3481.07110069233    288.20243580836    0.0827913097641244
94.1999999999989    3510.00920928963    290.569294284404    0.0827830575245729
94.2999999999989    3539.18495954922    292.955345548897    0.0827748051874097
94.3999999999989    3568.60027839941    295.360743195255    0.082766552752647
94.4999999999989    3598.25710818827    297.785642029262    0.0827583002202969
94.5999999999989    3628.15740680526    300.230198078494    0.0827500475903714
94.6999999999989    3658.30314780397    302.694568601833    0.0827417948628826
94.7999999999989    3688.69632052563    305.178912099042    0.0827335420378425
94.8999999999989    3719.33893022377    307.683388320415    0.0827252891152632
94.9999999999989    3750.23299818971    310.208158276506    0.0827170360951567
95.0999999999989    3781.38056187908    312.753384247927    0.0827087829775353
95.1999999999989    3812.7836750393    315.319229795222    0.0827005297624109
95.2999999999989    3844.44440783812    317.90585976882    0.0826922764497954
95.3999999999989    3876.36484699306    320.513440319062    0.0826840230397011
95.4999999999988    3908.54709590193    323.142138906304    0.0826757695321402
95.5999999999988    3940.99327477432    325.792124311098    0.0826675159271249
95.6999999999988    3973.70552076415    328.463566644451    0.0826592622246669
95.7999999999988    4006.68598810321    331.156637358161    0.0826510084247785
95.8999999999988    4039.93684823578    333.871509255237    0.0826427545274716
95.9999999999988    4073.46028995426    336.608356500396    0.0826345005327586
96.0999999999988    4107.25851953586    339.367354630635    0.0826262464406513
96.1999999999988    4141.33376088039    342.148680565892    0.0826179922511621
96.2999999999988    4175.68825564904    344.952512619785    0.082609737964303
96.3999999999988    4210.32426340434    347.779030510431    0.0826014835800859
96.4999999999988    4245.24406175113    350.628415371356    0.0825932290985231
96.5999999999988    4280.44994647862    353.500849762473    0.0825849745196265
96.6999999999988    4315.94423170362    356.396517681164    0.0825767198434083
96.7999999999988    4351.72925001485    359.315604573429    0.0825684650698807
96.8999999999988    4387.80735261831    362.25829734513    0.0825602101990557
96.9999999999988    4424.18090948387    365.224784373316    0.0825519552309454
97.0999999999988    4460.85230949297    368.215255517642    0.0825437001655619
97.1999999999988    4497.8239605874    371.229902131866    0.0825354450029175
97.2999999999987    4535.09828991935    374.268917075438    0.082527189743024
97.3999999999987    4572.67774400249    377.332494725178    0.0825189343858937
97.4999999999987    4610.56478886438    380.420830987047    0.0825106789315387
97.5999999999987    4648.7619101999    383.534123307996    0.0825024233799712
97.6999999999987    4687.27161352598    386.672570687919    0.082494167731203
97.7999999999987    4726.09642433748    389.83637369169    0.0824859119852466
97.8999999999987    4765.23888826432    393.025734461293    0.0824776561421139
97.9999999999987    4804.70157122974    396.240856728045    0.0824694002018171
98.0999999999987    4844.48705960993    399.481945824911    0.0824611441643683
98.1999999999987    4884.59796039472    402.749208698916    0.0824528880297796
98.2999999999987    4925.03690134971    406.04285392365    0.082444631798063
98.3999999999987    4965.80653117945    409.363091711868    0.0824363754692308
98.4999999999987    5006.90951969208    412.710133928187    0.0824281190432952
98.5999999999987    5048.34855796509    416.084194101877    0.0824198625202682
98.6999999999987    5090.12635851246    419.485487439755    0.0824116059001619
98.7999999999987    5132.24565545304    422.914230839172    0.0824033491829884
98.8999999999987    5174.70920468029    426.370642901104    0.0823950923687597
98.9999999999986    5217.51978403326    429.854943943338    0.0823868354574882
99.0999999999986    5260.68019346896    433.367356013762    0.082378578449186
99.1999999999986    5304.19325523602    436.908102903753    0.0823703213438653
99.2999999999986    5348.06181404971    440.477410161672    0.0823620641415379
99.3999999999986    5392.28873726835    444.075505106455    0.0823538068422161
99.4999999999986    5436.876915071    447.702616841318    0.0823455494459122
99.5999999999986    5481.82926063661    451.358976267552    0.0823372919526382
99.6999999999986    5527.14871032451    455.044816098437    0.0823290343624064
99.7999999999986    5572.8382238563    458.760370873253    0.0823207766752287
99.8999999999986    5618.90078449916    462.505876971402    0.0823125188911174
99.9999999999986    5665.33939925058    466.281572626635    0.0823042610100844
100.099999999999    5712.15709902449    470.087697941392    0.0822960030321421
100.199999999999    5759.35693883886    473.924494901243    0.0822877449573026
100.299999999999    5806.94199800474    477.792207389449    0.082279486785578
100.399999999999    5854.91538031675    481.691081201623    0.0822712285169805
100.499999999999    5903.28021424506    485.621364060513    0.0822629701515222
100.599999999999    5952.03965312885    489.58330563089    0.0822547116892152
100.699999999999    6001.19687537124    493.577157534554    0.0822464531300717
100.799999999999    6050.75508463576    497.603173365449    0.0822381944741039
100.899999999999    6100.71751004433    501.661608704901    0.0822299357213239
100.999999999999    6151.08740637675    505.752721136962    0.0822216768717439
101.099999999999    6201.86805427173    509.87677026388    0.082213417925376
101.199999999999    6253.06276042952    514.03401772168    0.0822051588822324
101.299999999999    6304.67485781606    518.224727195866    0.0821968997423253
101.399999999999    6356.70770586869    522.449164437244    0.0821886405056667
101.499999999999    6409.16469070351    526.707597277862    0.082180381172269
101.599999999999    6462.04922532427    531.000295647074    0.0821721217421442
101.699999999998    6515.36474983292    535.327531587725    0.0821638622153046
101.799999999998    6569.11473164181    539.689579272454    0.0821556025917621
101.899999999998    6623.30266568742    544.086715020137    0.0821473428715291
101.999999999998    6677.93207464584    548.51921731243    0.0821390830546178
102.099999999998    6733.0065091499    552.987366810463    0.0821308231410401
102.199999999998    6788.52954800793    557.491446371641    0.0821225631308086
102.299999999998    6844.50479842423    562.031741066585    0.0821143030239351
102.399999999998    6900.93589622125    566.608538196197    0.0821060428204318
102.499999999998    6957.82650606347    571.222127308855    0.0820977825203111
102.599999999998    7015.18032168302    575.872800217736    0.0820895221235849
102.699999999998    7073.00106610702    580.560851018278    0.0820812616302657
102.799999999998    7131.29249188667    585.286576105766    0.0820730010403656
102.899999999998    7190.05838132817    590.050274193054    0.0820647403538966
102.999999999998    7249.30254672528    594.852246328426    0.0820564795708709
103.099999999998    7309.02883059385    599.692795913587    0.0820482186913008
103.199999999998    7369.241105908    604.572228721794    0.0820399577151984
103.299999999998    7429.94327633821    609.490852916122    0.0820316966425758
103.399999999998    7491.13927649123    614.44897906787    0.0820234354734454
103.499999999998    7552.83307215179    619.446920175109    0.0820151742078194
103.599999999998    7615.02866052625    624.484991681359    0.0820069128457098
103.699999999998    7677.73007048806    629.563511494427    0.0819986513871289
103.799999999998    7740.94136282513    634.682800005374    0.0819903898320888
103.899999999998    7804.66663048913    639.843180107626    0.0819821281806018
103.999999999998    7868.90999884666    645.044977216237    0.0819738664326801
104.099999999998    7933.67562593238    650.288519287292    0.0819656045883359
104.199999999998    7998.96770270412    655.574136837458    0.0819573426475813
104.299999999998    8064.79045329987    660.902162963685    0.0819490806104284
104.399999999998    8131.14813529685    666.272933363059    0.0819408184768896
104.499999999998    8198.04503997248    671.686786352797    0.0819325562469771
104.599999999998    8265.48549256741    677.1440628904    0.081924293920703
104.699999999998    8333.47385255056    682.645106593955    0.0819160314980796
104.799999999998    8402.0145138862    688.190263762596    0.081907768979119
104.899999999998    8471.11190530308    693.779883397114    0.0818995063638334
104.999999999998    8540.77049056563    699.414317220728    0.0818912436522349
105.099999999998    8610.99476874723    705.093919700006    0.0818829808443359
105.199999999998    8681.78927450563    710.819048065955    0.0818747179401486
105.299999999998    8753.15857836042    716.590062335262    0.0818664549396851
105.399999999998    8825.10728697268    722.407325331696    0.081858191842958
105.499999999998    8897.64004342676    728.271202707678    0.0818499286499792
105.599999999998    8970.76152751422    734.182062966005    0.0818416653607607
105.699999999998    9044.47645601996    740.140277481754    0.0818334019753149
105.799999999998    9118.78958301057    746.146220524331    0.0818251384936542
105.899999999998    9193.70570012483    752.200269279705    0.0818168749157906
105.999999999998    9269.22963686651    758.302803872795    0.0818086112417365
106.099999999998    9345.36626089939    764.45420739004    0.081800347471504
106.199999999998    9422.12047834452    770.65486590213    0.0817920836051053
106.299999999998    9499.49723407981    776.905168486912    0.0817838196425527
106.399999999998    9577.5015120419    783.205507252469    0.0817755555838583
106.499999999998    9656.13833553031    789.556277360378    0.0817672914290344
106.599999999998    9735.41276751398    795.957877049131    0.0817590271780932
106.699999999998    9815.32991094013    802.410707657748    0.0817507628310469
106.799999999998    9895.89490904553    808.91517364956    0.0817424983879079
106.899999999998    9977.11294567005    815.47168263617    0.0817342338486882
106.999999999998    10058.9892455728    822.080645401603    0.0817259692134002
107.099999999998    10141.5290747504    828.74247592663    0.0817177044820561
107.199999999998    10224.7377407581    835.457591413279    0.081709439654668
107.299999999998    10308.620593033    842.226412309536    0.0817011747312484
107.399999999998    10393.18302322    849.049362334221    0.0816929097118094
107.499999999998    10478.4304654999    855.926868502059    0.081684644596363
107.599999999998    10564.3683969204    862.859361148949    0.0816763793849218
107.699999999998    10651.0023377297    869.847273957402    0.0816681140774979
107.799999999998    10738.3378517119    876.891043982191    0.0816598486741036
107.899999999998    10826.3805465261    883.991111676182    0.081651583174751
107.999999999998    10915.1360740471    891.147920916367    0.0816433175794524
108.099999999998    11004.6101307094    898.361919030092    0.0816350518882201
108.199999999998    11094.8084578531    905.63355682148    0.0816267861010664
108.299999999998    11185.7368420737    912.963288598055    0.0816185202180034
108.399999999998    11277.4011155728    920.351572197565    0.0816102542390435
108.499999999998    11369.8071565132    927.798869015012    0.0816019881641989
108.599999999998    11462.9608893758    935.30564402988    0.0815937219934818
108.699999999998    11556.8682853192    942.87236583357    0.0815854557269043
108.799999999998    11651.5353625425    950.499506657048    0.0815771893644788
108.899999999998    11746.9681866506    958.18754239869    0.0815689229062176
108.999999999998    11843.1728710222    965.936952652346    0.081560656352133
109.099999999998    11940.155577181    973.748220735609    0.0815523897022373
109.199999999998    12037.9225151693    981.621833718301    0.0815441229565427
109.299999999998    12136.4799439247    989.558282451172    0.0815358561150614
109.399999999998    12235.8341716596    997.558061594817    0.0815275891778056
109.499999999998    12335.9915562437    1005.62166964881    0.0815193221447878
109.599999999998    12436.9585055893    1013.74960898105    0.0815110550160201
109.699999999998    12538.7414780399    1021.94238585735    0.0815027877915148
109.799999999998    12641.3469827608    1030.2005104712    0.0814945204712841
109.899999999998    12744.7815801341    1038.52449697385    0.0814862530553403
109.999999999998    12849.0518821556    1046.91486350447    0.0814779855436957
110.099999999998    12954.164552835    1055.37213222069    0.0814697179363625
110.199999999998    13060.1263085997    1063.8968293293    0.0814614502333531
110.299999999998    13166.9439187009    1072.48948511714    0.0814531824346797
110.399999999998    13274.6242056231    1081.1506339823    0.0814449145403544
110.499999999998    13383.1740454973    1089.88081446552    0.0814366465503898
110.599999999998    13492.6003685162    1098.68056928182    0.0814283784647982
110.699999999998    13602.9101593537    1107.55044535237    0.0814201102835917
110.799999999998    13714.1104575867    1116.49099383661    0.0814118420067825
110.899999999998    13826.208358121    1125.50277016462    0.0814035736343829
110.999999999998    13939.2110116196    1134.5863340697    0.0813953051664052
111.099999999998    14053.1256249349    1143.74224962119    0.0813870366028618
111.199999999998    14167.9594615439    1152.97108525765    0.0813787679437648
111.299999999998    14283.7198419865    1162.27341382007    0.0813704991891268
111.399999999998    14400.4141443079    1171.64981258559    0.0813622303389598
111.499999999998    14518.0498045036    1181.10086330125    0.0813539613932762
111.599999999998    14636.6343169681    1190.62715221811    0.0813456923520883
111.699999999998    14756.1752349472    1200.22927012563    0.0813374232154082
111.799999999998    14876.6801709933    1209.90781238625    0.0813291539832485
111.899999999998    14998.1567974245    1219.66337897028    0.0813208846556214
111.999999999998    15120.6128467873    1229.49657449101    0.0813126152325392
112.099999999998    15244.0561123227    1239.40800824011    0.0813043457140141
112.199999999998    15368.4944484353    1249.39829422333    0.0812960761000585
112.299999999998    15493.9357711673    1259.46805119635    0.0812878063906847
112.399999999998    15620.3880586746    1269.61790270107    0.0812795365859048
112.499999999998    15747.8593517075    1279.84847710201    0.0812712666857311
112.599999999998    15876.357754095    1290.16040762308    0.0812629966901762
112.699999999998    16005.8914332322    1300.55433238459    0.0812547265992523
112.799999999998    16136.4686205719    1311.03089444058    0.0812464564129715
112.899999999998    16268.0976121203    1321.59074181634    0.0812381861313463
112.999999999998    16400.7867689352    1332.23452754631    0.0812299157543891
113.099999999998    16534.5445176295    1342.9629097122    0.0812216452821121
113.199999999998    16669.3793508776    1353.77655148143    0.0812133747145276
113.299999999998    16805.2998279258    1364.67612114586    0.0812051040516479
113.399999999998    16942.3145751068    1375.66229216073    0.0811968332934853
113.499999999998    17080.432286358    1386.73574318406    0.0811885624400522
113.599999999998    17219.6617237436    1397.89715811613    0.0811802914913607
113.699999999998    17360.0117179812    1409.14722613948    0.0811720204474233
113.799999999998    17501.4911689715    1420.486641759    0.0811637493082524
113.899999999998    17644.109046333    1431.91610484248    0.0811554780738603
113.999999999998    17787.87438994    1443.43632066137    0.0811472067442591
114.099999999998    17932.7963104653    1455.04799993192    0.0811389353194612
114.199999999998    18078.8839899264    1466.7518588565    0.0811306637994791
114.299999999998    18226.1466822366    1478.54861916543    0.0811223921843249
114.399999999998    18374.5937137595    1490.43900815889    0.081114120474011
114.499999999998    18524.2344838684    1502.42375874936    0.0811058486685498
114.599999999998    18675.0784655094    1514.5036095042    0.0810975767679537
114.699999999998    18827.1352057692    1526.67930468869    0.0810893047722349
114.799999999998    18980.4143264471    1538.95159430928    0.0810810326814059
114.899999999998    19134.9255246311    1551.32123415724    0.0810727604954788
114.999999999998    19290.6785732785    1563.78898585259    0.0810644882144659
115.099999999998    19447.6833218016    1576.35561688841    0.0810562158383797
115.199999999998    19605.9496966562    1589.0219006754    0.0810479433672325
115.299999999998    19765.4877019367    1601.78861658688    0.0810396708010365
115.399999999998    19926.3074199736    1614.65655000402    0.0810313981398044
115.499999999998    20088.4190119375    1627.62649236146    0.0810231253835483
115.599999999998    20251.8327184459    1640.69924119331    0.0810148525322805
115.699999999998    20416.5588601761    1653.87560017938    0.0810065795860134
115.799999999998    20582.6078384818    1667.15637919191    0.0809983065447593
115.899999999998    20749.9901360145    1680.54239434249    0.0809900334085306
115.999999999998    20918.7163173503    1694.03446802946    0.0809817601773397
116.099999999998    21088.7970296204    1707.63342898557    0.0809734868511989
116.199999999998    21260.2430031474    1721.34011232605    0.0809652134301204
116.299999999998    21433.0650520856    1735.15535959705    0.0809569399141167
116.399999999998    21607.2740750668    1749.08001882437    0.0809486663032003
116.499999999998    21782.8810558505    1763.11494456264    0.0809403925973835
116.599999999998    21959.8970639793    1777.2609979448    0.0809321187966784
116.699999999998    22138.3332554394    1791.51904673199    0.0809238449010974
116.799999999998    22318.2008733257    1805.88996536378    0.0809155709106529
116.899999999998    22499.5112485122    1820.37463500884    0.0809072968253574
116.999999999998    22682.2758003275    1834.97394361589    0.0808990226452232
117.099999999998    22866.5060372354    1849.6887859651    0.0808907483702626
117.199999999998    23052.2135575205    1864.52006371985    0.0808824740004882
117.299999999998    23239.4100499793    1879.46868547891    0.0808741995359122
117.399999999998    23428.1072946163    1894.53556682893    0.0808659249765469
117.499999999998    23618.3171633451    1909.72163039741    0.0808576503224048
117.599999999998    23810.0516206958    1925.02780590601    0.080849375573498
117.699999999998    24003.3227245263    1940.45503022427    0.0808411007298389
117.799999999998    24198.1426267406    1956.00424742375    0.0808328257914402
117.899999999998    24394.5235740111    1971.67640883255    0.0808245507583142
117.999999999998    24592.4779085071    1987.47247309024    0.0808162756304732
118.099999999998    24792.0180686291    2003.39340620318    0.0808080004079295
118.199999999998    24993.1565897478    2019.44018160032    0.0807997250906954
118.299999999998    25195.9061049492    2035.61378018935    0.0807914496787834
118.399999999998    25400.2793457856    2051.91519041329    0.0807831741722058
118.499999999998    25606.2891430319    2068.34540830747    0.0807748985709753
118.599999999998    25813.9484274471    2084.90543755701    0.0807666228751041
118.699999999998    26023.2702305433    2101.59628955466    0.0807583470846044
118.799999999998    26234.2676853581    2118.41898345911    0.0807500711994886
118.899999999998    26446.9540272351    2135.37454625367    0.0807417952197693
118.999999999998    26661.3425946088    2152.46401280548    0.0807335191454587
119.099999999998    26877.4468297962    2169.68842592512    0.0807252429765692
119.199999999998    27095.2802797938    2187.04883642659    0.0807169667131132
119.299999999997    27314.8565970815    2204.5463031879    0.0807086903551034
119.399999999997    27536.1895404314    2222.18189321194    0.0807004139025519
119.499999999997    27759.2929757239    2239.95668168788    0.0806921373554711
119.599999999997    27984.180876769    2257.87175205307    0.0806838607138734
119.699999999997    28210.8673261345    2275.92819605533    0.0806755839777713
119.799999999997    28439.3665159801    2294.12711381571    0.0806673071471772
119.899999999997    28669.6927488976    2312.46961389175    0.0806590302221034
