0    6.83244846977538e-17    0.406231759206248    0.406231759206248
0.01    -8.91969497509185e-07    0.411361251497525    0.411361985341557
0.02    -1.01140514340941e-06    0.416563897568297    0.416564740198887
0.03    -1.56779820922614e-07    0.42182842261375    0.421828554882139
0.04    -5.34720697319915e-07    0.427156921770479    0.427157378590017
0.05    -6.98803216722917e-07    0.4325574843362    0.432558088881746
0.06    -3.29359625696585e-07    0.438026390246968    0.438026678783478
0.07    -4.18877120236572e-07    0.443563482132364    0.443563853729707
0.0800000000000001    -4.37006036039903e-07    0.449172028736927    0.449172421318874
0.0900000000000001    -3.16848679230725e-07    0.454851749976547    0.454852038214991
0.1    -3.2654597876664e-07    0.460603484338621    0.460603785155151
0.11    -3.05883545264961e-07    0.466428790573855    0.466429075919726
0.12    -2.78877129404647e-07    0.472328287895465    0.472328551338653
0.13    -2.29236663327417e-07    0.478302533026906    0.478302752315909
0.14    -1.92429812472485e-07    0.484352457973541    0.484352644381283
0.15    -2.22600160226155e-07    0.490479737032441    0.490479955394226
0.16    -1.73801322095069e-07    0.496685126316312    0.496685298965405
0.17    -1.14471323056339e-07    0.502968811141123    0.502968926292147
0.18    -1.40521781129529e-07    0.509332390443317    0.509332533587927
0.19    -1.15739863357627e-07    0.515777159062018    0.515777278453988
0.2    -6.53759619731879e-08    0.522303505392521    0.522303573684714
0.21    -7.37903704096693e-08    0.528912696748226    0.528912774805559
0.22    -6.02241728488488e-08    0.535606041205567    0.535606105718432
0.23    -2.17299152359541e-08    0.542384163333962    0.542384186905886
0.24    -1.38516294612438e-08    0.549248166404401    0.549248181620365
0.25    -7.27496619568193e-09    0.556199440650311    0.556199448742976
0.26    1.0738501085532e-08    0.563238984590788    0.563238972494104
0.27    2.70909346592218e-08    0.570367732935452    0.570367702031862
0.28    4.45968778281947e-08    0.577586778245981    0.577586726728849
0.29    5.20436543676018e-08    0.584897384840504    0.584897323960112
0.3    5.71959794852932e-08    0.592300818500484    0.592300750746037
0.31    7.7465777557764e-08    0.599798068830624    0.599797975902984
0.32    9.06441809873059e-08    0.607390214729185    0.607390104616417
0.33    9.06703598633999e-08    0.615078645778428    0.615078534239634
0.34    1.03585132003717e-07    0.622864554441294    0.622864425402293
0.35    1.20295728186198e-07    0.630748983192354    0.630748831439556
0.36    1.21896409899799e-07    0.638733291071694    0.638733135353123
0.37    1.26026446475912e-07    0.64681885171506    0.646818688682518
0.38    1.40860625113849e-07    0.655006757440149    0.655006572910853
0.39    1.49285307556969e-07    0.663298222665439    0.66329802462411
0.4    1.51285555605891e-07    0.671694700540198    0.671694497304817
0.41    1.57902381702475e-07    0.680197541273186    0.680197326463596
0.42    1.65903934704747e-07    0.688807986905483    0.68880775835361
0.43    1.71411522553147e-07    0.697527364256878    0.697527125128464
0.44    1.77111769660348e-07    0.706357060163585    0.706356809955331
0.45    1.81814169584117e-07    0.715298477869595    0.715298217766845
0.46    1.85300183827115e-07    0.724353037623238    0.724352769177785
0.47    1.90993711322844e-07    0.73352212766732    0.733521847471147
0.48    1.96426208689271e-07    0.742807154874138    0.742806863060609
0.49    1.98183764974666e-07    0.752209621987377    0.752209323835967
0.5    2.00870813686774e-07    0.761731019488212    0.761730713469215
0.51    2.0699946428712e-07    0.771372761046028    0.771372441698597
0.52    2.1087764391557e-07    0.781136342296955    0.781136012848642
0.53    2.10929435829234e-07    0.791023387143653    0.791023053443489
0.54    2.12870515610151e-07    0.8010354630284    0.801035121994808
0.55    2.17705252280153e-07    0.811174042497257    0.811173689303634
0.56    2.20651882674726e-07    0.821440679933715    0.821440317428929
0.57    2.21136056964512e-07    0.831837049762419    0.83183668186417
0.58    2.22592873702209e-07    0.842364808800612    0.842364433791889
0.59    2.25210911301859e-07    0.853025565674622    0.853025181453379
0.6    2.26875665781347e-07    0.863820970580622    0.863820578620795
0.61    2.27772646125425e-07    0.87475273021608    0.874752331726683
0.62    2.29036790675411e-07    0.885822557147172    0.885822151375353
0.63    2.30302636712117e-07    0.897032169958745    0.897031756781092
0.64    2.31203990117008e-07    0.908383318236226    0.908382898192627
0.65    2.32192266335979e-07    0.919877778191916    0.919877351015003
0.66    2.32997960368452e-07    0.931517352640453    0.931516918557268
0.67    2.33027076389814e-07    0.943303877844641    0.943303438214054
0.68    2.33052662050046e-07    0.955239196502248    0.955238751260277
0.690000000000001    2.34034156753168e-07    0.967325138404202    0.967324685630062
0.700000000000001    2.35061605264741e-07    0.97956356813577    0.979563107620308
0.710000000000001    2.34768049550995e-07    0.991956431200264    0.99195596544102
0.720000000000001    2.3381141591121e-07    1.00450570821766    1.00450523848797
0.730000000000001    2.33793424166643e-07    1.01721334434595    1.01721286871048
0.740000000000001    2.34566113823494e-07    1.03008127292261    1.0300807896784
0.750000000000001    2.346382774022e-07    1.04311149489675    1.0431110053891
0.760000000000001    2.33691165133637e-07    1.05630608557479    1.05630559187611
0.770000000000001    2.32870943489703e-07    1.06966712687082    1.06966662868215
0.780000000000001    2.32784331275584e-07    1.08319667891354    1.08319617461122
0.790000000000001    2.3273926264128e-07    1.0968968265912    1.0968963160094
0.800000000000001    2.32078788851176e-07    1.11076971824877    1.11076920267671
0.810000000000001    2.3109669837213e-07    1.12481754348453    1.12481702360141
0.820000000000001    2.30330810554488e-07    1.13904249705791    1.13904197234487
0.830000000000001    2.29765076750069e-07    1.15344678179044    1.15344625174699
0.840000000000001    2.29097566120044e-07    1.16803263376115    1.1680320985744
0.850000000000001    2.28269184228439e-07    1.18280233091016    1.18280179091564
0.860000000000001    2.27379657080964e-07    1.19775818466768    1.19775763997612
0.870000000000001    2.26412414621694e-07    1.21290253414939    1.21290198491714
0.880000000000001    2.25341492773852e-07    1.22823774426238    1.22823719071665
0.890000000000001    2.24304673824275e-07    1.24376620138569    1.24376564342067
0.900000000000001    2.2341322833546e-07    1.25949031451546    1.25948975174199
0.910000000000001    2.22516090607092e-07    1.27541252845047    1.27541196085098
0.920000000000001    2.21384585306524e-07    1.29153533400053    1.29153476214863
0.930000000000001    2.2006451489518e-07    1.3078612583122    1.30786068268462
0.940000000000001    2.18832138679579e-07    1.3243928464001    1.32439226676079
0.950000000000001    2.17803251409777e-07    1.34113266024084    1.34113207603486
0.960000000000001    2.16777945881629e-07    1.35808329805153    1.35808270924664
0.970000000000001    2.15534141835206e-07    1.37524740766785    1.37524681484243
0.980000000000001    2.14129849555283e-07    1.39262767648536    1.39262708007918
0.990000000000001    2.12801211139896e-07    1.4102268131851    1.41022621298928
