0    0.999999999999861    -0.00369669901657521    1.00000000338187    4.75757029536591e-05    5.81562083049799e-05    0.00582323959102758
0.01    0.999962887381659    -0.00372573810499045    0.999925780370747    3.90949897118709e-05    6.50390827460765e-05    0.0050213409847264
0.02    0.999925487115552    -0.00375423015913462    0.99985098437632    3.64624354247085e-05    6.77720144571449e-05    0.00472950222929989
0.03    0.999887804622659    -0.00378218535207844    0.999775625555774    4.31435128734961e-05    6.10135410094415e-05    0.00537015705878509
0.04    0.999849845217268    -0.00380961430203375    0.999699716701662    4.03802675950318e-05    6.09972758642079e-05    0.00508597153597734
0.05    0.999811614112535    -0.00383652682947976    0.999623267768281    3.7332468963002e-05    6.36707768768318e-05    0.0047553686344682
0.06    0.999773116425367    -0.00386293249218717    0.999546288184614    3.92506816613507e-05    6.21105781496851e-05    0.00493238626043778
0.07    0.999734357174974    -0.00388884100615138    0.999468788671056    3.85766614869038e-05    6.12780301578063e-05    0.00484288933548757
0.0800000000000001    0.999695341286151    -0.00391426175914313    0.999390779137568    3.76172848358714e-05    6.12236435672547e-05    0.00472184706622113
0.0900000000000001    0.999656073590649    -0.00393920391788643    0.999312269123395    3.78401059417379e-05    6.0470838081899e-05    0.00472469876659307
0.1    0.999616558828434    -0.00396367655349954    0.99923326832151    3.7263743184116e-05    6.03117766609277e-05    0.00464252209077717
0.11    0.999576801650738    -0.00398768851572251    0.999153786038284    3.66532496499318e-05    6.0332125183435e-05    0.00455539130607971
0.12    0.999536806620676    -0.00401124847551424    0.999073831360232    3.64052033373697e-05    5.97559426127758e-05    0.0045072263095006
0.13    0.999496578215768    -0.00403436496972889    0.998993413329078    3.64243323192229e-05    5.88561810416596e-05    0.00448867815846127
0.14    0.999456120827745    -0.0040570463924345    0.998912540896444    3.60674050780331e-05    5.86208092425079e-05    0.00442806725871088
0.15    0.999415438766913    -0.00407930094486003    0.998831222710007    3.52494006154604e-05    5.88587048998701e-05    0.00431378075668253
0.16    0.999374536261451    -0.0041011366405332    0.998749467121426    3.52069264819707e-05    5.82549200135404e-05    0.00428807704427599
0.17    0.999333417460089    -0.00412256139702473    0.998667282552669    3.52698955728522e-05    5.74474387402584e-05    0.00427485474614211
0.18    0.999292086433766    -0.00414358298943679    0.998584677299506    3.46184306170866e-05    5.73616314693805e-05    0.00417721804874209
0.19    0.999250547175767    -0.00416420899305426    0.99850165929077    3.4338943779904e-05    5.70937879330078e-05    0.00412290034345604
0.2    0.999208803604654    -0.00418444686323707    0.998418236399884    3.4322833754938e-05    5.65582872766127e-05    0.00410039488387197
0.21    0.999166859564671    -0.00420430393367065    0.998334416430204    3.38670763465197e-05    5.63726565496808e-05    0.00402379233806135
0.22    0.99912471882834    -0.00422378736759228    0.998250206913178    3.35821329759304e-05    5.60300751388026e-05    0.00396758783762859
0.23    0.999082385096529    -0.00424290420335112    0.998165615280726    3.35586703198636e-05    5.54126141597372e-05    0.00394416458087755
0.24    0.999039862000574    -0.00426166136571214    0.998080648902444    3.32788646107114e-05    5.51027976412438e-05    0.00388807240348067
0.25    0.998997153102863    -0.00428006562867096    0.997995314931395    3.29233394396885e-05    5.49888282599417e-05    0.00382156743417644
0.26    0.99895426189961    -0.00429812362967125    0.997909620354286    3.2727090531867e-05    5.46524662482305e-05    0.0037753441956898
0.27    0.998911191820614    -0.00431584189309754    0.997823572073683    3.26045019403172e-05    5.41221169799077e-05    0.00373871778743748
0.28    0.998867946230489    -0.00433322682689122    0.997737176889393    3.24520673451087e-05    5.36905711470259e-05    0.00369800116438854
0.29    0.998824528431753    -0.00435028471380265    0.997650441457996    3.21764739801049e-05    5.34890968445214e-05    0.00364026055234511
0.3    0.99878094166395    -0.00436702170668064    0.997563372267222    3.19246735857109e-05    5.3254993750443e-05    0.00358521896110837
0.31    0.998737189105191    -0.00438344384403528    0.997475975691164    3.18375307511733e-05    5.28150201795304e-05    0.00355287922921151
0.32    0.998693273874864    -0.0043995570630029    0.997388258031143    3.16881234954875e-05    5.24237516674751e-05    0.00351169775818888
0.33    0.998649199032421    -0.00441536718315732    0.997300225449691    3.1430258729345e-05    5.21689025598092e-05    0.00345467673845795
0.34    0.998604967580751    -0.00443087990508187    0.997211883959741    3.13013594963589e-05    5.17956421610017e-05    0.0034159424414209
0.35    0.998560582465192    -0.00444610083131755    0.997123239496509    3.12105085564314e-05    5.1412898629824e-05    0.00338270541936314
0.36    0.99851604657673    -0.00446103546112964    0.99703429789256    3.09821320783635e-05    5.11990107488246e-05    0.00332885786613178
0.37    0.998471362751004    -0.00447568917841985    0.996945064828029    3.07920498269812e-05    5.09331062689907e-05    0.00328028294589912
0.38    0.9984265337705    -0.00449006726811634    0.996855545885512    3.0730748500975e-05    5.04830317329722e-05    0.00325116047416384
0.39    0.998381562365745    -0.00450417492587039    0.996765746581571    3.06187236648943e-05    5.00969670698647e-05    0.00321420781874084
0.4    0.998336451215137    -0.00451801724489852    0.996675672312275    3.04279181271537e-05    4.98742622013618e-05    0.00316471772863763
0.41    0.998291202947387    -0.00453159921483463    0.996585328344985    3.0281765986639e-05    4.96270371730326e-05    0.00312191840744585
0.42    0.998245820141316    -0.00454492573421302    0.996494719858494    3.01810095451132e-05    4.92837124808699e-05    0.00308620472678036
0.43    0.9982003053273    -0.00455800161315011    0.996403851948527    3.00745008833156e-05    4.89184174588823e-05    0.00304944620838548
0.44    0.998154660988069    -0.00457083157050167    0.996312729612813    2.99613908616511e-05    4.85860615592373e-05    0.00301145971511431
0.45    0.998108889559463    -0.00458342023485002    0.996221357750909    2.98376871671555e-05    4.83040797600948e-05    0.00297152252522555
0.46    0.998062993431462    -0.00459577214609264    0.996129741164221    2.97175771871683e-05    4.80296787863524e-05    0.00293197127686602
0.47    0.998016974950049    -0.00460789175869501    0.996037884564594    2.96283419180633e-05    4.770897591109e-05    0.00289752919885441
0.48    0.997970836415391    -0.00461978344547773    0.995945792582916    2.95359103750077e-05    4.74055016115792e-05    0.00286243101085382
0.49    0.997924580085947    -0.00463145149612232    0.995853469761574    2.94138212881862e-05    4.71366197077484e-05    0.00282196355881015
0.5    0.997878208176392    -0.0046429001166779    0.995760920545988    2.93170718293664e-05    4.68258588039187e-05    0.00278577643322624
0.51    0.997831722860599    -0.00465413343599168    0.995668149305706    2.92628797792449e-05    4.64623940880833e-05    0.00275715827243
0.52    0.997785126271505    -0.00466515550851839    0.995575160340086    2.9179845764389e-05    4.61675609948545e-05    0.00272326455669102
0.53    0.997738420501044    -0.00467597030932588    0.995481957857087    2.90546834074031e-05    4.59692128391368e-05    0.00268141475227275
0.54    0.997691607602995    -0.00468658173448354    0.995388545970342    2.89620619368977e-05    4.57044169053827e-05    0.00264537588688317
0.55    0.997644689591183    -0.00469699360937061    0.995294928726297    2.89171102404784e-05    4.53520653726112e-05    0.0026182744840849
0.56    0.997597668442885    -0.00470720969151048    0.995201110108745    2.88569123592111e-05    4.50118217168973e-05    0.00258825989409118
0.57    0.997550546097656    -0.00471723366609698    0.995107094021923    2.87650385262641e-05    4.47458622648012e-05    0.00255200804577599
0.58    0.997503324458095    -0.00472706914564955    0.995012884285058    2.86834331731645e-05    4.44983853768548e-05    0.00251758822395811
0.59    0.997456005391271    -0.00473671967518694    0.994918484646667    2.8623442798588e-05    4.42216594243979e-05    0.00248735391878296
0.6    0.997408590729477    -0.0047461887347753    0.994823898791462    2.85616139447087e-05    4.3937471768236e-05    0.00245668606838576
0.61    0.997361082269992    -0.00475547973867799    0.994729130333549    2.84942315320183e-05    4.36666877961253e-05    0.00242479772085044
0.62    0.997313481777122    -0.00476459603613102    0.9946341828163    2.84334676491797e-05    4.33808070242649e-05    0.00239417882825497
0.63    0.997265790981005    -0.00477354091366187    0.994539059717459    2.83788215013339e-05    4.30870045577565e-05    0.0023647682015221
0.64    0.997218011579649    -0.00478231759632426    0.994443764450929    2.83253791545466e-05    4.28025616296344e-05    0.00233555508657662
0.65    0.997170145239629    -0.00479092924840227    0.994348300366034    2.82730004457787e-05    4.25301251466523e-05    0.00230651195153686
0.66    0.997122193594692    -0.0047993789744413    0.994252670748054    2.82170602664258e-05    4.22961539987999e-05    0.00227662507368179
0.67    0.997074158249774    -0.00480766981992807    0.994156878818754    2.81563943190172e-05    4.20625653716987e-05    0.00224559685196832
0.68    0.997026040778267    -0.0048158047724407    0.994060927736804    2.81057284267643e-05    4.17949401765542e-05    0.0022166986309604
0.690000000000001    0.996977842724639    -0.0048237867642091    0.993964820604464    2.80737475380722e-05    4.1479983179911e-05    0.00219199196885238
0.700000000000001    0.996929565603842    -0.00483161867392042    0.993868560470793    2.80413350957726e-05    4.11792153933907e-05    0.00216720928513978
0.710000000000001    0.996881210902453    -0.00483930332579734    0.993772150327358    2.79887928231267e-05    4.09513990085682e-05    0.00213774089731507
0.720000000000001    0.996832780079524    -0.00484684348873328    0.993675593101162    2.79298736263806e-05    4.07441905823798e-05    0.00210665180371706
0.730000000000001    0.996784274566044    -0.00485424187872994    0.993578891661731    2.7890797460697e-05    4.04916826467573e-05    0.0020801762529847
0.740000000000001    0.996735695766217    -0.0048615011625013    0.993482048830243    2.78684921724839e-05    4.01954990866743e-05    0.00205774114491653
0.750000000000001    0.996687045058289    -0.00486862395810173    0.993385067380564    2.78378927537361e-05    3.99191720820436e-05    0.00203332080802167
0.760000000000001    0.996638323794188    -0.00487561283336446    0.993287950030395    2.77924215306202e-05    3.96876126858765e-05    0.00200519850133396
0.770000000000001    0.996589533300704    -0.00488247030616991    0.993190699440767    2.77503659477019e-05    3.94493685916221e-05    0.0019778396439224
0.780000000000001    0.996540674878606    -0.00488919884718552    0.993093318224025    2.77231704515846e-05    3.9198449816478e-05    0.00195420190468242
0.790000000000001    0.996491749805946    -0.00489580088194625    0.992995808946754    2.77004538027877e-05    3.89286255381599e-05    0.00193173174305389
0.800000000000001    0.996442759335642    -0.00490227879069163    0.992898174128616    2.76698585908532e-05    3.86805902531645e-05    0.00190722868298172
0.810000000000001    0.996393704697039    -0.0049086349079652    0.992800416238918    2.76344615474715e-05    3.84581447726461e-05    0.00188142629081689
0.820000000000001    0.996344587096739    -0.00491487152375368    0.992702537698357    2.76041143924827e-05    3.82280773931973e-05    0.00185692011068809
0.830000000000001    0.996295407718134    -0.00492099088533251    0.992604540883153    2.75808549732005e-05    3.79856539060653e-05    0.00183431286308384
0.840000000000001    0.996246167723561    -0.0049269951983275    0.992506428126439    2.75596989212911e-05    3.77168112291516e-05    0.00181229612286428
0.850000000000001    0.996196868251753    -0.00493288662699945    0.992408201718462    2.75371300318487e-05    3.74681497898186e-05    0.00178990490166902
0.860000000000001    0.996147510421306    -0.00493866729462814    0.99230986390499    2.75130147813937e-05    3.72347042215777e-05    0.00176708237905424
0.870000000000001    0.996098095329289    -0.00494433928425561    0.992211416888759    2.74880892011849e-05    3.70151562714222e-05    0.0017440178449063
0.880000000000001    0.996048624051983    -0.00494990463953178    0.992112862830593    2.74641397930945e-05    3.68068424426018e-05    0.00172121580652638
0.890000000000001    0.995999097646096    -0.00495536536567962    0.992014203849306    2.74441937776477e-05    3.65714311933792e-05    0.00169957284935673
0.900000000000001    0.995949517148275    -0.0049607234305413    0.99191544202654    2.74288048916222e-05    3.63133181136673e-05    0.00167929388056433
0.910000000000001    0.995899883574426    -0.00496598076532464    0.991816579404879    2.74137907198574e-05    3.60738616370335e-05    0.00165916417460212
0.920000000000001    0.995850197923357    -0.0049711392648384    0.991717617989131    2.7394936911205e-05    3.58488740517651e-05    0.00163789844642058
0.930000000000001    0.995800461173744    -0.00497620078775522    0.991618559744022    2.73739205436083e-05    3.56395997653353e-05    0.00161596604653457
0.940000000000001    0.995750674286119    -0.00498116715747328    0.991519406595801    2.73563491859018e-05    3.54194896838219e-05    0.00159509339388368
0.950000000000001    0.995700838203057    -0.00498604016337272    0.991420160436663    2.73441390275538e-05    3.51908155469453e-05    0.00157592592363599
0.960000000000001    0.995650953849459    -0.00499082156165761    0.991320823123245    2.73330177598316e-05    3.49557961737988e-05    0.00155715057060168
0.970000000000001    0.995601022132711    -0.00499551307553264    0.991221396478527    2.73185369560112e-05    3.47394408136632e-05    0.00153733082587762
0.980000000000001    0.995551043943118    -0.00500011639536221    0.991121882289195    2.7301943512122e-05    3.45393005678136e-05    0.00151683207539659
0.990000000000001    0.995501020154723    -0.00500463317941632    0.991022282306902    2.7288042240787e-05    3.43191907254307e-05    0.00149722709709392
