0    2.37878514768296e-05    1.08064327394445e-05    0.00500000001691052    0.00503459430112679
0.01    1.95474948559354e-05    1.44268016814005e-05    0.00499962890185346    0.00503360319839079
0.02    1.82312177123543e-05    1.52256474726685e-05    0.00499925492188141    0.00503271178706644
0.03    2.1571756436748e-05    1.13198261499907e-05    0.00499887812777874    0.00503176971036548
0.04    2.01901337975159e-05    1.21274508701132e-05    0.00499849858350931    0.00503081616817694
0.05    1.8666234481501e-05    1.31392695528703e-05    0.00499811633884097    0.00502992184287534
0.06    1.96253408306754e-05    1.16719110916001e-05    0.00499773144092184    0.00502902869284412
0.07    1.92883307434519e-05    1.15028786086798e-05    0.00499734394335579    0.00502813515270793
0.0800000000000001    1.88086424179357e-05    1.15004870391219e-05    0.00499695389568839    0.00502726302514545
0.0900000000000001    1.89200529708689e-05    1.09166359231581e-05    0.00499656134561706    0.00502639803451109
0.1    1.8631871592058e-05    1.07438804254271e-05    0.00499616634160689    0.00502554209362438
0.11    1.83266248249659e-05    1.06048857837047e-05    0.00499576893019188    0.00502470044080055
0.12    1.82026016686849e-05    1.02979331559348e-05    0.00499536915680118    0.0050238696916258
0.13    1.82121661596114e-05    9.86624406565382e-06    0.00499496706664551    0.00502304547687078
0.14    1.80337025390165e-05    9.63153206226244e-06    0.00499456270448368    0.00502222793908496
0.15    1.76247003077302e-05    9.6440528111408e-06    0.00499415611354993    0.0050214248666688
0.16    1.76034632409853e-05    9.28144050133811e-06    0.00499374733560603    0.00502063223934835
0.17    1.76349477864261e-05    8.87117544853279e-06    0.00499333641276305    0.00501984253599801
0.18    1.73092153085433e-05    8.83013223844202e-06    0.0049929233864969    0.00501906273404388
0.19    1.7169471889952e-05    8.61628596012377e-06    0.00499250829645559    0.00501829405430567
0.2    1.7161416877469e-05    8.27779232892335e-06    0.00499209118200012    0.00501753039120652
0.21    1.69335381732599e-05    8.16915622431267e-06    0.00499167208215064    0.00501677477654821
0.22    1.67910664879652e-05    7.98660696378353e-06    0.00499125103456665    0.0050160287080184
0.23    1.67793351599318e-05    7.68049819273543e-06    0.00499082807640346    0.00501528790975612
0.24    1.66394323053557e-05    7.51048858650766e-06    0.00499040324451185    0.00501455316540372
0.25    1.64616697198442e-05    7.38859937151334e-06    0.00498997657465634    0.00501382684374769
0.26    1.63635452659335e-05    7.19608097754163e-06    0.00498954810177138    0.00501310772801485
0.27    1.63022509701586e-05    6.97412626379242e-06    0.00498911786036819    0.00501239423760214
0.28    1.62260336725544e-05    6.77405024911044e-06    0.00498868588444661    0.00501168596836828
0.29    1.60882369900524e-05    6.64357606618965e-06    0.00498825220728833    0.00501098402034457
0.3    1.59623367928554e-05    6.5099354909258e-06    0.00498781686133624    0.00501028913362002
0.31    1.59187653755867e-05    6.30083646891136e-06    0.00498737987845538    0.00500959948029987
0.32    1.58440617477438e-05    6.12898174191865e-06    0.00498694129015529    0.00500891433364495
0.33    1.57151293646725e-05    6.0189984015713e-06    0.00498650112724936    0.00500823525501561
0.34    1.56506797481795e-05    5.85159429069509e-06    0.00498605941980031    0.00500756169383918
0.35    1.56052542782157e-05    5.67070646905346e-06    0.00498561619748225    0.00500689215822952
0.36    1.54910660391818e-05    5.56513804726749e-06    0.0049851714894635    0.00500622769354995
0.37    1.53960249134906e-05    5.44756869901186e-06    0.00498472532414063    0.00500556891775313
0.38    1.53653742504875e-05    5.27112861082419e-06    0.00498427772942864    0.00500491423228996
0.39    1.53093618324471e-05    5.12507838654503e-06    0.00498382873290839    0.00500426317312738
0.4    1.52139590635769e-05    5.02446907774184e-06    0.00498337836156101    0.00500361678970233
0.41    1.51408829933195e-05    4.90755833186157e-06    0.00498292664172499    0.00500297508305017
0.42    1.50905047725566e-05    4.77318078966542e-06    0.00498247359929141    0.00500233728485363
0.43    1.50372504416578e-05    4.64665109314329e-06    0.00498201925974116    0.00500170316127596
0.44    1.49806954308255e-05    4.52838519609648e-06    0.00498156364806405    0.00500107272869097
0.45    1.49188435835777e-05    4.42039935924528e-06    0.00498110678875398    0.00500044603169681
0.46    1.48587885935842e-05    4.31560322658793e-06    0.00498064870582109    0.00499982309764126
0.47    1.48141709590317e-05    4.19998211228515e-06    0.00498018942282179    0.0049992035758931
0.48    1.47679551875039e-05    4.09027739450339e-06    0.00497972896291476    0.00499858719549677
0.49    1.47069106440931e-05    3.99996499865923e-06    0.00497926734880852    0.00499797422445127
0.5    1.46585359146832e-05    3.90149604392089e-06    0.00497880460272939    0.00499736463468799
0.51    1.46314398896224e-05    3.78561374312602e-06    0.00497834074652767    0.00499675780016042
0.52    1.45899228821945e-05    3.68788741743054e-06    0.00497787580170061    0.00499615361200023
0.53    1.45273417037015e-05    3.61548428470183e-06    0.00497740978928483    0.00499555261527323
0.54    1.44810309684488e-05    3.53101854558763e-06    0.00497694272985169    0.00499495477936573
0.55    1.44585551202392e-05    3.42621661632879e-06    0.00497647464363116    0.00499435941536773
0.56    1.44284561796056e-05    3.33229858238956e-06    0.00497600555054417    0.00499376630530617
0.57    1.43825192631321e-05    3.25781181517354e-06    0.00497553547011037    0.00499317580118868
0.58    1.43417165865823e-05    3.18183219390036e-06    0.0049750644214252    0.00499258797020568
0.59    1.4311721399294e-05    3.09835955217302e-06    0.00497459242323361    0.00499200250418508
0.6    1.42808069723543e-05    3.01895285667294e-06    0.00497411949395844    0.00499141925378747
0.61    1.42471157660092e-05    2.94548931744417e-06    0.00497364565166829    0.00499083825675174
0.62    1.42167338245899e-05    2.87180342336e-06    0.00497317091408114    0.00499025945132909
0.63    1.4189410750667e-05    2.79799708353904e-06    0.00497269529858779    0.004989682706422
0.64    1.41626895772733e-05    2.72643593570421e-06    0.00497221882225502    0.004989107947768
0.65    1.41365002228894e-05    2.65711883155522e-06    0.00497174150183007    0.00498853512088452
0.66    1.41085301332129e-05    2.59231919669847e-06    0.00497126335373988    0.0049879642030698
0.67    1.40781971595086e-05    2.53264110956464e-06    0.00497078439409374    0.00498739523236281
0.68    1.40528642133821e-05    2.47064166740915e-06    0.00497030463868416    0.00498682814456495
0.690000000000001    1.40368737690361e-05    2.40171357542091e-06    0.00496982410302139    0.00498626269036585
0.700000000000001    1.40206675478863e-05    2.33523943559016e-06    0.00496934280235436    0.00498569870933784
0.710000000000001    1.39943964115633e-05    2.28119278518423e-06    0.00496886075163631    0.00498513634083306
0.720000000000001    1.39649368131903e-05    2.23284849668361e-06    0.00496837796550559    0.00498457575081546
0.730000000000001    1.39453987303485e-05    2.17693604648579e-06    0.00496789445830814    0.00498401679308497
0.740000000000001    1.39342460862419e-05    2.11467935256615e-06    0.00496741024415222    0.00498345916959103
0.750000000000001    1.39189463768681e-05    2.05853179782131e-06    0.00496692533690139    0.00498290281507608
0.760000000000001    1.38962107653101e-05    2.01192641687326e-06    0.00496643975015156    0.00498234788733374
0.770000000000001    1.3875182973851e-05    1.96575194262065e-06    0.00496595349720471    0.00498179443212118
0.780000000000001    1.38615852257923e-05    1.91410181632904e-06    0.00496546659112033    0.00498124227816245
0.790000000000001    1.38502269013939e-05    1.86199768021199e-06    0.00496497904473338    0.00498069126931498
0.800000000000001    1.38349292954266e-05    1.8156228474548e-06    0.00496449087064285    0.00498014142278573
0.810000000000001    1.38172307737358e-05    1.77349674384498e-06    0.00496400208119528    0.00497959280871286
0.820000000000001    1.38020571962413e-05    1.73064848696506e-06    0.0049635126884924    0.0049790453941756
0.830000000000001    1.37904274866003e-05    1.68593717381258e-06    0.0049630227044155    0.00497849906907591
0.840000000000001    1.37798494606456e-05    1.64176471906722e-06    0.00496253214063217    0.00497795375481188
0.850000000000001    1.37685650159244e-05    1.59985819735854e-06    0.00496204100859155    0.00497740943180484
0.860000000000001    1.37565073906968e-05    1.56027316810678e-06    0.00496154931952513    0.00497686610008393
0.870000000000001    1.37440446005925e-05    1.52262636070473e-06    0.00496105708444426    0.00497632375540556
0.880000000000001    1.37320698965473e-05    1.48599539691972e-06    0.00496056431415111    0.00497578237944458
0.890000000000001    1.37220968888238e-05    1.44880423382085e-06    0.00496007101924656    0.00497524192036921
0.900000000000001    1.37144024458111e-05    1.41068746849556e-06    0.0049595772101327    0.00497470230004701
0.910000000000001    1.37068953599287e-05    1.3736757586644e-06    0.00495908289702508    0.00497416346814368
0.920000000000001    1.36974684556025e-05    1.33987798269286e-06    0.00495858808994603    0.00497362543638432
0.930000000000001    1.36869602718041e-05    1.30847374419705e-06    0.00495809279872019    0.00497308823273619
0.940000000000001    1.36781745929509e-05    1.27662237156854e-06    0.00495759703297957    0.00497255182994409
0.950000000000001    1.36720695137769e-05    1.24327657557377e-06    0.00495710080218275    0.0049720161482721
0.960000000000001    1.36665088799158e-05    1.21050525093603e-06    0.00495660411561671    0.00497148112974757
0.970000000000001    1.36592684780056e-05    1.18052994073707e-06    0.00495610698239289    0.00497094678081163
0.980000000000001    1.3650971756061e-05    1.15274450332038e-06    0.00495560941144493    0.00497041312770431
0.990000000000001    1.36440211203935e-05    1.12471761180361e-06    0.0049551114115353    0.00496988015026749
