0    1    0.637363129782582    0.637363129782582
0.01    1.00639366047215    0.641374501751921    0.637299823064287
0.02    1.01282759756034    0.645417614857464    0.637243314076471
0.03    1.01930208482205    0.649483196559965    0.63718421283652
0.04    1.02581733895664    0.65357243039351    0.637123594594585
0.05    1.03237363198681    0.657691024977687    0.63706685699823
0.06    1.03897124454583    0.661835621772482    0.637010528680988
0.07    1.04561042790015    0.666005617192801    0.636953878253018
0.0800000000000001    1.05229144771655    0.670202975774449    0.63689862464318
0.0900000000000001    1.05901457510456    0.67442697898034    0.636843906434195
0.1    1.06578007557497    0.678677747048348    0.636789674156945
0.11    1.07258822060396    0.682955921398925    0.636736361895121
0.12    1.07943928422454    0.687261440716315    0.636683740123503
0.13    1.08633353928687    0.691594196785156    0.636631542499513
0.14    1.09327125846922    0.695954350495448    0.636579755576772
0.15    1.1002527190739    0.70034258547688    0.636528838634789
0.16    1.10727820296525    0.704758913612529    0.636478629964186
0.17    1.11434798857071    0.709202940730736    0.636428609379351
0.18    1.1214623552263    0.713675269603282    0.636379158227983
0.19    1.12862158870132    0.718176272973438    0.636330440745715
0.2    1.13582597431145    0.722705683797022    0.636282053890458
0.21    1.14307579725124    0.7272638425965    0.636234136306054
0.22    1.15037134729316    0.731851105898985    0.636186834469615
0.23    1.15771291495568    0.736467353882005    0.636139879211936
0.24    1.16510079066491    0.741112789259773    0.636093284973936
0.25    1.17253526838243    0.745787798673531    0.636047220739366
0.26    1.18001664460393    0.750492494693177    0.636001617540807
0.27    1.18754521644135    0.755226941346408    0.635956366873808
0.28    1.19512128213202    0.759991301427839    0.635911444964033
0.29    1.20274514206442    0.764785842468664    0.635866914545144
0.3    1.21041709946223    0.769610822754257    0.635822827599001
0.31    1.21813745919238    0.774466312263241    0.635779079297596
0.32    1.22590652675731    0.779352432939799    0.63573560946877
0.33    1.23372460999241    0.784269498181861    0.63569251341001
0.34    1.24159201944005    0.789217685078898    0.635649772809289
0.35    1.24950906660816    0.79419706823455    0.635607287260772
0.36    1.25747606463485    0.799207914795452    0.635565111155836
0.37    1.2654933296415    0.80425049065267    0.635523294998724
0.38    1.2735611794117    0.809324877561631    0.635481742569668
0.39    1.28167993264593    0.814431226479829    0.635440413581649
0.4    1.28984991038359    0.819569826518887    0.635399374703337
0.41    1.29807143632724    0.824740893416342    0.635358633073279
0.42    1.30634483585095    0.829944568574    0.63531813790451
0.43    1.31467043591327    0.835181036815898    0.635277871929717
0.44    1.323048565505    0.840450510240541    0.635237837939642
0.45    1.33147955573577    0.845753201513062    0.635198038054516
0.46    1.33996373986316    0.851089324115417    0.635158473916865
0.47    1.34850145315419    0.856459063626114    0.635119125472816
0.48    1.35709303268361    0.861862607887207    0.635079973981517
0.49    1.36573881764381    0.867300191391295    0.635041034337424
0.5    1.37443914956806    0.872772031797658    0.635002307720893
0.51    1.38319437186473    0.878278293621121    0.634963755988313
0.52    1.39200482969043    0.883819179638548    0.634925368639059
0.53    1.40087087060109    0.88939495565449    0.634887179339281
0.54    1.4097928446878    0.895005845248175    0.634849189808718
0.55    1.418771103907    0.900652009655925    0.634811356938212
0.56    1.42780600193376    0.906333647137584    0.634773663866158
0.57    1.43689789475607    0.912051012697436    0.634736132627062
0.58    1.44604714087087    0.917804341240884    0.634698769701341
0.59    1.45525410091222    0.923593831548599    0.634661555648355
0.6    1.46451913753224    0.929419695606146    0.634624479658385
0.61    1.47384261562702    0.935282166095388    0.634587544272823
0.62    1.4832249024013    0.941181468765281    0.634550746310646
0.63    1.49266636727017    0.947117822638105    0.634514077228271
0.64    1.50216738186693    0.953091453238474    0.634477532093627
0.65    1.51172832010507    0.959102590024611    0.634441107750069
0.66    1.5213495582061    0.965151466165002    0.634404802603723
0.67    1.53103147476172    0.971238321857535    0.634368618717453
0.68    1.54077445074758    0.977363390199494    0.634332552519466
0.690000000000001    1.55057886938035    0.983526887484121    0.63429658878117
0.700000000000001    1.5604451160477    0.98972903773496    0.634260716738152
0.710000000000001    1.57037357852898    0.995970095535134    0.634224944403416
0.720000000000001    1.58036464721958    1.00225032213398    0.634189282769194
0.730000000000001    1.59041871499866    1.00856995015019    0.634153723568975
0.740000000000001    1.60053617695816    1.01492919601449    0.634118247763305
0.750000000000001    1.6107174304448    1.02132829927343    0.634082850268398
0.760000000000001    1.6209628753493    1.02776752506333    0.634047540935726
0.770000000000001    1.63127291420188    1.03424713046294    0.634012323418583
0.780000000000001    1.64164795198826    1.04076735100287    0.633977187217493
0.790000000000001    1.65208839603052    1.0473284234619    0.633942121970184
0.800000000000001    1.66259465611345    1.05393060409534    0.633907128367089
0.810000000000001    1.67316714464383    1.06057415746591    0.633872211070508
0.820000000000001    1.68380627663729    1.06725933917578    0.633837368338588
0.830000000000001    1.69451246961916    1.07398639739544    0.633802593165229
0.840000000000001    1.70528614360998    1.08075558465416    0.633767880366557
0.850000000000001    1.7161277211977    1.08756716156298    0.633733228668996
0.860000000000001    1.72703762759991    1.09442139263982    0.633698638147655
0.870000000000001    1.73801629068557    1.10131854345116    0.633664108531883
0.880000000000001    1.74906414098088    1.10825887962262    0.633629638648415
0.890000000000001    1.76018161166001    1.11524266479798    0.633595225293941
0.900000000000001    1.77136913852308    1.12227016110893    0.633560863572821
0.910000000000001    1.78262716000694    1.12934163495838    0.633526550192349
0.920000000000001    1.79395611725488    1.13645736127694    0.633492285762232
0.930000000000001    1.80535645418649    1.14361761892348    0.63345807210067
0.940000000000001    1.81682861749338    1.15082268243205    0.633423907654978
0.950000000000001    1.82837305658451    1.15807282164847    0.633389787427629
0.960000000000001    1.83999022357743    1.16536831004259    0.633355707606321
0.970000000000001    1.8516805733696    1.17270943019481    0.633321668467242
0.980000000000001    1.86344456371388    1.18009646914367    0.633287671725376
0.990000000000001    1.87528265522081    1.18752971044311    0.633253716252862
