0
0.1
0.2
0.3
0.4
0.5
0.6
0.7
0.8
0.9
1
1.1
1.2
1.3
1.4
1.5
1.6
1.7
1.8
1.9
2
2.1
2.2
2.3
2.4
2.5
2.6
2.7
2.8
2.9
3
3.1
3.2
3.3
3.4
3.5
3.6
3.7
3.8
3.9
4
4.1
4.2
4.3
4.4
4.5
4.6
4.7
4.8
4.9
5
5.1
5.2
5.3
5.4
5.5
5.6
5.7
5.8
5.9
5.99999999999999
6.09999999999999
6.19999999999999
6.29999999999999
6.39999999999999
6.49999999999999
6.59999999999999
6.69999999999999
6.79999999999999
6.89999999999999
6.99999999999999
7.09999999999999
7.19999999999999
7.29999999999999
7.39999999999999
7.49999999999999
7.59999999999999
7.69999999999999
7.79999999999999
7.89999999999999
7.99999999999999
8.09999999999999
8.19999999999999
8.29999999999999
8.39999999999999
8.49999999999999
8.59999999999999
8.69999999999999
8.79999999999998
8.89999999999998
8.99999999999998
9.09999999999998
9.19999999999998
9.29999999999998
9.39999999999998
9.49999999999998
9.59999999999998
9.69999999999998
9.79999999999998
9.89999999999998
9.99999999999998
10.1
10.2
10.3
10.4
10.5
10.6
10.7
10.8
10.9
11
11.1
11.2
11.3
11.4
11.5
11.6
11.7
11.8
11.9
12
12.1
12.2
12.3
12.4
12.5
12.6
12.7
12.8
12.9
13
13.1
13.2
13.3
13.4
13.5
13.6
13.7
13.8
13.9
14
14.1
14.2
14.3
14.4
14.5
14.6
14.7
14.8
14.9
15
15.1
15.2
15.3
15.4
15.5
15.6
15.7
15.8
15.9
16
16.1
16.2
16.3
16.4
16.5
16.6
16.7
16.8
16.9
17
17.1
17.2
17.3
17.4
17.5
17.6
17.7
17.8
17.9
18
18.1
18.2
18.3
18.4
18.5
18.6
18.7
18.8
18.9
19
19.1
19.2
19.3
19.4
19.5
19.6
19.7
19.8
19.9
20
20.1
20.2
20.3
20.4
20.5
20.6
20.7
20.8
20.9
21
21.1
21.2
21.3
21.4
21.5
21.6
21.7
21.8
21.9
22
22.1
22.2
22.3
22.4
22.5
22.6000000000001
22.7000000000001
22.8000000000001
22.9000000000001
23.0000000000001
23.1000000000001
23.2000000000001
23.3000000000001
23.4000000000001
23.5000000000001
23.6000000000001
23.7000000000001
23.8000000000001
23.9000000000001
24.0000000000001
24.1000000000001
24.2000000000001
24.3000000000001
24.4000000000001
24.5000000000001
24.6000000000001
24.7000000000001
24.8000000000001
24.9000000000001
25.0000000000001
25.1000000000001
25.2000000000001
25.3000000000001
25.4000000000001
25.5000000000001
25.6000000000001
25.7000000000001
25.8000000000001
25.9000000000001
26.0000000000001
26.1000000000001
26.2000000000001
26.3000000000001
26.4000000000001
26.5000000000001
26.6000000000001
26.7000000000001
26.8000000000001
26.9000000000001
27.0000000000001
27.1000000000001
27.2000000000001
27.3000000000001
27.4000000000001
27.5000000000001
27.6000000000001
27.7000000000001
27.8000000000001
27.9000000000001
28.0000000000001
28.1000000000001
28.2000000000001
28.3000000000001
28.4000000000001
28.5000000000001
28.6000000000001
28.7000000000001
28.8000000000001
28.9000000000001
29.0000000000001
29.1000000000001
29.2000000000001
29.3000000000001
29.4000000000001
29.5000000000001
29.6000000000002
29.7000000000002
29.8000000000002
29.9000000000002
30.0000000000002
30.1000000000002
30.2000000000002
30.3000000000002
30.4000000000002
30.5000000000002
30.6000000000002
30.7000000000002
30.8000000000002
30.9000000000002
31.0000000000002
31.1000000000002
31.2000000000002
31.3000000000002
31.4000000000002
31.5000000000002
31.6000000000002
31.7000000000002
31.8000000000002
31.9000000000002
32.0000000000002
32.1000000000002
32.2000000000002
32.3000000000002
32.4000000000002
32.5000000000002
32.6000000000002
32.7000000000002
32.8000000000002
32.9000000000002
33.0000000000002
33.1000000000002
33.2000000000002
33.3000000000002
33.4000000000002
33.5000000000002
33.6000000000002
33.7000000000002
33.8000000000002
33.9000000000002
34.0000000000002
34.1000000000002
34.2000000000002
34.3000000000002
34.4000000000002
34.5000000000002
34.6000000000002
34.7000000000002
34.8000000000002
34.9000000000002
35.0000000000002
35.1000000000002
35.2000000000002
35.3000000000002
35.4000000000002
35.5000000000002
35.6000000000002
35.7000000000002
35.8000000000002
35.9000000000002
36.0000000000002
36.1000000000002
36.2000000000002
36.3000000000002
36.4000000000002
36.5000000000002
36.6000000000003
36.7000000000003
36.8000000000003
36.9000000000003
37.0000000000003
37.1000000000003
37.2000000000003
37.3000000000003
37.4000000000003
37.5000000000003
37.6000000000003
37.7000000000003
37.8000000000003
37.9000000000003
38.0000000000003
38.1000000000003
38.2000000000003
38.3000000000003
38.4000000000003
38.5000000000003
38.6000000000003
38.7000000000003
38.8000000000003
38.9000000000003
39.0000000000003
39.1000000000003
39.2000000000003
39.3000000000003
39.4000000000003
39.5000000000003
39.6000000000003
39.7000000000003
39.8000000000003
39.9000000000003
40.0000000000003
40.1000000000003
40.2000000000003
40.3000000000003
40.4000000000003
40.5000000000003
40.6000000000003
40.7000000000003
40.8000000000003
40.9000000000003
41.0000000000003
41.1000000000003
41.2000000000003
41.3000000000003
41.4000000000003
41.5000000000003
41.6000000000003
41.7000000000003
41.8000000000003
41.9000000000003
42.0000000000003
42.1000000000003
42.2000000000003
42.3000000000003
42.4000000000003
42.5000000000003
42.6000000000003
42.7000000000003
42.8000000000003
42.9000000000003
43.0000000000003
43.1000000000003
43.2000000000003
43.3000000000003
43.4000000000003
43.5000000000003
43.6000000000003
43.7000000000004
43.8000000000004
43.9000000000004
44.0000000000004
44.1000000000004
44.2000000000004
44.3000000000004
44.4000000000004
44.5000000000004
44.6000000000004
44.7000000000004
44.8000000000004
44.9000000000004
45.0000000000004
45.1000000000004
45.2000000000004
45.3000000000004
45.4000000000004
45.5000000000004
45.6000000000004
45.7000000000004
45.8000000000004
45.9000000000004
46.0000000000004
46.1000000000004
46.2000000000004
46.3000000000004
46.4000000000004
46.5000000000004
46.6000000000004
46.7000000000004
46.8000000000004
46.9000000000004
47.0000000000004
47.1000000000004
47.2000000000004
47.3000000000004
47.4000000000004
47.5000000000004
47.6000000000004
47.7000000000004
47.8000000000004
47.9000000000004
48.0000000000004
48.1000000000004
48.2000000000004
48.3000000000004
48.4000000000004
48.5000000000004
48.6000000000004
48.7000000000004
48.8000000000004
48.9000000000004
49.0000000000004
49.1000000000004
49.2000000000004
49.3000000000004
49.4000000000004
49.5000000000004
49.6000000000004
49.7000000000004
49.8000000000004
49.9000000000004
50.0000000000004
50.1000000000004
50.2000000000004
50.3000000000004
50.4000000000004
50.5000000000004
50.6000000000004
50.7000000000005
50.8000000000005
50.9000000000005
51.0000000000005
51.1000000000005
51.2000000000005
51.3000000000005
51.4000000000005
51.5000000000005
51.6000000000005
51.7000000000005
51.8000000000005
51.9000000000005
52.0000000000005
52.1000000000005
52.2000000000005
52.3000000000005
52.4000000000005
52.5000000000005
52.6000000000005
52.7000000000005
52.8000000000005
52.9000000000005
53.0000000000005
53.1000000000005
53.2000000000005
53.3000000000005
53.4000000000005
53.5000000000005
53.6000000000005
53.7000000000005
53.8000000000005
53.9000000000005
54.0000000000005
54.1000000000005
54.2000000000005
54.3000000000005
54.4000000000005
54.5000000000005
54.6000000000005
54.7000000000005
54.8000000000005
54.9000000000005
55.0000000000005
55.1000000000005
55.2000000000005
55.3000000000005
55.4000000000005
55.5000000000005
55.6000000000005
55.7000000000005
55.8000000000005
55.9000000000005
56.0000000000005
56.1000000000005
56.2000000000005
56.3000000000005
56.4000000000005
56.5000000000005
56.6000000000005
56.7000000000005
56.8000000000005
56.9000000000005
57.0000000000005
57.1000000000005
57.2000000000005
57.3000000000005
57.4000000000005
57.5000000000005
57.6000000000005
57.7000000000005
57.8000000000006
57.9000000000006
58.0000000000006
58.1000000000006
58.2000000000006
58.3000000000006
58.4000000000006
58.5000000000006
58.6000000000006
58.7000000000006
58.8000000000006
58.9000000000006
59.0000000000006
59.1000000000006
59.2000000000006
59.3000000000006
59.4000000000006
59.5000000000006
59.6000000000006
59.7000000000006
59.8000000000006
59.9000000000006
60.0000000000006
60.1000000000006
60.2000000000006
60.3000000000006
60.4000000000006
60.5000000000006
60.6000000000006
60.7000000000006
60.8000000000006
60.9000000000006
61.0000000000006
61.1000000000006
61.2000000000006
61.3000000000006
61.4000000000006
61.5000000000006
61.6000000000006
61.7000000000006
61.8000000000006
61.9000000000006
62.0000000000006
62.1000000000006
62.2000000000006
62.3000000000006
62.4000000000006
62.5000000000006
62.6000000000006
62.7000000000006
62.8000000000006
62.9000000000006
63.0000000000006
63.1000000000006
63.2000000000006
63.3000000000006
63.4000000000006
63.5000000000006
63.6000000000006
63.7000000000006
63.8000000000006
63.9000000000006
64.0000000000006
64.1000000000006
64.2000000000006
64.3000000000006
64.4000000000006
64.5000000000006
64.6000000000006
64.7000000000006
64.8000000000006
64.9000000000006
65.0000000000006
65.1000000000006
65.2000000000006
65.3000000000006
65.4000000000006
65.5000000000006
65.6000000000005
65.7000000000005
65.8000000000005
65.9000000000005
66.0000000000005
66.1000000000005
66.2000000000005
66.3000000000005
66.4000000000005
66.5000000000005
66.6000000000005
66.7000000000005
66.8000000000005
66.9000000000005
67.0000000000005
67.1000000000005
67.2000000000005
67.3000000000005
67.4000000000004
67.5000000000004
67.6000000000004
67.7000000000004
67.8000000000004
67.9000000000004
68.0000000000004
68.1000000000004
68.2000000000004
68.3000000000004
68.4000000000004
68.5000000000004
68.6000000000004
68.7000000000004
68.8000000000004
68.9000000000004
69.0000000000004
69.1000000000003
69.2000000000003
69.3000000000003
69.4000000000003
69.5000000000003
69.6000000000003
69.7000000000003
69.8000000000003
69.9000000000003
70.0000000000003
70.1000000000003
70.2000000000003
70.3000000000003
70.4000000000003
70.5000000000003
70.6000000000003
70.7000000000003
70.8000000000003
70.9000000000002
71.0000000000002
71.1000000000002
71.2000000000002
71.3000000000002
71.4000000000002
71.5000000000002
71.6000000000002
71.7000000000002
71.8000000000002
71.9000000000002
72.0000000000002
72.1000000000002
72.2000000000002
72.3000000000002
72.4000000000002
72.5000000000002
72.6000000000002
72.7000000000001
72.8000000000001
72.9000000000001
73.0000000000001
73.1000000000001
73.2000000000001
73.3000000000001
73.4000000000001
73.5000000000001
73.6000000000001
73.7000000000001
73.8000000000001
73.9000000000001
74.0000000000001
74.1000000000001
74.2000000000001
74.3000000000001
74.4
74.5
74.6
74.7
74.8
74.9
75
75.1
75.2
75.3
75.4
75.5
75.6
75.7
75.8
75.9
76
76.1
76.1999999999999
76.2999999999999
76.3999999999999
76.4999999999999
76.5999999999999
76.6999999999999
76.7999999999999
76.8999999999999
76.9999999999999
77.0999999999999
77.1999999999999
77.2999999999999
77.3999999999999
77.4999999999999
77.5999999999999
77.6999999999999
77.7999999999999
77.8999999999998
77.9999999999998
78.0999999999998
78.1999999999998
78.2999999999998
78.3999999999998
78.4999999999998
78.5999999999998
78.6999999999998
78.7999999999998
78.8999999999998
78.9999999999998
79.0999999999998
79.1999999999998
79.2999999999998
79.3999999999998
79.4999999999998
79.5999999999998
79.6999999999997
79.7999999999997
79.8999999999997
79.9999999999997
80.0999999999997
80.1999999999997
80.2999999999997
80.3999999999997
80.4999999999997
80.5999999999997
80.6999999999997
80.7999999999997
80.8999999999997
80.9999999999997
81.0999999999997
81.1999999999997
81.2999999999997
81.3999999999997
81.4999999999996
81.5999999999996
81.6999999999996
81.7999999999996
81.8999999999996
81.9999999999996
82.0999999999996
82.1999999999996
82.2999999999996
82.3999999999996
82.4999999999996
82.5999999999996
82.6999999999996
82.7999999999996
82.8999999999996
82.9999999999996
83.0999999999996
83.1999999999995
83.2999999999995
83.3999999999995
83.4999999999995
83.5999999999995
83.6999999999995
83.7999999999995
83.8999999999995
83.9999999999995
84.0999999999995
84.1999999999995
84.2999999999995
84.3999999999995
84.4999999999995
84.5999999999995
84.6999999999995
84.7999999999995
84.8999999999995
84.9999999999994
85.0999999999994
85.1999999999994
85.2999999999994
85.3999999999994
85.4999999999994
85.5999999999994
85.6999999999994
85.7999999999994
85.8999999999994
85.9999999999994
86.0999999999994
86.1999999999994
86.2999999999994
86.3999999999994
86.4999999999994
86.5999999999994
86.6999999999993
86.7999999999993
86.8999999999993
86.9999999999993
87.0999999999993
87.1999999999993
87.2999999999993
87.3999999999993
87.4999999999993
87.5999999999993
87.6999999999993
87.7999999999993
87.8999999999993
87.9999999999993
88.0999999999993
88.1999999999993
88.2999999999993
88.3999999999993
88.4999999999992
88.5999999999992
88.6999999999992
88.7999999999992
88.8999999999992
88.9999999999992
89.0999999999992
89.1999999999992
89.2999999999992
89.3999999999992
89.4999999999992
89.5999999999992
89.6999999999992
89.7999999999992
89.8999999999992
89.9999999999992
90.0999999999992
90.1999999999992
90.2999999999991
90.3999999999991
90.4999999999991
90.5999999999991
90.6999999999991
90.7999999999991
90.8999999999991
90.9999999999991
91.0999999999991
91.1999999999991
91.2999999999991
91.3999999999991
91.4999999999991
91.5999999999991
91.6999999999991
91.7999999999991
91.8999999999991
91.999999999999
92.099999999999
92.199999999999
92.299999999999
92.399999999999
92.499999999999
92.599999999999
92.699999999999
92.799999999999
92.899999999999
92.999999999999
93.099999999999
93.199999999999
93.299999999999
93.399999999999
93.499999999999
93.599999999999
93.699999999999
93.7999999999989
93.8999999999989
93.9999999999989
94.0999999999989
94.1999999999989
94.2999999999989
94.3999999999989
94.4999999999989
94.5999999999989
94.6999999999989
94.7999999999989
94.8999999999989
94.9999999999989
95.0999999999989
95.1999999999989
95.2999999999989
95.3999999999989
95.4999999999988
95.5999999999988
95.6999999999988
95.7999999999988
95.8999999999988
95.9999999999988
96.0999999999988
96.1999999999988
96.2999999999988
96.3999999999988
96.4999999999988
96.5999999999988
96.6999999999988
96.7999999999988
96.8999999999988
96.9999999999988
97.0999999999988
97.1999999999988
97.2999999999987
97.3999999999987
97.4999999999987
97.5999999999987
97.6999999999987
97.7999999999987
97.8999999999987
97.9999999999987
98.0999999999987
98.1999999999987
98.2999999999987
98.3999999999987
98.4999999999987
98.5999999999987
98.6999999999987
98.7999999999987
98.8999999999987
98.9999999999986
99.0999999999986
99.1999999999986
99.2999999999986
99.3999999999986
99.4999999999986
99.5999999999986
99.6999999999986
99.7999999999986
99.8999999999986
99.9999999999986
100.099999999999
100.199999999999
100.299999999999
100.399999999999
100.499999999999
100.599999999999
100.699999999999
100.799999999999
100.899999999999
100.999999999999
101.099999999999
101.199999999999
101.299999999999
101.399999999999
101.499999999999
101.599999999999
101.699999999998
101.799999999998
101.899999999998
101.999999999998
102.099999999998
102.199999999998
102.299999999998
102.399999999998
102.499999999998
102.599999999998
102.699999999998
102.799999999998
102.899999999998
102.999999999998
103.099999999998
103.199999999998
103.299999999998
103.399999999998
103.499999999998
103.599999999998
103.699999999998
103.799999999998
103.899999999998
103.999999999998
104.099999999998
104.199999999998
104.299999999998
104.399999999998
104.499999999998
104.599999999998
104.699999999998
104.799999999998
104.899999999998
104.999999999998
105.099999999998
105.199999999998
105.299999999998
105.399999999998
105.499999999998
105.599999999998
105.699999999998
105.799999999998
105.899999999998
105.999999999998
106.099999999998
106.199999999998
106.299999999998
106.399999999998
106.499999999998
106.599999999998
106.699999999998
106.799999999998
106.899999999998
106.999999999998
107.099999999998
107.199999999998
107.299999999998
107.399999999998
107.499999999998
107.599999999998
107.699999999998
107.799999999998
107.899999999998
107.999999999998
108.099999999998
108.199999999998
108.299999999998
108.399999999998
108.499999999998
108.599999999998
108.699999999998
108.799999999998
108.899999999998
108.999999999998
109.099999999998
109.199999999998
109.299999999998
109.399999999998
109.499999999998
109.599999999998
109.699999999998
109.799999999998
109.899999999998
109.999999999998
110.099999999998
110.199999999998
110.299999999998
110.399999999998
110.499999999998
110.599999999998
110.699999999998
110.799999999998
110.899999999998
110.999999999998
111.099999999998
111.199999999998
111.299999999998
111.399999999998
111.499999999998
111.599999999998
111.699999999998
111.799999999998
111.899999999998
111.999999999998
112.099999999998
112.199999999998
112.299999999998
112.399999999998
112.499999999998
112.599999999998
112.699999999998
112.799999999998
112.899999999998
112.999999999998
113.099999999998
113.199999999998
113.299999999998
113.399999999998
113.499999999998
113.599999999998
113.699999999998
113.799999999998
113.899999999998
113.999999999998
114.099999999998
114.199999999998
114.299999999998
114.399999999998
114.499999999998
114.599999999998
114.699999999998
114.799999999998
114.899999999998
114.999999999998
115.099999999998
115.199999999998
115.299999999998
115.399999999998
115.499999999998
115.599999999998
115.699999999998
115.799999999998
115.899999999998
115.999999999998
116.099999999998
116.199999999998
116.299999999998
116.399999999998
116.499999999998
116.599999999998
116.699999999998
116.799999999998
116.899999999998
116.999999999998
117.099999999998
117.199999999998
117.299999999998
117.399999999998
117.499999999998
117.599999999998
117.699999999998
117.799999999998
117.899999999998
117.999999999998
118.099999999998
118.199999999998
118.299999999998
118.399999999998
118.499999999998
118.599999999998
118.699999999998
118.799999999998
118.899999999998
118.999999999998
119.099999999998
119.199999999998
119.299999999997
119.399999999997
119.499999999997
119.599999999997
119.699999999997
119.799999999997
119.899999999997
