0    8.62533435739146e-17    0.0100559781458805    0.0100559781458805
0.1    -0.000187273155400187    0.0102566300113849    0.010260472313877
0.2    -8.58241792807208e-05    0.0104614211107271    0.0104632169506155
0.3    -6.55555555338057e-05    0.0106702111122311    0.0106716101871825
0.4    -0.000113097904674909    0.0108832043900948    0.0108856664037687
0.5    -6.0446545270652e-05    0.0111004994668287    0.0111018415216383
0.6    -7.73905011226598e-05    0.0113221221004038    0.0113238746854434
0.7    -6.2285995007466e-05    0.0115481919768402    0.0115496306477049
0.8    -5.9298589566186e-05    0.0117787855748378    0.0117801825884215
0.9    -5.14841717268534e-05    0.0120139971793962    0.0120152343044764
1    -5.31462429717026e-05    0.0122539251041495    0.0122552276735381
1.1    -3.96391498473094e-05    0.0124986485143586    0.0124996394252402
1.2    -4.03859314109913e-05    0.0127482647725429    0.0127492945152234
1.3    -3.84131165337341e-05    0.013002886245687    0.013003885246831
1.4    -2.87117016186898e-05    0.0132625971124287    0.0132633587177576
1.5    -3.05915399677059e-05    0.0135274998786549    0.0135283275580813
1.6    -2.48384973337102e-05    0.0137977038822592    0.0137983893277468
1.7    -2.17715371809163e-05    0.0140733077996448    0.0140739206080747
1.8    -2.02201735634822e-05    0.0143544232538052    0.0143550037634024
1.9    -1.68987728786833e-05    0.0146411592617043    0.0146416541053167
2    -1.44368462092393e-05    0.0149336229478185    0.0149340541428792
2.1    -1.16669888768908e-05    0.015231929404592    0.0152322848302406
2.2    -1.1003349066993e-05    0.0155361990316515    0.0155365409358559
2.3    -8.1947553905537e-06    0.0158465474228523    0.0158468071421405
2.4    -5.5933023390531e-06    0.0161630904321806    0.016163271243295
2.5    -5.41285397048159e-06    0.0164859560531341    0.0164861345262455
2.6    -3.06337416563182e-06    0.0168152700410967    0.01681537306434
2.7    -1.18722392941794e-06    0.0171511562633865    0.0171511969879611
2.8    -7.63123611607133e-07    0.0174937482109366    0.0174937749107416
2.9    9.77095324761006e-07    0.0178431786679959    0.017843143799057
3    2.42216000035449e-06    0.0181995800161095    0.0181994918517336
3.1    3.13562648639513e-06    0.0185630925314327    0.0185629761179485
3.2    4.19443406374899e-06    0.0189338587435414    0.0189336999105635
3.3    5.13020933497415e-06    0.0193120209322037    0.0193118227838001
3.4    6.10859977523872e-06    0.0196977243393403    0.0196974836897814
3.5    7.02108630506031e-06    0.0200911186558381    0.0200908365348628
3.6    7.47810688273856e-06    0.0204923580970944    0.0204920516112981
3.7    8.2170842991488e-06    0.0209015978660674    0.0209012543685067
3.8    9.14057630771562e-06    0.0213189944329091    0.0213186047006807
3.9    9.52082113131777e-06    0.021744710354645    0.0217442963035914
4    9.92212178669762e-06    0.0221789117509544    0.0221784716315944
4.1    1.06958777616308e-05    0.0226217648414519    0.0226212809273648
4.2    1.1175236847906e-05    0.023073440532609    0.0230729248360463
4.3    1.13765421329095e-05    0.0235341157358918    0.0235335802682651
4.4    1.18170393974731e-05    0.0240039685606584    0.0240034012556779
4.5    1.23176141339936e-05    0.0244831787990334    0.0244825756577642
4.6    1.2600912442202e-05    0.0249719318602724    0.0249713025299488
4.7    1.28495435167902e-05    0.025470417917083    0.0254697633590069
4.8    1.31519084921389e-05    0.0259788297239244    0.025978146390529
4.9    1.34012807238095e-05    0.0264973633264414    0.0264966531387501
5    1.36299094918029e-05    0.0270262188681705    0.0270254821483778
5.1    1.38705068036928e-05    0.0275656005462112    0.027564835859118
5.2    1.40432496046934e-05    0.0281157169879686    0.0281149273269951
5.3    1.41743022174271e-05    0.0286767809943638    0.0286759680591657
5.4    1.43573660970649e-05    0.0292490088303711    0.0292481689649739
5.5    1.45374415261143e-05    0.0298326210167996    0.0298317536494417
5.6    1.46245879284285e-05    0.0304278433918751    0.0304269534155483
5.7    1.46873785437265e-05    0.0310349061967361    0.0310339945672948
5.8    1.48149052690991e-05    0.0316540430205611    0.0316531051311584
5.9    1.49480392302802e-05    0.0322854919758743    0.0322845267807008
5.99999999999999    1.50039231964361e-05    0.032929497142795    0.0329285090143288
6.09999999999999    1.50225921526653e-05    0.0335863078134772    0.033585298721828
6.19999999999999    1.50777950509822e-05    0.0342561771348862    0.0342551441352254
6.29999999999999    1.51540499889691e-05    0.0349393625796314    0.0349383036499842
6.39999999999999    1.51968808051314e-05    0.0356361273188076    0.0356350442193089
6.49999999999999    1.52072232634205e-05    0.0363467403834902    0.0363456349343092
6.59999999999999    1.52210277615566e-05    0.0370714758846905    0.0370703473699405
6.69999999999999    1.52444588871648e-05    0.0378106128544481    0.0378094600673554
6.79999999999999    1.52582275017687e-05    0.0385644358323495    0.0385632590004351
6.89999999999999    1.5257970787876e-05    0.0393332352184482    0.039332034946054
6.99999999999999    1.52547431828634e-05    0.0401173071706947    0.0401160832309294
7.09999999999999    1.5250370406612e-05    0.0409169535884459    0.0409157056100817
7.19999999999999    1.52378712717099e-05    0.0417324823161049    0.0417312105070978
7.29999999999999    1.52189151393458e-05    0.0425642072513094    0.0425629117089098
7.39999999999999    1.52022018659776e-05    0.0434124483634678    0.0434111284539263
7.49999999999999    1.51873809703979e-05    0.0442775319132749    0.0442761870142092
7.59999999999999    1.51644002792363e-05    0.04515979080235    0.045158421180831
7.69999999999999    1.51294558962763e-05    0.0460595646622698    0.0460581709710513
7.79999999999999    1.50916931202154e-05    0.0469771996453769    0.0469757817358142
7.89999999999999    1.50607810896239e-05    0.0479130483676559    0.047911605173526
7.99999999999999    1.50342519428293e-05    0.0488674702925485    0.0488660009429187
8.09999999999999    1.50019236992391e-05    0.049840832249951    0.0498393368556598
8.19999999999999    1.49595280670429e-05    0.0508335086070936    0.0508319877392476
8.29999999999999    1.49130215453519e-05    0.0518458810713375    0.0518443347369151
8.39999999999999    1.48701066194959e-05    0.0528783385555483    0.0528767659658685
8.49999999999999    1.48314831518825e-05    0.0539312774140896    0.0539296776761514
8.59999999999999    1.47918051625117e-05    0.0550051018921584    0.0550034746667277
8.69999999999999    1.47470001505094e-05    0.0561002244237111    0.0560985698280753
8.79999999999998    1.46983960160243e-05    0.0572170656515939    0.0572153836781365
8.89999999999998    1.46500445503745e-05    0.0583560543720842    0.0583543445595403
8.99999999999998    1.46039432697591e-05    0.0595176276452558    0.0595158892865273
9.09999999999998    1.45587474197632e-05    0.0607022310867542    0.0607004636155859
9.19999999999998    1.45122371070687e-05    0.0619103191706941    0.0619085222823086
9.29999999999998    1.44638398741985e-05    0.0631423554112137    0.0631405288757965
9.39999999999998    1.44146528978577e-05    0.0643988124504668    0.0643969559041712
9.49999999999998    1.43657952765288e-05    0.0656801721644097    0.0656782850957048
9.59999999999998    1.43173548319746e-05    0.0669869258439742    0.0669850077202638
9.69999999999998    1.42688255378188e-05    0.0683195744175186    0.0683176247651615
9.79999999999998    1.42200636128228e-05    0.0696786286585706    0.0696766470176857
9.89999999999998    1.4171515272552e-05    0.0710646093709482    0.0710625952130978
9.99999999999998    1.4123608118611e-05    0.0724780475847376    0.0724760003105699
10.1    1.40761728503492e-05    0.0739194847822598    0.0739174038046623
10.2    1.40285856700382e-05    0.075389473129842    0.0753873579441503
10.3    1.3980440114311e-05    0.0768885756767103    0.0768864258345106
10.4    1.39320165834439e-05    0.0784173665157543    0.0784151815220942
10.5    1.38840821547119e-05    0.0799764309459379    0.0799742101780959
10.6    1.38372526939627e-05    0.0815663656846791    0.081564108407087
10.7    1.37915140192372e-05    0.083187779141101    0.0831854846019016
10.8    1.37462976794885e-05    0.0848412917129022    0.0848389592376623
10.9    1.37009834020872e-05    0.0865275360537943    0.0865251650616086
11    1.36553799272805e-05    0.0882471572867546    0.0882447472227445
11.1    1.36098232687723e-05    0.0900008131845192    0.089998363427537
11.2    1.35648750332288e-05    0.091789174364917    0.0917866841813367
11.3    1.35209135880747e-05    0.0936129245369644    0.0936103931066648
11.4    1.34779174817581e-05    0.0954727607973739    0.0954701872840759
11.5    1.3435557427187e-05    0.0973693939457591    0.0973667775567438
11.6    1.33934687673302e-05    0.0993035487816274    0.0993008887792959
11.7    1.33514931147458e-05    0.10127596436667    0.101273260032095
11.8    1.33097414668146e-05    0.103287394264    0.103284644843566
11.9    1.32684749679399e-05    0.105338606782161    0.105335811453917
12    1.32279247828882e-05    0.10743038524773    0.107427543123214
12.1    1.31881660345035e-05    0.10956352831241    0.109560638466516
12.2    1.31491141497792e-05    0.111738850282421    0.111735911787265
12.3    1.31106111235537e-05    0.113957181450701    0.113954193393295
12.4    1.30725313274084e-05    0.116219368418057    0.11621632989511
12.5    1.30348396857089e-05    0.118526274401775    0.11852318450008
12.6    1.29975852968462e-05    0.120878779540618    0.120875637316964
12.7    1.29608502302994e-05    0.123277781208267    0.123274585679966
12.8    1.29246965289644e-05    0.125724194343066    0.125720944490953
12.9    1.28891384408364e-05    0.128218951794706    0.128215646573667
13    1.28541495897245e-05    0.130763004682881    0.130759643031646
13.1    1.28196906130147e-05    0.133357322761661    0.133353903606256
13.2    1.27857339609759e-05    0.136002894785928    0.135999417036733
13.3    1.27522756929808e-05    0.138700728880201    0.138697191425444
13.4    1.2719328403617e-05    0.14145185291292    0.141448254613547
13.5    1.26869066649965e-05    0.144257314879493    0.144253654567752
13.6    1.26550122718942e-05    0.147118183295595    0.147114459777886
13.7    1.2623632239483e-05    0.150035547599939    0.150031759660605
13.8    1.25927434819698e-05    0.15301051856441    0.153006664968517
13.9    1.2562324551018e-05    0.156044228709756    0.156040308202516
14    1.25323637699514e-05    0.15913783272645    0.15913384403002
14.1    1.25028627136855e-05    0.162292507902068    0.162288449710916
14.2    1.24738322896589e-05    0.165509454557478    0.165505325534626
14.3    1.24452849866306e-05    0.168789896494009    0.168785695269565
14.4    1.24172265756835e-05    0.172135081452608    0.172130806625073
14.5    1.23896518635981e-05    0.175546281584514    0.175541931723778
14.6    1.23625464901553e-05    0.179024793931865    0.17902036758191
14.7    1.23358898248928e-05    0.18257194091635    0.182567436597219
14.8    1.23096619456908e-05    0.18618907083465    0.186184487042035
14.9    1.22838486665811e-05    0.189877558360479    0.189872893563396
15    1.22584434924665e-05    0.193638805054237    0.193634057691733
15.1    1.2233445834846e-05    0.197474239881976    0.197469408360247
15.2    1.22088602339025e-05    0.201385319745444    0.201380402435035
15.3    1.21846899465999e-05    0.205373530024539    0.205368525259947
15.4    1.21609355563825e-05    0.209440385132628    0.209435291212522
15.5    1.21375928523388e-05    0.213587429084423    0.213582244272849
15.6    1.21146522960633e-05    0.217816236075566    0.217810958603572
15.7    1.20921022354182e-05    0.222128411072954    0.222123039139
15.8    1.20699295364711e-05    0.226525590415124    0.226520122185296
15.9    1.20481228517625e-05    0.231009442422519    0.231003876029299
16    1.20266731484733e-05    0.235581668018039    0.235576001558745
16.1    1.2005575156109e-05    0.24024400135868    0.240238232893105
16.2    1.19848248608923e-05    0.244998210479294    0.244992338028386
16.3    1.1964420358194e-05    0.249846097949396    0.249840119493444
16.4    1.19443596936015e-05    0.254789501543723    0.254783415021517
16.5    1.19246397521636e-05    0.259830294926905    0.259824098235471
16.6    1.19052566082122e-05    0.264970388352309    0.264964079346485
16.7    1.18862037567876e-05    0.270211729374901    0.270205305867907
16.8    1.18674744699406e-05    0.275556303577919    0.275549763340739
16.9    1.18490614559697e-05    0.281006135313189    0.280999476074161
17    1.18309570134232e-05    0.286563288455127    0.286556507899453
17.1    1.18131536096623e-05    0.292229867168597    0.292222962937538
17.2    1.17956456181939e-05    0.298008016690993    0.298000986380007
17.3    1.17784267044915e-05    0.303899924129043    0.303892765287399
17.4    1.17614920969592e-05    0.309907819270864    0.309900529399869
17.5    1.17448370919314e-05    0.316033975413758    0.316026551965832
17.6    1.17284574688035e-05    0.322280710208224    0.322273150585682
17.7    1.17123485933338e-05    0.328650386518516    0.328642688072898
17.8    1.16965056929472e-05    0.335145413300047    0.335137573331278
17.9    1.16809237067902e-05    0.341768246493851    0.341760262249489
18    1.16655976696806e-05    0.348521389938283    0.348513258612511
18.1    1.16505220738231e-05    0.355407396298186    0.355399115031236
18.2    1.1635691418186e-05    0.362428868011739    0.362420433888937
18.3    1.16211004997053e-05    0.36958845825526    0.369579868305851
18.4    1.16067440719551e-05    0.376888871926316    0.376880123122501
18.5    1.15926169755819e-05    0.384332866645484    0.384323955901355
18.6    1.15787145100362e-05    0.391923253777191    0.391914177947346
18.7    1.15650319578806e-05    0.399662899470035    0.399653655348535
18.8    1.15515652279538e-05    0.407554725717062    0.407545310035831
18.9    1.15383096854032e-05    0.415601711436408    0.415592120864562
19    1.15252611663909e-05    0.423806893572812    0.423797124715135
19.1    1.15124167949103e-05    0.432173368220423    0.432163417615093
19.2    1.1499772620525e-05    0.440704291767458    0.440694155885722
19.3    1.14873257261582e-05    0.44940288206324    0.449392557307266
19.4    1.14750732443347e-05    0.458272419608193    0.458261902309718
19.5    1.14630136630359e-05    0.46731624876747    0.46730553518519
19.6    1.14511454824075e-05    0.476537779008905    0.476526865327008
19.7    1.14394677836095e-05    0.485940486166092    0.4859293684922
19.8    1.14279804979022e-05    0.495527913727357    0.495516588090118
19.9    1.14166842312058e-05    0.50530367415146    0.505292136498204
20    1.14055798159346e-05    0.515271450210832    0.515259696405586
20.1    1.13946689556224e-05    0.525434996363082    0.525423022183841
20.2    1.13839525693133e-05    0.535798140151393    0.535785941289036
20.3    1.13734316300215e-05    0.54636478363427    0.546352355690595
20.4    1.13631066331056e-05    0.557138904844851    0.557126243331154
20.5    1.13529767543541e-05    0.568124559279773    0.568111659616392
20.6    1.13430400718275e-05    0.57932588141728    0.579312738932981
20.7    1.13332927238145e-05    0.590747086264    0.590733696196445
20.8    1.1323729335496e-05    0.602392470929619    0.602378828425514
20.9    1.13143428037055e-05    0.614266416228561    0.614252516344217
21    1.13051238496802e-05    0.62637338830784    0.626359226010484
21.1    1.12960629838539e-05    0.638717940300406    0.638703510467241
21.2    1.12871499623842e-05    0.651304714003721    0.651290011421715
21.3    1.12783739467156e-05    0.66413844158385    0.664123460949414
21.4    1.1269725548001e-05    0.677223947305954    0.677208683221934
21.5    1.1261196396833e-05    0.690566149292794    0.690550596265876
21.6    1.12527801003291e-05    0.70417006131353    0.704154213750153
21.7    1.12444725653721e-05    0.718040794605567    0.718024646807109
21.8    1.12362713902254e-05    0.732183559732612    0.732167105891122
21.9    1.12281765682323e-05    0.746603668482083    0.7465869026747
22    1.12201891590561e-05    0.76130653580489    0.761289451989894
22.1    1.12123122740165e-05    0.776297681800077    0.776280273811209
22.2    1.12045479840741e-05    0.791582733746225    0.791564995291529
22.3    1.11968993874781e-05    0.807167428180665    0.807149352838088
22.4    1.11893680865348e-05    0.823057613026769    0.823039194243687
22.5    1.11819546956121e-05    0.839259249768883    0.839240480860938
22.6000000000001    1.11746588849189e-05    0.855778415673821    0.855759289823793
22.7000000000001    1.11674778774835e-05    0.872621306057561    0.872601816316951
22.8000000000001    1.1160408789656e-05    0.889794236595535    0.889774375882351
22.9000000000001    1.11534463116237e-05    0.907303645675036    0.907283406775769
23.0000000000001    1.11465844344719e-05    0.925156096788497    0.925135472357293
23.1000000000001    1.11398168387677e-05    0.943358280966733    0.943337263523937
23.2000000000001    1.11331367335669e-05    0.961917019251807    0.961895601182854
23.3000000000001    1.1126537158491e-05    0.980839265209728    0.980817438763519
23.4000000000001    1.11200119460101e-05    1.00013210748379    1.00010986476917
23.5000000000001    1.11135552573837e-05    1.01980277239002    1.01978010537301
23.6000000000001    1.11071633083628e-05    1.0398586265567    1.03983552705411
23.7000000000001    1.11008324443978e-05    1.0603071796106    1.06028363928724
23.8000000000001    1.10945610210694e-05    1.0811560869127    1.0811320972745
23.9000000000001    1.10883488990682e-05    1.10241315234658    1.10238870473434
24.0000000000001    1.10821966843334e-05    1.12408633116249    1.12406141674697
24.1000000000001    1.10761063709288e-05    1.14618373288013    1.14615834265546
24.2000000000001    1.10700803048905e-05    1.16871362425282    1.16868774903192
24.3000000000001    1.10641219687328e-05    1.19168443229534    1.19165806270328
24.4000000000001    1.10582345139233e-05    1.21510474737722    1.21507787384788
24.5000000000001    1.10524214348175e-05    1.23898332638316    1.23895593915411
24.6000000000001    1.10466862012203e-05    1.26332909594128    1.26330118504941
24.7000000000001    1.10410307688766e-05    1.28815115571992    1.28812271100089
24.8000000000001    1.10354573670068e-05    1.31345878179307    1.3134297928762
24.9000000000001    1.10299665951549e-05    1.33926143007391    1.33923188638211
25.0000000000001    1.1024558222149e-05    1.36556873981604    1.36553863056382
25.1000000000001    1.10192303448537e-05    1.39239053718104    1.39235985137506
25.2000000000001    1.10139798639457e-05    1.41973683887129    1.41970556530983
25.3000000000001    1.10088022485715e-05    1.44761785582643    1.4475859830999
25.4000000000001    1.10036924618331e-05    1.47604399698251    1.47601151347154
25.5000000000001    1.09986442895092e-05    1.50502587309305    1.50499276696872
25.6000000000001    1.09936515123216e-05    1.53457430061215    1.53454055983292
25.7000000000001    1.09887082075796e-05    1.56470030564097    1.56466591794867
25.8000000000001    1.09838092688457e-05    1.59541512793987    1.59538008085388
25.9000000000001    1.09789514723373e-05    1.62673022500996    1.62669450581772
26.0000000000001    1.09741322732518e-05    1.65865727624902    1.65862087199983
26.1000000000001    1.09693514771791e-05    1.69120818718714    1.69117108468008
26.2000000000001    1.09646102984796e-05    1.72439509380841    1.72435727958262
26.3000000000001    1.09599110876499e-05    1.75823036696423    1.75819182728963
26.4000000000001    1.09552579929883e-05    1.79272661688381    1.79268733774892
26.5000000000001    1.09506546156812e-05    1.82789669778585    1.82785666489341
26.6000000000001    1.09461055115436e-05    1.86375371259436    1.86371291135141
26.7000000000001    1.09416140258194e-05    1.90031101775997    1.90026943327561
26.8000000000001    1.0937182749344e-05    1.93758222818661    1.93753984526831
26.9000000000001    1.09328133010622e-05    1.97558122226201    1.97553802541295
27.0000000000001    1.09285049518479e-05    2.01432214698969    2.01427812041172
27.1000000000001    1.09242561657387e-05    2.05381942321885    2.05377455081005
27.2000000000001    1.09200634061741e-05    2.09408775096894    2.09404201632633
27.3000000000001    1.091592160802e-05    2.13514211484578    2.13509550126671
27.4000000000001    1.09118257436366e-05    2.17699778954649    2.17695028002385
27.5000000000001    1.09077691763714e-05    2.21967034545246    2.21962192267709
27.6000000000001    1.09037460085586e-05    2.26317565431064    2.26312630066376
27.7000000000001    1.08997506729336e-05    2.30752989500529    2.30747959255253
27.8000000000001    1.08957789261287e-05    2.35274955942485    2.35269828990533
27.9000000000001    1.08918278391798e-05    2.39885145842972    2.39879920324468
28.0000000000001    1.08878966143487e-05    2.44585272792916    2.44579946812578
28.1000000000001    1.08839860531358e-05    2.4937708350758    2.49371655133265
28.2000000000001    1.08800987990299e-05    2.5426235845872    2.54256825719755
28.3000000000001    1.08762385209228e-05    2.59242912520293    2.59237273406123
28.4000000000001    1.08724094762729e-05    2.64320595628436    2.64314848087428
28.5000000000001    1.08686164664595e-05    2.69497293456228    2.69491435394455
28.6000000000001    1.08648638095479e-05    2.74774928103499    2.74768957384026
28.7000000000001    1.08611539946567e-05    2.80155458801702    2.80149373244637
28.8000000000001    1.08574890662091e-05    2.85640882633637    2.85634680015462
28.9000000000001    1.08538692070493e-05    2.91233235267657    2.91226913321386
29.0000000000001    1.08502925624466e-05    2.9693459170589    2.96928148121421
29.1000000000001    1.08467565744359e-05    3.02747067046006    3.02740499469763
29.2000000000001    1.08432566770913e-05    3.08672817256119    3.0866612329153
29.3000000000001    1.08397883066297e-05    3.1471403996258    3.14707217169397
29.4000000000001    1.08363464330469e-05    3.20872975250609    3.20866021144524
29.5000000000001    1.08329264352464e-05    3.27151906477985    3.27144818529696
29.6000000000002    1.08295241458626e-05    3.33553161102273    3.33545936736486
29.7000000000002    1.08261370291297e-05    3.40079111522323    3.40071748115916
29.8000000000002    1.08227637649826e-05    3.46732175934978    3.46724670815345
29.9000000000002    1.08194041392291e-05    3.5351481920813    3.53507169651497
30.0000000000002    1.0816060333196e-05    3.60429553771222    3.60421756999954
30.1000000000002    1.08127346467961e-05    3.67478940524356    3.67470993705738
30.2000000000002    1.0809430823063e-05    3.7466558976694    3.74657490010945
30.3000000000002    1.08061523783216e-05    3.81992162146645    3.81983906504834
30.4000000000002    1.08029029363989e-05    3.89461369629114    3.89452955093268
30.5000000000002    1.07996847436296e-05    3.97075976488592    3.97067399990485
30.6000000000002    1.07964999920793e-05    4.04838800319344    4.04830058729513
30.7000000000002    1.0793348649482e-05    4.12752713067475    4.12743803195766
30.8000000000002    1.07902296216405e-05    4.20820642082637    4.20811560677912
30.9000000000002    1.07871404936528e-05    4.29045571189006    4.29036314939145
31.0000000000002    1.07840774487429e-05    4.37430541775016    4.37421107307076
31.1000000000002    1.07810368347042e-05    4.45978653901505    4.45969037780586
31.2000000000002    1.07780138453942e-05    4.54693067428204    4.5468326615749
31.3000000000002    1.0775005181593e-05    4.63577003158877    4.63567013177297
31.4000000000002    1.07720074205118e-05    4.72633744005764    4.72623561687053
31.5000000000002    1.07690185933322e-05    4.81866636174379    4.81856257824615
31.6000000000002    1.07660383069394e-05    4.91279090369929    4.91268512224801
31.7000000000002    1.07630674659746e-05    5.00874583026863    5.00863801249049
31.8000000000002    1.07601077851654e-05    5.10656657563047    5.1064566823994
31.9000000000002    1.07571624832649e-05    5.20628925659956    5.20617724800552
32.0000000000002    1.07542343437533e-05    5.30795068570021    5.30783652103685
32.1000000000002    1.07513265071889e-05    5.41158838451919    5.41147202226295
32.2000000000002    1.07484413396553e-05    5.51724059734161    5.51712199514256
32.3000000000002    1.07455807193605e-05    5.62494630506967    5.62482541973953
32.4000000000002    1.07427444763179e-05    5.73474523942069    5.73462202693884
32.5000000000002    1.07399320608184e-05    5.84667789739891    5.84655231290088
32.6000000000002    1.07371410803953e-05    5.96078555603502    5.96065755381846
32.7000000000002    1.07343694381585e-05    6.07711028738823    6.07697982089483
32.8000000000002    1.0731613433361e-05    6.19569497380862    6.19556199562887
32.9000000000002    1.07288701933984e-05    6.3165833234606    6.31644778530969
33.0000000000002    1.07261365382785e-05    6.43981988611298    6.43968173882001
33.1000000000002    1.07234105584303e-05    6.56545006920505    6.56530926268179
33.2000000000002    1.07206910874632e-05    6.69352015420206    6.69337663741693
33.3000000000002    1.07179780344077e-05    6.82407731325618    6.8239310342025
33.4000000000002    1.07152722126692e-05    6.95716962619047    6.9570205318553
33.5000000000002    1.07125751200462e-05    7.09284609782287    7.09269413415751
33.6000000000002    1.07098895094408e-05    7.2311566756461    7.23100178752689
33.7000000000002    1.0707217529394e-05    7.37215226787591    7.37199439909026
33.8000000000002    1.07045614800751e-05    7.51588476187628    7.51572385509769
33.9000000000002    1.07019229870754e-05    7.6624070429654    7.66224303974041
34.0000000000002    1.06993028966065e-05    7.81177301360229    7.81160585433952
34.1000000000002    1.0696700971351e-05    7.96403761295031    7.96386723691503
34.2000000000002    1.06941164495242e-05    8.11925683681189    8.11908318211278
34.3000000000002    1.06915470660283e-05    8.27748775792901    8.27731076152147
34.4000000000002    1.0688990448428e-05    8.43878854664533    8.43860814431331
34.5000000000002    1.06864442479803e-05    8.60321849192934    8.60303461826476
34.6000000000002    1.06839053344627e-05    8.77083802276339    8.7706506111594
34.7000000000002    1.06813726571901e-05    8.94170872990785    8.9415177125019
34.8000000000002    1.06788443735088e-05    9.11589338805556    9.11569869572102
34.9000000000002    1.06763208181417e-05    9.29345597839564    9.29325754067916
35.0000000000002    1.06738022156925e-05    9.47446171160774    9.47425945670575
35.1000000000002    1.06712903602793e-05    9.65897705130844    9.65877090601088
35.2000000000002    1.0668786596608e-05    9.84706973796907    9.84685962763942
35.3000000000002    1.06662929392548e-05    10.0388088133209    10.0385946618539
35.4000000000002    1.06638111232019e-05    10.2342646452581    10.2340463750553
35.5000000000002    1.06613423572958e-05    10.4335089532451    10.433286485195
35.6000000000002    1.06588872728841e-05    10.6366148342293    10.6363880876892
35.7000000000002    1.06564454545555e-05    10.8436567890566    10.8434256818452
35.8000000000002    1.06540162531367e-05    11.0547107493866    11.0544751977602
35.9000000000002    1.06515978087798e-05    11.2698541051033    11.269614023754
36.0000000000002    1.06491883808769e-05    11.4891657322209    11.4889210342463
36.1000000000002    1.06467862917507e-05    11.7127260212864    11.71247661816
36.2000000000002    1.06443891948939e-05    11.9406169062893    11.9403627078479
36.3000000000002    1.06419964825912e-05    12.172921894092    12.1726628084652
36.4000000000002    1.0639607191076e-05    12.409726094399    12.4094620279866
36.5000000000002    1.06372214845206e-05    12.6511162502901    12.6508471077019
36.6000000000003    1.06348400591506e-05    12.8971807693393    12.8969064533472
36.7000000000003    1.06324639884133e-05    13.1480097553467    13.147730166839
36.8000000000003    1.06300946469548e-05    13.4036950407031    13.4034100786385
36.9000000000003    1.06277337623541e-05    13.6643302194056    13.6640397807651
37.0000000000003    1.06253821814056e-05    13.9300106807366    13.9297146605074
37.1000000000003    1.06230411115598e-05    14.2008336436121    14.200531934738
37.2000000000003    1.06207097637366e-05    14.4768981916016    14.4765906849996
37.3000000000003    1.06183888368961e-05    14.7583053086169    14.7579918930962
37.4000000000003    1.06160764518509e-05    15.0451579152691    15.044838477567
37.5000000000003    1.06137714619593e-05    15.3375609058929    15.337235330616
37.6000000000003    1.06114723796952e-05    15.6356211862393    15.6352893558358
37.7000000000003    1.06091776410517e-05    15.9394477118488    15.9391095065723
37.8000000000003    1.06068863875051e-05    16.2491515271163    16.2488068249642
37.9000000000003    1.06045977285518e-05    16.5648458050731    16.5644944817464
38.0000000000003    1.06023118730901e-05    16.8866458879102    16.8862878167342
38.1000000000003    1.06000287816378e-05    17.2146693282729    17.2143043801606
38.2000000000003    1.05977501183145e-05    17.5490359313562    17.5486639747029
38.3000000000003    1.05954764739928e-05    17.8898677978295    17.8894886984995
38.4000000000003    1.05932089894048e-05    18.2372893676102    18.2369029888679
38.5000000000003    1.05909486494438e-05    18.5914274645047    18.5910336669682
38.6000000000003    1.0588695885818e-05    18.9524113417259    18.9520099833358
38.7000000000003    1.05864509714633e-05    19.320372728293    19.3199636642663
38.8000000000003    1.05842134680212e-05    19.6954458763142    19.6950289591199
38.9000000000003    1.05819820914067e-05    20.0777676091554    20.0773426884974
39.0000000000003    1.05797563211655e-05    20.4674773704971    20.4670442932328
39.1000000000003    1.05775348527201e-05    20.8647172742883    20.8642758844088
39.2000000000003    1.05753165833954e-05    21.2696321556125    21.2691822941826
39.3000000000003    1.05731009992845e-05    21.6823696224855    21.6819111275653
39.4000000000003    1.05708874275842e-05    22.1030801086145    22.1026128152109
39.5000000000003    1.05686758912437e-05    22.531916927148    22.531440667127
39.6000000000003    1.05664673411456e-05    22.969036325452    22.9685509274366
39.7000000000003    1.05642617848935e-05    23.4145975409458    23.414102830296
39.8000000000003    1.0562060393073e-05    23.8687628580282    23.868258656724
39.9000000000003    1.05598641226527e-05    24.33169766612    24.3311837927039
40.0000000000003    1.05576733905872e-05    24.803570518842    24.8030467883784
40.1000000000003    1.05554886303259e-05    25.2845531943434    25.2840194183501
40.2000000000003    1.05533095735381e-05    25.7748207567875    25.7742767432034
40.3000000000003    1.05511358079983e-05    26.2745516190024    26.2739971721276
40.4000000000003    1.05489670189639e-05    26.7839276063007    26.7833625267238
40.5000000000003    1.05468019008498e-05    27.3031340214805    27.3025581060629
40.6000000000003    1.05446397041806e-05    27.8323597110197    27.8317727527985
40.7000000000003    1.0542479656305e-05    28.3717971324875    28.3711989206059
40.8000000000003    1.05403214026063e-05    28.921642423201    28.921032742814
40.9000000000003    1.05381648545383e-05    29.4820954701652    29.4814741023486
41.0000000000003    1.05360100935427e-05    30.0533599813341    30.0527267029981
41.1000000000003    1.05338580495473e-05    30.6356435582353    30.634998141993
41.2000000000003    1.05317085894355e-05    31.2291577699981    31.2284999841474
41.3000000000003    1.05295628204688e-05    31.8341182288173    31.8334478371808
41.4000000000003    1.05274216755642e-05    32.4507446668826    32.4500614287298
41.5000000000003    1.05252846930098e-05    33.0792610147946    33.0785646848445
41.6000000000003    1.05231519369137e-05    33.7198954814836    33.7191858097847
41.7000000000003    1.05210237136947e-05    34.3728806356416    34.3721573674666
41.8000000000003    1.05188989446116e-05    35.0384534886829    35.0377163645337
41.9000000000003    1.05167774888822e-05    35.7168555792473    35.7161043347025
42.0000000000003    1.05146581603988e-05    36.4083330592668    36.4075674249646
42.1000000000003    1.05125407489544e-05    37.1131367816245    37.112356483102
42.2000000000003    1.05104247314323e-05    37.8315223894411    37.8307271470624
42.3000000000003    1.050830993138e-05    38.5637504070335    38.5629399358674
42.4000000000003    1.05061967933728e-05    39.3100863325902    39.3092603422622
42.5000000000003    1.0504085515964e-05    40.0708007326139    40.0699589272211
42.6000000000003    1.0501976676437e-05    40.8461693381779    40.8453114161523
42.7000000000003    1.04998705991607e-05    41.6364731430375    41.6355987970576
42.8000000000003    1.04977677225409e-05    42.4419985036337    42.4411074205042
42.9000000000003    1.04956682053248e-05    43.2630372410187    43.2621291015814
43.0000000000003    1.04935723816142e-05    44.0998867447259    44.0989612237307
43.1000000000003    1.04914794702088e-05    44.9528500786075    44.951906844696
43.2000000000003    1.04893894916135e-05    45.8222360886583    45.8212748041782
43.3000000000003    1.04873018299581e-05    46.7083595128484    46.7073798337942
43.4000000000003    1.04852160695268e-05    47.611541092997    47.6105426688742
43.5000000000003    1.04831315206522e-05    48.532107688722    48.5310901624531
43.6000000000003    1.04810483158417e-05    49.4703923935125    49.4693554012355
43.7000000000004    1.04789662820271e-05    50.4267346529757    50.4256778239459
43.8000000000004    1.04768854669365e-05    51.4014803853182    51.4004033417566
43.9000000000004    1.04748058564777e-05    52.3949821041165    52.3938844610833
44.0000000000004    1.04727286973897e-05    53.4075990434351    53.40648040856
44.1000000000004    1.04706535920847e-05    54.4396972853436    54.4385572588565
44.2000000000004    1.04685809846005e-05    55.4916498898768    55.4904880643778
44.3000000000004    1.04665113223543e-05    56.5638370274743    56.5626529877857
44.4000000000004    1.04644441123179e-05    57.6566461139347    57.65543943706
44.5000000000004    1.04623794674494e-05    58.7704719479132    58.7692422028213
44.6000000000004    1.04603166052552e-05    59.9057168509955    59.9044635985755
44.7000000000004    1.04582554485815e-05    61.0627908103843    61.0615136032123
44.8000000000004    1.04561957250532e-05    62.2421116242425    62.2408100064495
44.9000000000004    1.04541369473665e-05    63.4441050497463    63.4427785568882
45.0000000000004    1.04520791479498e-05    64.6692049539092    64.6678531127415
45.1000000000004    1.04500221158742e-05    65.9178534672424    65.916475795586
45.2000000000004    1.04479662909386e-05    67.1905011403231    67.18909714681
45.3000000000004    1.04459120680627e-05    68.487607103338    68.4861762872411
45.4000000000004    1.04438593578562e-05    69.8096392286732    69.808181079794
45.5000000000004    1.0441808708863e-05    71.1570742966032    71.1555882950036
45.6000000000004    1.04397599620338e-05    72.5303981641389    72.5288837800552
45.7000000000004    1.04377134030038e-05    73.9301059370777    73.9285626306711
45.8000000000004    1.04356689485428e-05    75.3567021453019    75.3551293665216
45.9000000000004    1.04336260666614e-05    76.8107009213709    76.8090981098314
46.0000000000004    1.04315845970858e-05    78.2926261824517    78.2909927671841
46.1000000000004    1.04295442156639e-05    79.8030118156441    79.8013472149245
46.2000000000004    1.0427504649619e-05    81.3424018667637    81.3407054879053
46.3000000000004    1.04254661854215e-05    82.9113507326543    82.9096219717105
46.4000000000004    1.0423428216562e-05    84.5104233571108    84.5086615988116
46.5000000000004    1.04213912570479e-05    86.1401954304961    86.1384000478474
46.6000000000004    1.04193554209501e-05    87.8012535931356    87.7994239472642
46.7000000000004    1.04173207823735e-05    89.4941956425763    89.4923310825117
46.8000000000004    1.04152878722628e-05    91.2196307447827    91.2177306071455
46.9000000000004    1.04132564345705e-05    92.9781796493445    92.9762432582536
47.0000000000004    1.0411226634323e-05    94.7704749087585    94.7685015755183
47.1000000000004    1.04091983451433e-05    96.597161101845    96.5951501247587
47.2000000000004    1.04071715509436e-05    98.4588950613612    98.4568457254658
47.3000000000004    1.0405145735707e-05    100.356346105877    100.354257682793
47.4000000000004    1.04031209519045e-05    102.290196275979    102.288068023552
47.5000000000004    1.04010968429935e-05    104.261140574896    104.258971737014
47.6000000000004    1.0399073541068e-05    106.269887213615    106.267677019854
47.7000000000004    1.03970508583927e-05    108.317157860607    108.314905526026
47.8000000000004    1.03950288088824e-05    110.403687896255    110.401392621082
47.9000000000004    1.03930077202665e-05    112.530226672085    112.527887641365
48.0000000000004    1.03909876534608e-05    114.697537774903    114.695154158274
48.1000000000004    1.03889686609799e-05    116.906399295951    116.90397024735
48.2000000000004    1.03869512152931e-05    119.157604105139    119.155128762408
48.3000000000004    1.03849350148072e-05    121.451960130468    121.449437615237
48.4000000000004    1.03829199482794e-05    123.790290642718    123.787720060052
48.5000000000004    1.0380906229247e-05    126.173434545467    126.170814983475
48.6000000000004    1.03788930470525e-05    128.60224667055    128.599577200329
48.7000000000004    1.03768809303885e-05    131.077598079034    131.074877754006
48.8000000000004    1.03748690893693e-05    133.60037636782    133.59760422375
48.9000000000004    1.03728580866502e-05    136.171485981988    136.168661036292
49.0000000000004    1.03708474041312e-05    138.791848532999    138.78896978469
49.1000000000004    1.03688375891631e-05    141.462403122881    141.459469551932
49.2000000000004    1.03668284556081e-05    144.184106674532    144.181117241723
49.3000000000004    1.03648203435493e-05    146.957934268265    146.954887914666
49.4000000000004    1.0362812915657e-05    149.784879484701    149.781775131504
49.5000000000004    1.03608067886804e-05    152.665954754144    152.662791301999
49.6000000000004    1.03588015320029e-05    155.602191712523    155.598968041473
49.7000000000004    1.03567973622045e-05    158.594641564041    158.591356532933
49.8000000000004    1.03547939172091e-05    161.644375450601    161.641027896872
49.9000000000004    1.03527911747658e-05    164.752484828154    164.749073567328
50.0000000000004    1.03507890679446e-05    167.920081850083    167.916605675369
50.1000000000004    1.03487874179043e-05    171.148299757757    171.144757439674
50.2000000000004    1.03467863145158e-05    174.438293278396    174.434683564254
50.3000000000004    1.03447855359377e-05    177.791239030408    177.787560643984
50.4000000000004    1.03427855196018e-05    181.208335936346    181.204587577209
50.5000000000004    1.03407861169652e-05    184.690805643647    184.686985986907
50.6000000000004    1.03387874802767e-05    188.239892953293    188.236000649038
50.7000000000005    1.03367896777195e-05    191.856866256565    191.852899929414
50.8000000000005    1.03347927016279e-05    195.543017979998    195.538976228659
50.9000000000005    1.03327965588638e-05    199.299665038715    199.295546435486
51.0000000000005    1.03308010674754e-05    203.128149298245    203.123952388599
51.1000000000005    1.03288062931049e-05    207.029838044991    207.025561346976
51.2000000000005    1.03268121339093e-05    211.006124465496    211.001766469287
51.3000000000005    1.03248181288689e-05    215.058428134664    215.0539873022
51.4000000000005    1.03228247066426e-05    219.18819551312    219.183670277193
51.5000000000005    1.0320831849451e-05    223.396900453874    223.392289217775
51.6000000000005    1.03188392645747e-05    227.686044718515    227.681345855606
51.7000000000005    1.03168472521253e-05    232.057158503083    232.052370355965
51.8000000000005    1.03148556909373e-05    236.511800973839    236.506921853974
51.9000000000005    1.03128651653593e-05    241.051560813115    241.046588999899
52.0000000000005    1.03108750165001e-05    245.678056775416    245.672990516179
52.1000000000005    1.03088857998287e-05    250.39293825397    250.387775762778
52.2000000000005    1.0306897106008e-05    255.197885857881    255.192625315398
52.3000000000005    1.03049087987498e-05    260.094612000097    260.089251552825
52.4000000000005    1.03029210860843e-05    265.08486149636    265.079399255819
52.5000000000005    1.03009336969918e-05    270.170412175351    270.16484621768
52.6000000000005    1.02989467253123e-05    275.353075500244    275.347403865345
52.7000000000005    1.0296960130028e-05    280.634697201892    280.628917892825
52.8000000000005    1.02949739565154e-05    286.017157923879    286.011268906123
52.9000000000005    1.02929881929285e-05    291.502373879667    291.496373080448
53.0000000000005    1.0291002925217e-05    297.092297522083    297.086182829604
53.1000000000005    1.02890183290438e-05    302.788918225379    302.782687488028
53.2000000000005    1.02870341349648e-05    308.594262980087    308.587914005965
53.3000000000005    1.02850505414383e-05    314.510397100902    314.503927656781
53.4000000000005    1.02830674003378e-05    320.539424947824    320.53283275859
53.5000000000005    1.02810848544341e-05    326.683490660777    326.676773408462
53.6000000000005    1.02791025034055e-05    332.944778907967    332.937934231303
53.7000000000005    1.02771206682756e-05    339.325515648205    339.318541141343
53.8000000000005    1.02751391938102e-05    345.827968907485    345.820862119473
53.9000000000005    1.02731579291983e-05    352.45444957007    352.447208004017
54.0000000000005    1.02711771919565e-05    359.20731218439    359.199933296276
54.1000000000005    1.02691966657974e-05    366.088955784033    366.081436982277
54.2000000000005    1.02672165453199e-05    373.10182472412    373.094163368325
54.3000000000005    1.0265236930351e-05    380.248409533356    380.24060293346
54.4000000000005    1.02632578864198e-05    387.531247782047    387.523293197417
54.5000000000005    1.02612791796198e-05    394.952924966375    394.944819605095
54.6000000000005    1.02593009502571e-05    402.516075409195    402.507816426817
54.7000000000005    1.02573232119753e-05    410.223383177677    410.214967676337
54.8000000000005    1.02553457914854e-05    418.077583018078    418.069008045654
54.9000000000005    1.02533684601866e-05    426.081461307966    426.072723857121
55.0000000000005    1.02513915397584e-05    434.237857026221    434.228954032902
55.1000000000005    1.02494149520008e-05    442.549662741155    442.540591083873
55.2000000000005    1.0247438697174e-05    451.019825617113    451.010582115806
55.3000000000005    1.02454627204491e-05    459.651348439905    459.641929854893
55.4000000000005    1.02434873197991e-05    468.447290661423    468.437693691966
55.5000000000005    1.02415119706018e-05    477.410769463815    477.400990747743
55.6000000000005    1.02395372474351e-05    486.544960843563    486.53499695509
55.7000000000005    1.02375628556053e-05    495.853100715829    495.842948165195
55.8000000000005    1.02355885846142e-05    505.33848603944    505.328141271646
55.9000000000005    1.02336150793847e-05    515.004475962851    514.993935355577
56.0000000000005    1.02316416449279e-05    524.854492991508    524.843752855221
56.1000000000005    1.02296685895198e-05    534.892024176983    534.881080752654
56.2000000000005    1.02276956928451e-05    545.120622328288    545.109471786651
56.3000000000005    1.02257230146474e-05    555.543907245808    555.532545685752
56.4000000000005    1.02237506199612e-05    566.16556697827    566.153990425493
56.5000000000005    1.02217786822936e-05    576.989359103213    576.977563508724
56.6000000000005    1.02198069804322e-05    588.019112031376    588.007093270554
56.7000000000005    1.02178357606173e-05    599.258726335471    599.246480206113
56.8000000000005    1.02158646262315e-05    610.712176103775    610.699698325413
56.9000000000005    1.02138940431014e-05    622.383510318988    622.370796530388
57.0000000000005    1.02119236103102e-05    634.276854262815    634.263900021535
57.1000000000005    1.02099535330832e-05    646.396410946748    646.383211726872
57.2000000000005    1.02079835456157e-05    658.74646256951    658.733013760694
57.3000000000005    1.02060141156507e-05    671.331372001661    671.317668906598
57.4000000000005    1.02040447449273e-05    684.155584297902    684.141622131983
57.5000000000005    1.02020755679829e-05    697.223628237573    697.209402126423
57.6000000000005    1.0200106842944e-05    710.540117893895    710.525622871509
57.7000000000005    1.01981380515274e-05    724.109754232513    724.094985240653
57.8000000000006    1.0196169977156e-05    737.937326739857    737.922278624458
57.9000000000006    1.01942019748665e-05    752.02771508191    752.012382593376
58.0000000000006    1.01922342063979e-05    766.385890793911    766.370268584154
58.1000000000006    1.01902668546839e-05    781.016919001549    781.001001622107
58.2000000000006    1.01882996547121e-05    795.925960174241    795.909742075106
58.3000000000006    1.01863329330973e-05    811.118271911061    811.101747437854
58.4000000000006    1.018436618355e-05    826.599210759939    826.58237415331
58.5000000000006    1.01823997021419e-05    842.374234070733    842.357079463108
58.6000000000006    1.01804335759711e-05    858.448901882821    858.431423296713
58.7000000000006    1.01784674782007e-05    874.828878847884    874.811070194565
58.8000000000006    1.01765017453164e-05    891.519936188514    891.501791264792
58.9000000000006    1.0174536303641e-05    908.527953693333    908.509466180139
59.0000000000006    1.01725710262453e-05    925.858921749322    925.840085209654
59.1000000000006    1.01706061407813e-05    943.518943411993    943.499751288069
59.2000000000006    1.01686413557015e-05    961.514236514145    961.494682126127
59.3000000000006    1.0166676904282e-05    979.851135813863    979.831212356594
59.4000000000006    1.01647125977303e-05    998.536095182509    998.515795723995
59.5000000000006    1.01627485784551e-05    1017.57568983342    1017.55500731182
59.6000000000006    1.01607847603566e-05    1036.97661859208    1036.95554581375
59.7000000000006    1.01588211648685e-05    1056.74570620854    1056.72423584536
59.8000000000006    1.01568578535333e-05    1076.88990571289    1076.86803029969
59.9000000000006    1.01548944561913e-05    1097.41630081458    1097.3940127475
60.0000000000006    1.01529316256158e-05    1118.3321083464    1118.30939987809
60.1000000000006    1.01509689540721e-05    1139.64468075397    1139.62154399329
60.2000000000006    1.01490064105885e-05    1161.36150863164    1161.33793554009
60.3000000000006    1.01470441394274e-05    1183.49022330545    1183.46620569409
60.4000000000006    1.01450821237064e-05    1206.03859946423    1206.01412899121
60.5000000000006    1.01431202961802e-05    1229.01455783964    1228.98962600751
60.6000000000006    1.01411587170152e-05    1252.42616793595    1252.40076608845
60.7000000000006    1.01391972251031e-05    1276.28165081065    1276.25577013031
60.8000000000006    1.01372360410001e-05    1300.58938190671    1300.5630134109
60.9000000000006    1.01352749519079e-05    1325.35789393755    1325.33102847651
61.0000000000006    1.01333141347122e-05    1350.59587982557    1350.56850807829
61.1000000000006    1.01313534448482e-05    1376.31219569544    1376.28430816737
61.2000000000006    1.01293931693735e-05    1402.515863923    1402.48745094159
61.3000000000006    1.01274328658235e-05    1429.21607624086    1429.1871279543
61.4000000000006    1.01254728811033e-05    1456.42219690171    1456.39270327343
61.5000000000006    1.01235132271385e-05    1484.14376590046    1484.11371670658
61.6000000000006    1.01215533623577e-05    1512.39050225625    1512.35988708377
61.7000000000006    1.01195942331954e-05    1541.17230735531    1541.14111559417
61.8000000000006    1.01176348474293e-05    1570.49926835607    1570.46748920135
61.9000000000006    1.01156759625963e-05    1600.38166165743    1600.34928410034
62.0000000000006    1.01137171786111e-05    1630.82995643139    1630.79696925913
62.1000000000006    1.01117583455891e-05    1661.8548182215    1661.82121001268
62.2000000000006    1.01097998943702e-05    1693.46711260791    1693.43287172681
62.3000000000006    1.01078415776302e-05    1725.67790894074    1725.64302353552
62.4000000000006    1.01058835600539e-05    1758.49848414261    1758.46294213995
62.5000000000006    1.01039258030998e-05    1791.94032658193    1791.9041156836
62.6000000000006    1.01019679903435e-05    1826.015140018    1825.9782476977
62.7000000000006    1.01000105781833e-05    1860.73484761938    1860.69726111571
62.8000000000006    1.00980532340227e-05    1896.11159605678    1896.0733023718
62.9000000000006    1.00960960796885e-05    1932.15775967197    1932.1187455651
63.0000000000006    1.00941391891295e-05    1968.885944724    1968.84619670768
63.1000000000006    1.0092182144797e-05    2006.30899371421    2006.26849805129
63.2000000000006    1.00902257423239e-05    2044.43998979151    2044.39873248578
63.3000000000006    1.00882692526959e-05    2083.29226123941    2083.25022803693
63.4000000000006    1.00863129892024e-05    2122.87938604637    2122.83656242645
63.5000000000006    1.00843568955726e-05    2163.21519656082    2163.17156773262
63.6000000000006    1.00824010798075e-05    2204.31378423268    2204.26933512948
63.7000000000006    1.00804453966188e-05    2246.18950444268    2246.14421971787
63.8000000000006    1.00784898822555e-05    2288.85698142135    2288.81084544247
63.9000000000006    1.00765345833081e-05    2332.33111325911    2332.28411010249
64.0000000000006    1.00745792782251e-05    2376.62707700928    2376.57919045591
64.1000000000006    1.00726242314377e-05    2421.76033388569    2421.71154741345
64.2000000000006    1.00706693807287e-05    2467.74663455662    2467.69693133622
64.3000000000006    1.00687146496553e-05    2514.6020245369    2514.55138742627
64.4000000000006    1.00667602050417e-05    2562.34284968    2562.29126121726
64.5000000000006    1.0064805802444e-05    2610.98576177182    2610.93320417151
64.6000000000006    1.00628516895275e-05    2660.54772422831    2660.4941793728
64.7000000000006    1.00608976891887e-05    2711.04601789855    2710.99146733414
64.8000000000006    1.00589438520455e-05    2762.49824697538    2762.44267190489
64.9000000000006    1.00569901865198e-05    2814.9223450155    2814.86572629212
65.0000000000006    1.00550368422939e-05    2868.33658107114    2868.27889919114
65.1000000000006    1.00530833485138e-05    2922.75956593518    2922.7008010349
65.2000000000006    1.00511301932801e-05    2978.21025850201    2978.15039034565
65.3000000000006    1.00491771712067e-05    3034.70797224612    3034.64698022289
65.4000000000006    1.00472243358482e-05    3092.27238182077    3092.21024493642
65.5000000000006    1.00452715200473e-05    3150.92352977876    3150.86022664986
65.6000000000005    1.00433191293769e-05    3210.68183341765    3210.6173422608
65.7000000000005    1.00413666971032e-05    3271.56809175181    3271.50239038178
65.8000000000005    1.00394145814247e-05    3333.60349261344    3333.5365584304
65.9000000000005    1.00374625464027e-05    3396.80961988502    3396.74142987081
66.0000000000005    1.00355106889922e-05    3461.20846086563    3461.13899157378
66.1000000000005    1.00335588581726e-05    3526.82241377355    3526.75164132311
66.2000000000005    1.00316073028937e-05    3593.67429538765    3593.60219545231
66.3000000000005    1.00296559283529e-05    3661.7873488302    3661.71389663252
66.4000000000005    1.00277047121046e-05    3731.18525149365    3731.11042179616
66.5000000000005    1.00257536664017e-05    3801.89212311406    3801.81589021056
66.6000000000005    1.00238026138436e-05    3873.93253399388    3873.85487170223
66.7000000000005    1.00218520616411e-05    3947.33151337682    3947.2523950248
66.8000000000005    1.00199012672934e-05    4022.11455797762    4022.03395640372
66.9000000000005    1.00179509089285e-05    4098.30764066956    4098.22552820265
67.0000000000005    1.00160004528756e-05    4175.93721933253    4175.85356779222
67.1000000000005    1.00140504531968e-05    4255.03024586474    4254.945026543
67.2000000000005    1.00121004858547e-05    4335.61417536093    4335.52735902056
67.3000000000005    1.00101506172977e-05    4417.71697546035    4417.62853232106
67.4000000000004    1.00082008800811e-05    4501.36713586738    4501.27703559606
67.5000000000004    1.00062512888575e-05    4586.59367804817    4586.50188974883
67.6000000000004    1.00043019307755e-05    4673.42616510651    4673.33265730917
67.7000000000004    1.00023526833997e-05    4761.89471184214    4761.79945249426
67.8000000000004    1.00004035898873e-05    4852.02999499502    4851.93295144913
67.9000000000004    9.99845470232718e-06    4943.86326367869    4943.76440268135
68.0000000000004    9.99650591859096e-06    5037.42635000652    5037.32563768865
68.1000000000004    9.9945573417035e-06    5132.75167991414    5132.6490817776
68.2000000000004    9.99260873371619e-06    5229.87228418173    5229.76776509122
68.3000000000004    9.99066055104637e-06    5328.82180965983    5328.71533382392
68.4000000000004    9.98871233404609e-06    5429.63453070254    5429.52606167119
68.5000000000004    9.98676443411444e-06    5532.34536081172    5532.23486145548
68.6000000000004    9.9848164269571e-06    5636.98986449629    5636.87729700226
68.7000000000004    9.98286873291707e-06    5743.60426935033    5743.48959520016
68.8000000000004    9.98092107449521e-06    5852.22547835426    5852.10865831902
68.9000000000004    9.97897378404445e-06    5962.89108240304    5962.77207652302
69.0000000000004    9.97702646518538e-06    6075.63937306554    6075.51814064544
69.1000000000003    9.97507931030132e-06    6190.50935557947    6190.38585516781
69.2000000000003    9.97313242000977e-06    6307.54076208588    6307.41495146208
69.3000000000003    9.97118548106643e-06    6426.77406510803    6426.64590127348
69.4000000000003    9.9692386897719e-06    6548.25049127878    6548.11993043608
69.5000000000003    9.96729214180385e-06    6672.01203532123    6671.87903286064
69.6000000000003    9.96534591388973e-06    6798.10147428723    6797.96598477194
69.7000000000003    9.96339954997673e-06    6926.56238205869    6926.42435921682
69.8000000000003    9.96145357728602e-06    7057.43914411602    7057.29854081181
69.9000000000003    9.95950742900278e-06    7190.77697257916    7190.63374081232
70.0000000000003    9.95756179249685e-06    7326.6219215258    7326.47601239767
70.1000000000003    9.95561602824101e-06    7465.02090259205    7464.87226630832
70.2000000000003    9.95367063703478e-06    7606.02170086069    7605.87028669807
70.3000000000003    9.95172504687533e-06    7749.67299104228    7749.51874734765
70.4000000000003    9.94977974961144e-06    7896.02435395449    7895.86722811142
70.5000000000003    9.94783476318439e-06    8045.12629330502    8044.96623172326
70.6000000000003    9.94588977627828e-06    8197.03025278405    8196.86720088697
70.7000000000003    9.94394492457551e-06    8351.78863347146    8351.62253567075
70.8000000000003    9.94200010769987e-06    8509.45481156483    8509.28561124572
70.9000000000002    9.94005565263403e-06    8670.08315643399    8669.91079592909
71.0000000000002    9.93811134374021e-06    8833.72904900822    8833.55346958741
71.1000000000002    9.93616711693596e-06    9000.44890050219    9000.27004235055
71.2000000000002    9.93422301906932e-06    9170.30017148659    9170.11797368247
71.3000000000002    9.93227912748845e-06    9343.34139131004    9343.15579180411
71.4000000000002    9.93033527537882e-06    9519.63217787866    9519.44311347768
71.5000000000002    9.92839156084109e-06    9699.23325779971    9699.04066414061
71.6000000000002    9.92644801993735e-06    9882.2064868962    9882.01029842563
71.7000000000002    9.92450479985062e-06    10068.614871099    10068.4150210492
71.8000000000002    9.92256146465345e-06    10258.5225877239    10258.3190081021
71.9000000000002    9.92061832916231e-06    10451.9950071398    10451.7876286906
72.0000000000002    9.91867525450238e-06    10649.0987148359    10648.8874670274
72.1000000000002    9.91673254656829e-06    10849.9015338949    10849.6863448856
72.2000000000002    9.91478977653272e-06    11054.4725478802    11054.2533445108
72.3000000000002    9.91284727205414e-06    11262.8821241431    11262.6588318958
72.4000000000002    9.91090487657417e-06    11475.2019375596    11474.9744805443
72.5000000000002    9.90896268726519e-06    11691.5049947041    11691.2732956265
72.6000000000002    9.90702043545663e-06    11911.8656584664    11911.6296386117
72.7000000000001    9.90507864705714e-06    12136.3596731231    12136.1192523104
72.8000000000001    9.90313660515316e-06    12365.0641898688    12364.8192864545
72.9000000000001    9.90119484578695e-06    12598.0577928175    12597.8083236377
73.0000000000001    9.89925318629949e-06    12835.4205254816    12835.1664058421
73.1000000000001    9.89731191542629e-06    13077.233917738    13076.9750613739
73.2000000000001    9.89537067722745e-06    13323.5810132902    13323.3173323536
73.3000000000001    9.89342944787519e-06    13574.5463976341    13574.2778026573
73.4000000000001    9.89148839255174e-06    13830.2162265391    13829.9426263989
73.5000000000001    9.88954756472216e-06    14090.6782550517    14090.3995569422
73.6000000000001    9.88760687876844e-06    14356.0218670322    14355.737976438
73.7000000000001    9.88566632029467e-06    14626.3381052346    14626.0489258973
73.8000000000001    9.88372589312081e-06    14901.7197019386    14901.4251358243
73.9000000000001    9.88178546961692e-06    15182.2611101449    15181.9610574155
74.0000000000001    9.87984534050344e-06    15468.0585353426    15467.7528943102
74.1000000000001    9.87790547301286e-06    15759.209967861    15758.8986349636
74.2000000000001    9.87596533989113e-06    16055.8152158155    16055.4980855983
74.3000000000001    9.87402569351277e-06    16357.9759386577    16357.652903698
74.4    9.87208610995805e-06    16665.7956813422    16665.4666322505
74.5    9.87014649629689e-06    16979.3799091207    16979.0447344946
74.6    9.86820721627544e-06    17298.8360429745    17298.4946293463
74.7    9.86626803644718e-06    17624.2734956979    17623.9257275166
74.8    9.86432888904524e-06    17955.8037086437    17955.4494682315
74.9    9.86238998731541e-06    18293.5401891427    18293.1793566462
75    9.86045129398564e-06    18637.5985486107    18637.2310019694
75.1    9.85851237341882e-06    18988.0965413545    18987.722156276
75.2    9.85657391099212e-06    19345.1541040893    19344.7727539656
75.3    9.85463558918146e-06    19708.8933961819    19708.5049520853
75.4    9.85269732113263e-06    20079.4388406316    20079.0431712635
75.5    9.8507590629965e-06    20456.9171658034    20456.5141374492
75.6    9.84882127973785e-06    20841.4574479257    20841.0469243896
75.7    9.84688326234462e-06    21233.1911543684    21232.7729969768
75.8    9.84494552201655e-06    21632.2521877142    21631.8262552188
75.9    9.84300808464076e-06    22038.7769306374    22038.3430791888
76    9.84107051657141e-06    22452.904291607    22452.4623747271
76.1    9.83913335459863e-06    22874.775751426    22874.3256199168
76.1999999999999    9.83719599017019e-06    23304.5354106252    23304.0769125709
76.2999999999999    9.83525906711832e-06    23742.3300377242    23741.8630183839
76.3999999999999    9.83332219191272e-06    24188.3091183787    24187.8334201827
76.4999999999999    9.8313855309017e-06    24642.6249054266    24642.1403678984
76.5999999999999    9.82944889491717e-06    25105.4324698528    25104.9389295731
76.6999999999999    9.82751228279974e-06    25576.8897526865    25576.3870432304
76.7999999999999    9.82557599830035e-06    26057.15761785    26056.6455697162
76.8999999999999    9.82363985514504e-06    26546.3999059755    26545.8783465548
76.9999999999999    9.82170366587514e-06    27044.7834892074    27044.2522427269
77.0999999999999    9.81976770918946e-06    27552.4783270091    27551.9372144487
77.1999999999999    9.81783199439771e-06    28069.6575229902    28069.106362038
77.2999999999999    9.81589643557285e-06    28596.4973827764    28595.9359877736
77.3999999999999    9.813960806275e-06    29133.1774729374    29132.6056548255
77.4999999999999    9.81202532045958e-06    29679.8806809945    29679.2982472278
77.5999999999999    9.81009008981093e-06    30236.7932765258    30236.2000310135
77.6999999999999    9.80815499428972e-06    30804.1049733913    30803.5007164458
77.7999999999999    9.80621997526663e-06    31382.0089930958    31381.3935213643
77.8999999999998    9.80428499878768e-06    31970.7021293122    31970.0752357079
77.9999999999998    9.80235035898286e-06    32570.3848135848    32569.7462871973
78.0999999999998    9.80041578327921e-06    33181.2611822352    33180.6108082975
78.1999999999998    9.79848136105855e-06    33803.5391444927    33802.8767042872
78.2999999999998    9.79654702742425e-06    34437.4304518708    34436.7557226669
78.3999999999998    9.79461290706243e-06    35083.1507688119    35082.4635237805
78.4999999999998    9.79267872976007e-06    35740.9197446262    35740.2197527919
78.5999999999998    9.79074502928592e-06    36410.961086744    36410.248112852
78.6999999999998    9.78881101510639e-06    37093.5026353097    37092.7764398439
78.7999999999998    9.78687735636403e-06    37788.7764391381    37788.0367781362
78.8999999999998    9.78494393624286e-06    38497.0188330605    38496.2654580903
78.9999999999998    9.78301064303984e-06    39218.4705166847    39217.7031747627
79.0999999999998    9.78107733500721e-06    39953.3766345948    39952.595068106
79.1999999999998    9.77914433528618e-06    40701.9868580166    40701.1908045929
79.2999999999998    9.77721119168964e-06    41464.555467976    41463.7446604719
79.3999999999998    9.77527831978698e-06    42241.3414399772    42240.5156063116
79.4999999999998    9.77334573798565e-06    43032.6085302272    43031.7673933256
79.5999999999998    9.77141321716483e-06    43838.6253634378    43837.7686411626
79.6999999999997    9.769480680831e-06    44659.6655222303    44658.7929272761
79.7999999999997    9.76754852175408e-06    45496.0076381736    45495.1188779303
79.8999999999997    9.76561640362266e-06    46347.9354844858    46347.0302610078
79.9999999999997    9.76368427317514e-06    47215.7380704288    47214.8160803124
80.0999999999997    9.76175230973277e-06    48099.7097374267    48098.7706716884
80.1999999999997    9.75982062251034e-06    49000.1502569392    48999.1938009201
80.2999999999997    9.75788894613389e-06    49917.364930123    49916.3907634218
80.3999999999997    9.75595750110052e-06    50851.664689312    50850.6724856327
80.4999999999997    9.75402609941311e-06    51803.3662013508    51802.355628436
80.5999999999997    9.75209491569807e-06    52772.7919728141    52771.7626922992
80.6999999999997    9.75016381957947e-06    53760.2704571468    53759.2221244803
80.7999999999997    9.74823278363407e-06    54766.1361637594    54765.06842808
80.8999999999997    9.74630201798287e-06    55790.7297691148    55789.6422731096
80.9999999999997    9.74437140423955e-06    56834.3982298413    56833.2906096646
81.0999999999997    9.74244081138248e-06    57897.4948979108    57896.366783067
81.1999999999997    9.74051030898723e-06    58980.3796379169    58979.2306511168
81.2999999999997    9.73858021933708e-06    60083.418946493    60082.248703499
81.3999999999997    9.73664990154854e-06    61206.9860739094    61205.7941835245
81.4999999999996    9.73471988609591e-06    62351.4611478871    62350.2472116869
81.5999999999996    9.73278993481356e-06    63517.2312996701    63515.9949119646
81.6999999999996    9.73086022917868e-06    64704.6907923969    64703.431540046
81.7999999999996    9.72893078734994e-06    65914.2411518122    65912.9586141098
81.8999999999996    9.72700116062695e-06    67146.291299363    67144.9850479621
81.9999999999996    9.7250717515355e-06    68401.2576877196    68399.92728638
82.0999999999996    9.72314267229189e-06    69679.5644387667    69678.2094432487
82.1999999999996    9.72121359515931e-06    70981.6434841117    70980.2634420921
82.2999999999996    9.71928460509243e-06    72307.9347081526    72306.5291590203
82.3999999999996    9.71735586030361e-06    73658.8860937523    73657.4545684461
82.4999999999996    9.71542704472177e-06    75034.9538705687    75033.4958914933
82.5999999999996    9.71349870547867e-06    76436.6026660863    76435.1177468279
82.6999999999996    9.71157021860593e-06    77864.3056594002    77862.7933047437
82.7999999999996    9.70964194161271e-06    79318.5447378019    79317.0044434201
82.8999999999996    9.70771378866673e-06    80799.8106562149    80798.2419085718
82.9999999999996    9.70578567121942e-06    82308.6031995373    82307.0054757214
83.0999999999996    9.70385800432716e-06    83845.4313479378    83843.804115408
83.1999999999995    9.70193012173742e-06    85410.8134451645    85409.156161756
83.2999999999995    9.70000249606014e-06    87005.2773699169    87003.589483474
83.3999999999995    9.69807517376142e-06    88629.3607103362    88627.6416586022
83.4999999999995    9.69614767281964e-06    90283.6109416764    90281.860152204
83.5999999999995    9.69422061493538e-06    91968.5856072049    91966.8024969738
83.6999999999995    9.6922936477996e-06    93684.8525023985    93683.0364777983
83.7999999999995    9.69036664407395e-06    95432.9898624912    95431.1403190905
83.8999999999995    9.688439658851e-06    97213.5865534344    97211.7028757496
83.9999999999995    9.68651297517795e-06    99027.2422663309    99025.3238275797
84.0999999999995    9.68458657815073e-06    100874.567715408    100872.613877361
84.1999999999995    9.6826602340256e-06    102756.18483959    102754.194952408
84.2999999999995    9.68073394785407e-06    104672.727007744    104670.70040972
84.3999999999995    9.67880795338268e-06    106624.839227649    106622.775244942
84.4999999999995    9.67688178634365e-06    108613.17835877    108611.076305337
84.5999999999995    9.67495603064762e-06    110638.413328907    110636.272506051
84.6999999999995    9.67303012438337e-06    112701.225354773    112699.045051167
84.7999999999995    9.67110462648978e-06    114802.30816659    114800.087657798
84.8999999999995    9.66917930885899e-06    116942.368236766    116940.106785177
84.9999999999994    9.66725384252453e-06    119122.125012728    119119.821867352
85.0999999999994    9.66532865846006e-06    121342.311153993    121339.965550029
85.1999999999994    9.66340349884401e-06    123603.672773534    123601.28393229
85.2999999999994    9.66147855892158e-06    125906.969683548    125904.536812077
85.3999999999994    9.65955390018527e-06    128252.975645682    128250.497936553
85.4999999999994    9.65762923362278e-06    130642.478625805    130639.955256933
85.5999999999994    9.65570461737205e-06    133076.281053412    133073.711187703
85.6999999999994    9.65378033562519e-06    135555.20008574    135552.582870756
85.7999999999994    9.65185610798976e-06    138080.067876675    138077.402444508
85.8999999999994    9.6499318369082e-06    140651.731850556    140649.017317501
85.9999999999994    9.64800789116429e-06    143271.054980939    143268.290447074
86.0999999999994    9.6460841035438e-06    145938.916074429    145936.10062347
86.1999999999994    9.64416032782533e-06    148656.210059665    148653.342758671
86.2999999999994    9.64223689606633e-06    151423.848281554    151420.928180477
86.3999999999994    9.64031341637073e-06    154242.75880084    154239.784932435
86.4999999999994    9.63838993383856e-06    157113.88669912    157110.858078503
86.5999999999994    9.63646679804714e-06    160038.194389387    160035.110013616
86.6999999999993    9.63454378080292e-06    163016.661932215    163013.520780146
86.7999999999993    9.63262079840821e-06    166050.287357682    166047.088389594
86.8999999999993    9.63069802291696e-06    169140.08699313    169136.829150303
86.9999999999993    9.62877541419545e-06    172287.095796876    172283.778001318
87.0999999999993    9.62685291199547e-06    175492.367697973    175488.988852079
87.1999999999993    9.62493056830535e-06    178756.975942142    178753.534928297
87.2999999999993    9.62300825188231e-06    182082.013443969    182078.509124255
87.3999999999993    9.62108619394156e-06    185468.593145497    185465.024361191
87.4999999999993    9.61916427393088e-06    188917.848381315    188914.21395264
87.5999999999993    9.61724230994182e-06    192430.933250277    192427.231976047
87.6999999999993    9.61532067330818e-06    196009.022993948    196005.253650969
87.7999999999993    9.61339897370691e-06    199653.31438192    199649.475724887
87.8999999999993    9.61147759994455e-06    203365.026104111    203361.116864899
87.9999999999993    9.60955618580269e-06    207145.399170177    207141.418057729
88.0999999999993    9.60763516001429e-06    210995.697316154    210991.643015746
88.1999999999993    9.60571390691837e-06    214917.207418485    214913.078591729
88.2999999999993    9.60379311263959e-06    218911.239915535    218907.035199399
88.3999999999993    9.6018723865139e-06    222979.12923675    222974.847243577
88.4999999999992    9.59995181907693e-06    227122.234239594    227117.873556444
88.5999999999992    9.59803120666501e-06    231341.938654397    231337.497842727
88.6999999999992    9.59611097524163e-06    235639.651537262    235635.129132167
88.7999999999992    9.59419046000797e-06    240016.807731176    240012.202241428
88.8999999999992    9.59227045891785e-06    244474.868335472    244470.178242345
88.9999999999992    9.59035036558109e-06    249015.321183791    249010.544941244
89.0999999999992    9.58843064737568e-06    253639.681330702    253634.817364352
89.1999999999992    9.58651093662129e-06    258349.491547129    258344.538254162
89.2999999999992    9.58459135893226e-06    263146.32282475    263141.278573153
89.3999999999992    9.58267187683901e-06    268031.774889523    268026.638017645
89.4999999999992    9.58075248710331e-06    273007.476724511    273002.245540506
89.5999999999992    9.57883348706333e-06    278075.087102165    278069.759883281
89.6999999999992    9.57691444440014e-06    283236.295126245    283230.870118668
89.7999999999992    9.57499555964152e-06    288492.820783543    288487.296201485
89.8999999999992    9.57307681758956e-06    293846.41550559    293840.789530832
89.9999999999992    9.57115807635422e-06    299298.862740525    299293.133521906
90.0999999999992    9.56923966962159e-06    304851.978535308    304846.144187845
90.1999999999992    9.56732122092304e-06    310507.612128465    310501.670733174
90.2999999999991    9.56540289906775e-06    316267.646553557    316261.596156505
90.3999999999991    9.56348496741597e-06    322133.999253554    322127.83786516
90.4999999999991    9.56156694284084e-06    328108.622706329    328102.348301201
90.5999999999991    9.55964906261638e-06    334193.505061455    334187.115577281
90.6999999999991    9.55773126182425e-06    340390.670788515    340384.164125593
90.7999999999991    9.555813895768e-06    346702.181337134    346695.555357406
90.8999999999991    9.55389654721926e-06    353130.135808942    353123.388335836
90.9999999999991    9.55197925388089e-06    359676.671641683    359669.800459106
91.0999999999991    9.5500619645822e-06    366343.965305688    366336.968157373
91.1999999999991    9.54814487875791e-06    373134.233012924    373127.107601526
91.2999999999991    9.54622799866241e-06    380049.731438868    380042.475425362
91.3999999999991    9.54431131516928e-06    387092.758457419    387085.369460353
91.4999999999991    9.54239464522283e-06    394265.653889082    394258.129483954
91.5999999999991    9.54047814885916e-06    401570.800262677    401563.137980888
91.6999999999991    9.53856179087485e-06    409010.623590792    409002.820919005
91.7999999999991    9.53664563727438e-06    416587.594159253    416579.648538503
91.8999999999991    9.53472944430365e-06    424304.22733085    424296.136155978
91.999999999999    9.53281356301899e-06    432163.084363564    432154.844981885
92.099999999999    9.53089772122784e-06    440166.773243582    440158.382954557
92.199999999999    9.52898198777879e-06    448317.949533342    448309.405587425
92.299999999999    9.52706650603342e-06    456619.317234888    456610.616832571
92.399999999999    9.52515105839633e-06    465073.629668813    465064.769960051
92.499999999999    9.52323559715391e-06    473683.690369057    473674.668452211
92.599999999999    9.52132066984526e-06    482452.353993861    482443.166914193
92.699999999999    9.51940564378949e-06    491382.52725315    491373.172003
92.799999999999    9.51749078195136e-06    500477.169852666    500467.643369632
92.899999999999    9.5155760012558e-06    509739.29545511    509729.594621406
92.999999999999    9.5136613859418e-06    519171.972658645    519162.094299927
93.099999999999    9.51174685017173e-06    528778.325993031    528768.266877558
93.199999999999    9.50983248755104e-06    538561.53693374    538551.29377115
93.299999999999    9.50791831047114e-06    548524.844934351    548514.41437469
93.399999999999    9.50600429336804e-06    558671.548477567    558660.927110257
93.499999999999    9.5040903074245e-06    569005.006145182    568994.190498047
93.599999999999    9.50217655318509e-06    579528.637707334    579517.62424512
93.699999999999    9.50026282388681e-06    590245.925231402    590234.710355106
93.7999999999989    9.49834920068743e-06    601160.414210884    601148.994256275
93.8999999999989    9.49643587555337e-06    612275.714714623    612264.085950929
93.9999999999989    9.49452259289311e-06    623595.502556749    623583.661186002
94.0999999999989    9.49260947337873e-06    635123.520487705    635111.46264307
94.1999999999989    9.49069641364702e-06    646863.579406722    646851.301151544
94.2999999999989    9.48878349330377e-06    658819.559596154    658807.056922465
94.3999999999989    9.48687082077248e-06    670995.411978038    670982.680805228
94.4999999999989    9.48495829832542e-06    683395.159393294    683382.195567079
94.5999999999989    9.48304573957851e-06    696022.897903969    696009.697195199
94.6999999999989    9.4811334769458e-06    708882.798118929    708869.356221516
94.7999999999989    9.47922114505011e-06    721979.106543423    721965.419073944
94.8999999999989    9.47730916986757e-06    735316.146952955    735302.209448121
94.9999999999989    9.47539730638804e-06    748898.321791882    748884.129708076
95.0999999999989    9.47348546086226e-06    762730.113597206    762715.662308827
95.1999999999989    9.47157366020767e-06    776816.086447984    776801.371245794
95.2999999999989    9.46966217323942e-06    791160.887440823    791145.903530058
95.3999999999989    9.46775079192188e-06    805769.248191942    805753.990691521
95.4999999999988    9.46583968403348e-06    820645.986366262    820630.450306635
95.5999999999988    9.46392852682022e-06    835796.007234011    835780.187556377
95.6999999999988    9.46201746276066e-06    851224.305255336    851208.196809273
95.7999999999988    9.46010663997636e-06    866935.965693414    866919.563235212
95.8999999999988    9.45819583976794e-06    882936.166256596    882919.464448216
95.9999999999988    9.4562853852841e-06    899230.178770079    899213.172176503
96.0999999999988    9.45437497011514e-06    915823.370877651    915806.053966262
96.1999999999988    9.45246469552182e-06    932721.207774039    932703.574912139
96.2999999999988    9.45055435503342e-06    949929.253968405    949911.299421989
96.3999999999988    9.44864424390901e-06    967453.175079546    967434.893010538
96.4999999999988    9.44673442930748e-06    985298.739663371    985280.124128173
96.5999999999988    9.44482461429251e-06    1003471.82107325    1003452.86602156
96.6999999999988    9.44291491020768e-06    1021978.39935377    1021959.09862589
96.7999999999988    9.44100544312232e-06    1040824.56316856    1040804.91049337
96.8999999999988    9.43909612048906e-06    1060016.51176274    1059996.50075614
96.9999999999988    9.43718691705004e-06    1079560.55696064    1079540.1811234
97.0999999999988    9.43527780337615e-06    1099463.12519942    1099442.37791514
97.1999999999988    9.43336878464689e-06    1119730.75959924    1119709.63413214
97.2999999999987    9.43146003418446e-06    1140370.12207058    1140348.61156299
97.3999999999987    9.42955121362419e-06    1161387.99545944    1161366.0929308
97.4999999999987    9.42764276639528e-06    1182791.28573108    1182768.98407392
97.5999999999987    9.42573437927642e-06    1204587.02419299    1204564.31617237
97.6999999999987    9.42382588042225e-06    1226782.3697577    1226759.2480087
97.7999999999987    9.42191777994733e-06    1249384.61124633    1249361.06826998
97.8999999999987    9.42000970343727e-06    1272401.16973341    1272377.1978965
97.9999999999987    9.41810189808344e-06    1295839.60093388    1295815.19246495
98.0999999999987    9.41619426319073e-06    1319707.59763282    1319682.74462063
98.1999999999987    9.41428651978385e-06    1344012.99215895    1343987.6865504
98.2999999999987    9.41237900407144e-06    1368763.75890236    1368737.99249835
98.3999999999987    9.41047169668863e-06    1393968.01687753    1393941.78133128
98.4999999999987    9.4085643755299e-06    1419634.03233232    1419607.31914729
98.5999999999987    9.40665746072911e-06    1445770.22140374    1445743.02192911
98.6999999999987    9.40475040973012e-06    1472385.15282136    1472357.45825208
98.7999999999987    9.40284348388462e-06    1499487.55065933    1499459.35203099
98.8999999999987    9.40093680484788e-06    1527086.29713756    1527057.58532393
98.9999999999986    9.39903040668767e-06    1555190.43547332    1555161.20118371
99.0999999999986    9.39712393099113e-06    1583809.17278389    1583779.40656145
99.1999999999986    9.39521753798583e-06    1612951.88304132    1612921.57525843
99.2999999999986    9.39331138471381e-06    1642628.11008006    1642597.25093527
99.3999999999986    9.39140550356819e-06    1672847.57065862    1672816.15017394
99.4999999999986    9.38949964115902e-06    1703620.15757608    1703588.16559475
99.5999999999986    9.38759381830189e-06    1734955.94284447    1734923.36902689
99.6999999999986    9.38568813964928e-06    1766865.18091796    1766832.0147381
99.7999999999986    9.38378305125375e-06    1799358.31197995    1799324.54272078
99.8999999999986    9.38187739352786e-06    1832445.96528916    1832411.58204498
99.9999999999986    9.37997233931937e-06    1866138.96258547    1866103.95425014
100.099999999999    9.37806729436896e-06    1900448.32155696    1900412.67682674
100.199999999999    9.37616233363122e-06    1935385.25936899    1935348.96673653
100.299999999999    9.37425746906241e-06    1970961.19625648    1970924.24400745
100.399999999999    9.37235287222856e-06    2007187.75918058    2007150.13538929
100.499999999999    9.37044829825835e-06    2044076.78555075    2044038.47807803
100.599999999999    9.36854398217347e-06    2081640.32701357    2081601.32350105
100.699999999999    9.36663963781245e-06    2119890.65330936    2119850.94117768
100.799999999999    9.36473554652909e-06    2158840.25619785    2158799.82264032
100.899999999999    9.3628316435548e-06    2198501.85345411    2198460.68543411
100.999999999999    9.3609276403654e-06    2238888.39293605    2238846.47718393
101.099999999999    9.35902411225961e-06    2280013.05672466    2279970.37972973
101.199999999999    9.35712052815253e-06    2321889.26533843    2321845.8133496
101.299999999999    9.35521707400623e-06    2364530.68202311    2364486.44104138
101.399999999999    9.3533137448132e-06    2407951.21711828    2407906.17289316
101.499999999999    9.35141052154696e-06    2452165.03250201    2452119.17052711
101.599999999999    9.34950745528766e-06    2497186.54611505    2497139.85162316
101.699999999998    9.34760452944175e-06    2543030.43656598    2542982.89452472
101.799999999998    9.3457017709971e-06    2589711.64781863    2589663.24292555
101.899999999998    9.34379910982733e-06    2637245.39396351    2637196.11064168
101.999999999998    9.34189674403054e-06    2685647.16407436    2685596.98646611
102.099999999998    9.33999437139284e-06    2734932.72715167    2734881.63911628
102.199999999998    9.33809213139723e-06    2785118.13715461    2785066.12226081
102.299999999998    9.33618998675173e-06    2836219.73812281    2836166.7796446
102.399999999998    9.33428804978042e-06    2888254.16938975    2888200.2503003
102.499999999998    9.33238621341315e-06    2941238.3708894    2941183.47385687
102.599999999998    9.33048443844237e-06    2995189.58855755    2995133.69593937
102.699999999998    9.32858302012995e-06    3050125.37982987    3050068.47366506
102.799999999998    9.3266815566167e-06    3106063.61923798    3106005.68124581
102.899999999998    9.32478023075878e-06    3163022.50410577    3162963.51567639
102.999999999998    9.32287912676605e-06    3221020.56034722    3220960.50253643
103.099999999998    9.3209781261381e-06    3280076.64836798    3280015.50189254
103.199999999998    9.31907741568574e-06    3340209.9690723    3340147.71430188
103.299999999998    9.31717664880242e-06    3401440.06997724    3401376.68693181
103.399999999998    9.31527590807058e-06    3463786.85143611    3463722.31977683
103.499999999998    9.3133753501011e-06    3527270.57297297    3527204.87199526
103.599999999998    9.31147502221586e-06    3591911.85973027    3591844.968358
103.699999999998    9.30957482419334e-06    3657731.70903161    3657663.60581155
103.799999999998    9.30767488951195e-06    3724751.49706168    3724682.16015509
103.899999999998    9.30577482418659e-06    3792992.9856654    3792922.39284505
103.999999999998    9.30387505098028e-06    3862478.32926841    3862406.45790557
104.099999999998    9.30197539364241e-06    3933230.08192105    3933156.90898282
104.199999999998    9.30007594449249e-06    4005271.20446808    4005196.70650816
104.299999999998    9.29817658345111e-06    4078625.07184634    4078549.22499931
104.399999999998    9.29627720926395e-06    4153315.48051254    4153238.26048631
104.499999999998    9.29437806025961e-06    4229366.65600362    4229288.03806901
104.599999999998    9.29247923982574e-06    4306803.26063188    4306723.21961588
104.699999999998    9.29058022072391e-06    4385650.40131753    4385568.91160087
104.799999999998    9.28868157994414e-06    4465933.63756076    4465850.67306036
104.899999999998    9.28678308296197e-06    4547678.98955599    4547594.52372379
104.999999999998    9.28488462159548e-06    4630912.94645094    4630826.95226459
105.099999999998    9.2829863272149e-06    4715662.47475281    4715574.92470498
105.199999999998    9.28108820395837e-06    4801955.02688434    4801865.89297529
105.299999999998    9.27919017196268e-06    4889818.54989246    4889727.80362205
105.399999999998    9.27729224214922e-06    4979281.49431205    4979189.10667
105.499999999998    9.27539440715816e-06    5070372.82318781    5070278.76464479
105.599999999998    9.2734969144789e-06    5163122.02125673    5163026.26175249
105.699999999998    9.27159927075858e-06    5257559.10429432    5257461.61323591
105.799999999998    9.2697019633366e-06    5353714.62862734    5353615.37486938
105.899999999998    9.26780468598799e-06    5451619.70081588    5451518.65265916
105.999999999998    9.2659077090111e-06    5551305.98750808    5551203.11268341
106.099999999998    9.26401080939828e-06    5652805.72547021    5652700.99113378
106.199999999998    9.26211400606846e-06    5756151.73179559    5756045.10451604
106.299999999998    9.26021740912771e-06    5861377.41429508    5861268.86004197
106.399999999998    9.2583207402765e-06    5968516.78207275    5968406.26621051
106.499999999998    9.25642435067996e-06    6077604.45628975    6077491.94355945
106.599999999998    9.25452792349031e-06    6188675.6811199    6188561.13563617
106.699999999998    9.25263177943431e-06    6301766.33490019    6301649.72013227
106.799999999998    9.25073586577711e-06    6416912.94147979    6416794.22024466
106.899999999998    9.24884002039951e-06    6534152.68177115    6534031.81622337
106.999999999998    9.24694422580749e-06    6653523.40550655    6653400.3571247
107.099999999998    9.24504864966278e-06    6775063.64320381    6774938.37277597
107.199999999998    9.24315328479672e-06    6898812.61834501    6898685.08595878
107.299999999998    9.24125798271941e-06    7024810.25977181    7024680.42480387
107.399999999998    9.23936264624342e-06    7153097.21430133    7152965.03540417
107.499999999998    9.23746770650049e-06    7283714.8595663    7283580.29464774
107.599999999998    9.23557266630227e-06    7416705.3170837    7416568.32330711
107.699999999998    9.2336779435375e-06    7552111.46555579    7551971.99931345
107.799999999998    9.23178346891013e-06    7689976.95440758    7689834.97131409
107.899999999998    9.22988891415406e-06    7830346.21756511    7830201.67244775
107.999999999998    9.22799453830334e-06    7973264.48747863    7973117.33435428
108.099999999998    9.22610015577488e-06    8118777.80939506    8118628.00146277
108.199999999998    9.22420619025785e-06    8266933.05588403    8266780.54550068
108.299999999998    9.2223122109933e-06    8417777.94162236    8417622.68030163
108.399999999998    9.2204183764103e-06    8571361.03844108    8571202.97682882
108.499999999998    9.21852463392429e-06    8727731.79063987    8727570.87850222
108.599999999998    9.21663112468677e-06    8886940.53057358    8886776.71677799
108.699999999998    9.21473772502194e-06    9049038.49451575    9048871.72701968
108.799999999998    9.2128444185566e-06    9214077.83880388    9213908.06463681
108.899999999998    9.21095130146997e-06    9382111.65627148    9381938.82151631
108.999999999998    9.20905835458659e-06    9553193.99297193    9553018.04275036
109.099999999998    9.2071654241348e-06    9727379.86519949    9727200.74365756
109.199999999998    9.20527279460719e-06    9904725.27681233    9904542.92709465
109.299999999998    9.20338003878762e-06    10085287.2368634    10085101.6011094
109.399999999998    9.2014875450554e-06    10269123.7775441    10268934.796854
109.499999999998    9.19959527232882e-06    10456293.9724466    10456101.5868713
109.599999999998    9.19770328544341e-06    10646857.9551503    10646662.1036709
109.699999999998    9.19581108582884e-06    10840876.9381381    10840677.5586589
109.799999999998    9.19391920090349e-06    11038413.2320487    11038210.2613561
109.899999999998    9.19202726985651e-06    11239530.2652702    11239323.6390321
109.999999999998    9.19013571060088e-06    11444292.603881    11444082.2566099
110.099999999998    9.18824428744351e-06    11652765.9719457    11652551.8369925
110.199999999998    9.18635278628676e-06    11865017.2721697    11864799.2817033
110.299999999998    9.18446146738679e-06    12081114.6069211    12080892.6918961
110.399999999998    9.18257046570548e-06    12301127.2996249    12300901.3897628
110.499999999998    9.18067941498427e-06    12525125.9165369    12524895.9403169
110.599999999998    9.17878853461058e-06    12753182.2889037    12752948.1735259
110.699999999998    9.17689796120932e-06    12985369.5355157    12985131.2068804
110.799999999998    9.17500722507135e-06    13221762.0856595    13221519.4683601
110.899999999998    9.1731170689979e-06    13462435.7024777    13462188.7197458
110.999999999998    9.17122664405764e-06    13707467.5067428    13707216.0804663
111.099999999998    9.16933653771413e-06    13956936.0010522    13956680.0517126
111.199999999998    9.16744659090484e-06    14210921.0944517    14210660.54112
111.299999999998    9.1655566212044e-06    14469504.1274962    14469238.8878085
111.399999999998    9.16366692749404e-06    14732767.8977537    14732497.8878721
111.499999999998    9.16177738350975e-06    15000796.6857618    15000521.8203604
111.599999999998    9.15988759232832e-06    15273676.2814431    15273396.4736904
111.699999999998    9.15799848704475e-06    15551494.0109897    15551209.172481
111.799999999998    9.15610916704215e-06    15834338.7642227    15834048.8050089
111.899999999998    9.15422015617428e-06    16122301.0224372    16122005.8509533
111.999999999998    9.1523313990024e-06    16415472.8867401    16415172.4097943
112.099999999998    9.15044257672492e-06    16713948.1068891    16713642.2296432
112.199999999998    9.14855380680898e-06    17017822.1106434    17017510.7365696
112.299999999998    9.14666520232612e-06    17327192.0336331    17326875.0644835
112.399999999998    9.14477693663555e-06    17642156.7497574    17641834.0855317
112.499999999998    9.14288873543592e-06    17962816.9021211    17962488.4410516
112.599999999998    9.14100053517229e-06    18289274.9345193    18288940.5730318
112.699999999998    9.13911263611884e-06    18621635.1234777    18621294.7561466
112.799999999998    9.13722476356167e-06    18960003.610861    18959657.1303979
112.899999999998    9.13533722524098e-06    19304488.4370581    19304135.7342565
112.999999999998    9.13344955405843e-06    19655199.5747539    19654840.5384856
113.099999999998    9.13156227862789e-06    20012248.9632991    20011883.4804411
113.199999999998    9.12967487106142e-06    20375750.5436875    20375378.4991287
113.299999999998    9.12778751320383e-06    20745820.2941522    20745441.5707302
113.399999999998    9.12590058928806e-06    21122576.2663906    21122190.7448464
113.499999999998    9.12401367413781e-06    21506138.622431    21505746.1814059
113.599999999998    9.12212701758973e-06    21896629.6721506    21896230.1881204
113.699999999998    9.12024049647649e-06    22294173.9114559    22293767.2587092
113.799999999998    9.11835395193203e-06    22698898.06114    22698484.1117409
113.899999999998    9.11646762654114e-06    23110931.1064244    23110509.7301554
113.999999999998    9.11458146620467e-06    23530404.3372013    23529975.4015363
114.099999999998    9.11269525857756e-06    23957451.3889864    23957014.7590579
114.199999999998    9.11080951512929e-06    24392208.2845956    24391763.8231183
114.299999999998    9.10892359836636e-06    24834813.4765576    24834361.0438417
114.399999999998    9.10703795620651e-06    25285407.8902766    25284947.344132
114.499999999998    9.1051525849544e-06    25744134.9679564    25743666.1636708
114.599999999998    9.10326716024771e-06    26211140.7133015    26210663.5036126
114.699999999998    9.10138199063394e-06    26686573.7370066    26686087.9720245
114.799999999998    9.0994968939174e-06    27170585.3030505    27170090.8302368
114.899999999998    9.09761194914403e-06    27663329.3758062    27662826.0399136
114.999999999998    9.09572689148703e-06    28164962.6679842    28164450.3110278
115.099999999998    9.09384232065178e-06    28675644.689421    28675123.1505813
115.199999999998    9.09195781898054e-06    29195537.7967292    29195006.9123597
115.299999999998    9.09007335056222e-06    29724807.2438246    29724266.8473805
115.399999999998    9.08818907742473e-06    30263621.2333445    30263071.1553198
115.499999999998    9.08630500183766e-06    30812150.968973    30811591.0368578
115.599999999998    9.08442085494044e-06    31370570.7086907    31370000.7469349
115.699999999998    9.08253721926159e-06    31939057.8189628    31938477.6488694
115.799999999998    9.08065338728593e-06    32517792.8298841    32517202.2696356
115.899999999998    9.07876975942444e-06    33106959.4912964    33106358.3558287
115.999999999998    9.07688630526575e-06    33706744.8298955    33706132.9308686
116.099999999998    9.07500305444107e-06    34317339.2073456    34316716.3530818
116.199999999998    9.07311971875612e-06    34938936.3794191    34938302.3748663
116.299999999998    9.07123678492208e-06    35571733.5561782    35571088.2027965
116.399999999998    9.06935368014573e-06    36215931.4632184    36215274.5589935
116.499999999998    9.06747104074643e-06    36871734.4039915    36871065.7432867
116.599999999998    9.0655882823183e-06    37539350.323227    37538669.6968085
116.699999999998    9.06370589916707e-06    38218990.871472    38218298.0663653
116.799999999998    9.06182336335846e-06    38910871.4707677    38910166.2702698
116.899999999998    9.05994121518469e-06    39615211.3814845    39614493.5650152
116.999999999998    9.05805924613157e-06    40332233.7703331    40331503.1134254
117.099999999998    9.05617721883267e-06    41062165.7795762    41061422.0538109
117.199999999998    9.05429548504091e-06    41805238.5974576    41804481.5703458
117.299999999998    9.05241382582073e-06    42561687.5298727    42560916.9648309
117.399999999998    9.05053231946416e-06    43331752.0733018    43330967.7295553
117.499999999998    9.04865069299731e-06    44115675.9890272    44114877.6215671
117.599999999998    9.04676970193226e-06    44913707.3786577    44912894.7380753
117.699999999998    9.04488841347871e-06    45726098.7609832    45725271.5935431
117.799999999998    9.04300725190795e-06    46553107.1501825    46552265.1976251
117.899999999998    9.04112651128781e-06    47394994.1354068    47394137.1348791
117.999999999998    9.03924586497413e-06    48252025.9617662    48251153.6457989
118.099999999998    9.03736528779541e-06    49124473.6127401    49123585.7091392
118.199999999998    9.03548475859476e-06    50012612.8940393    50011709.1258022
118.299999999998    9.03360454004289e-06    50916724.5189422    50915804.6041448
118.399999999998    9.03172432954226e-06    51837094.1951346    51836157.8469018
118.499999999998    9.02984424372284e-06    52774012.7130763    52773059.6394526
118.599999999998    9.02796436148605e-06    53727776.0359224    53726805.9397858
118.699999999998    9.02608471481986e-06    54698685.3910266    54697697.9700029
118.799999999998    9.02420495197756e-06    55687047.3630549    55686042.3094676
118.899999999998    9.02232559574461e-06    56693173.9887352    56692150.9894155
118.999999999998    9.02044612813548e-06    57717382.8532746    57716341.5895819
119.099999999998    9.01856687083405e-06    58759997.1884721    58758937.3361025
119.199999999998    9.01668780466359e-06    59821345.972555    59820267.2014805
119.299999999997    9.01480884629289e-06    60901764.0317724    60900666.0061486
119.399999999997    9.01293021157841e-06    62001592.1437735    62000474.5218006
119.499999999997    9.01105143509245e-06    63121177.1428036    63120039.5767065
119.599999999997    9.00917296145248e-06    64260872.0267483    64259714.1625582
119.699999999997    9.00729452385341e-06    65421036.0660596    65419857.543595
119.799999999997    9.00541628892626e-06    66602034.9145956    66600835.3672979
119.899999999997    9.00353820165601e-06    67804240.7224082    67803019.7772579
