0    1    0.100279500127795    0.100279500127795
0.1    1.01007743552858    0.101275021655811    0.100264611497645
0.2    1.02025500433116    0.102281088724784    0.100250514126942
0.3    1.03053365327354    0.103296713946916    0.100236138450005
0.4    1.04091434712055    0.104322597696256    0.100222076854681
0.5    1.05139817281279    0.105358907866533    0.100208380222564
0.6    1.06198612869385    0.106405460858002    0.100194774661389
0.7    1.07267926498439    0.107462514286798    0.100181403514275
0.8    1.08347863155121    0.108530113677439    0.10016820869098
0.9    1.09438528771988    0.109608380972425    0.100155203292974
1    1.1054003077457    0.110697448498823    0.100142407888934
1.1    1.11652477741964    0.111797354684083    0.100129757032758
1.2    1.12775977868251    0.112908213928584    0.100117255520929
1.3    1.13910642020536    0.114030198832095    0.100104956665539
1.4    1.15056581844893    0.115163349692637    0.100092795949638
1.5    1.16213909014389    0.116307780817342    0.100080775015443
1.6    1.1738273746124    0.117463627912044    0.100068911709297
1.7    1.1856318157263    0.118630973188476    0.100057177628794
1.8    1.1975535692501    0.119809946389293    0.100045584152296
1.9    1.20959380500416    0.121000658104427    0.100034125178089
2    1.22175370087098    0.122203203508822    0.100022781532566
2.1    1.23403444570592    0.123417702962711    0.100011554290213
2.2    1.24643724146352    0.124644290008213    0.100000453983435
2.3    1.25896330370756    0.125883070437817    0.099989467577887
2.4    1.27161385555109    0.127134143455567    0.0999785767515642
2.5    1.28439013239868    0.128397648160448    0.0999677939915789
2.6    1.29729338518318    0.129673706051368    0.0999571165107411
2.7    1.31032487360895    0.130962423096805    0.0999465290894637
2.8    1.32348586980254    0.132263933900881    0.0999360377913326
2.9    1.33677766038913    0.133578361526094    0.0999256387088414
3    1.35020154210776    0.134905819059481    0.0999153199372624
3.1    1.36375882420102    0.136246440435825    0.099905084402036
3.2    1.37745083019492    0.137600358806005    0.0998949332997489
3.3    1.39127889596222    0.138967697441541    0.0998848597825021
3.4    1.40524436968323    0.140348581536617    0.0998748577574833
3.5    1.41934861226955    0.141743143240998    0.0998649253718929
3.6    1.43359299833143    0.14315152146273    0.0998550646029557
3.7    1.44797891656209    0.144573849177738    0.0998452722785475
3.8    1.46250776816698    0.146010254547101    0.0998355412020147
3.9    1.47718096747151    0.147460877369711    0.0998258714517015
4    1.49199994364092    0.14892585991343    0.0998162637660741
4.1    1.5069661394542    0.150405335149561    0.0998067117845369
4.2    1.52208101067083    0.151899442173462    0.0997972125718297
4.3    1.53734602788889    0.153408330073343    0.0997877688499354
4.4    1.5527626766855    0.154932141793297    0.0997783783185805
4.5    1.56833245624755    0.156471015843297    0.0997690350792558
4.6    1.58405687985416    0.15802509883013    0.0997597376962115
4.7    1.59993747601358    0.159594542253433    0.0997504869072016
4.8    1.61597578830484    0.161179495358201    0.0997412811037709
4.9    1.63217337508522    0.162780107281085    0.0997321177798198
5    1.64853180976106    0.164396529367777    0.0997229949670217
5.1    1.66505268095877    0.166028914789597    0.0997139109700686
5.2    1.68173759271898    0.167677419433771    0.0997048648729288
5.3    1.69858816484553    0.169342200866659    0.0996958558710193
5.4    1.71560603289231    0.171023416029417    0.099686881924221
5.5    1.73279284805141    0.172721223411599    0.0996779410798185
5.6    1.75015027757463    0.1744357858694    0.0996690330564835
5.7    1.76768000522529    0.176167267665523    0.0996601574633249
5.8    1.78538373110774    0.177915831281427    0.0996513120297334
5.9    1.80326317148157    0.179681640619943    0.0996424944853252
5.99999999999999    1.82132005923173    0.181464864761185    0.0996337045987022
6.09999999999999    1.83955614443381    0.183265675491831    0.0996249427049903
6.19999999999999    1.85797319433009    0.185084243345797    0.0996162075484252
6.29999999999999    1.87657299310297    0.186920738762801    0.0996074969904166
6.39999999999999    1.89535734208265    0.188775335567991    0.0995988098795983
6.49999999999999    1.91432806021657    0.190648211068161    0.0995901460309751
6.59999999999999    1.93348698429628    0.192539543690875    0.0995815049465939
6.69999999999999    1.95283596895474    0.194449512353331    0.0995728855083562
6.79999999999999    1.97237688676695    0.196378297763143    0.0995642866638125
6.89999999999999    1.99211162850737    0.198326083051242    0.09955570772901
6.99999999999999    2.0120421033772    0.200293053226253    0.0995471480890299
7.09999999999999    2.03217023915262    0.202279394868696    0.0995386070376873
7.19999999999999    2.05249798235094    0.204285296377652    0.0995300838949729
7.29999999999999    2.07302729842815    0.206310947967648    0.0995215779956589
7.39999999999999    2.09376017194447    0.20835654144631    0.0995130885753786
7.49999999999999    2.11469860671742    0.210422270478376    0.0995046148940385
7.59999999999999    2.13584462604014    0.212508331136335    0.09949615648322
7.69999999999999    2.15720027294468    0.214614921807105    0.0994877130782787
7.79999999999999    2.17876761040156    0.216742242411065    0.0994792842413872
7.89999999999999    2.2005487214269    0.218890494009347    0.0994708691873055
7.99999999999999    2.22254570920343    0.221059879427608    0.0994624670764753
8.09999999999999    2.24476069731242    0.22325060414241    0.0994540774033068
8.19999999999999    2.26719583003192    0.225462876339085    0.0994456999931547
8.29999999999999    2.28985327258023    0.227696906152318    0.0994373346444798
8.39999999999999    2.31273521126238    0.229952905081776    0.0994289808716403
8.49999999999999    2.33584385359659    0.232231086235434    0.0994206380181872
8.59999999999999    2.35918142850947    0.234531665009564    0.0994123055460561
8.69999999999999    2.3827501865985    0.236854859404892    0.0994039831523481
8.79999999999998    2.40655240039044    0.239200889738299    0.0993956706280281
8.89999999999998    2.43059036454616    0.241569978209388    0.0993873676671527
8.99999999999998    2.45486639603232    0.243962348827141    0.0993790738353197
9.09999999999998    2.47938283431159    0.246378227704386    0.0993707886877396
9.19999999999998    2.5041420415732    0.248817843352711    0.0993625118790761
9.29999999999998    2.52914640298213    0.251281426713583    0.0993542431617622
9.39999999999998    2.55439832691592    0.253769210997841    0.099345982309749
9.49999999999998    2.5799002451817    0.256281431563837    0.0993377290623837
9.59999999999998    2.60565461322868    0.258818325943072    0.0993294831283754
9.69999999999998    2.63166391037032    0.261380133938137    0.0993212442166892
9.79999999999998    2.65793064001631    0.263967097681833    0.0993130120506882
9.89999999999998    2.68445732990668    0.266579461645019    0.0993047863622724
9.99999999999998    2.71124653234531    0.269217472658699    0.0992965668916201
10.1    2.73830082443842    0.27188137998447    0.0992883534044249
10.2    2.76562280834221    0.274571435385843    0.099280145708094
10.3    2.79321511151559    0.277287893130426    0.099271943642024
10.4    2.82108038696829    0.280031009918106    0.0992637470423324
10.5    2.84922131349921    0.282801044810549    0.0992555557094413
10.6    2.8776405959304    0.285598259246584    0.0992473694075906
10.7    2.90634096534853    0.288422917156562    0.0992391878982355
10.8    2.93532517936172    0.291275285104834    0.0992310109805862
10.9    2.9645960223695    0.29415563236796    0.0992228385076398
11    2.99415630583531    0.297064230911018    0.099214670367098
11.1    3.0240088685517    0.300001355304471    0.0992065064439284
11.2    3.0541565768962    0.30296728266418    0.0991983465929803
11.3    3.08460232508454    0.305962292671768    0.0991901906393663
11.4    3.11534903543056    0.308986667669293    0.099182038402509
11.5    3.14639965861839    0.312040692772207    0.0991738897242401
11.6    3.177757173985    0.315124655940514    0.099165744481772
11.7    3.2094245898065    0.318238847984765    0.0991576025794556
11.8    3.24140494358195    0.321383562529263    0.099149463927859
11.9    3.27370130231235    0.324559095978161    0.0991413284250802
12    3.30631676277758    0.327765747520588    0.0991331959510248
12.1    3.33925445181647    0.331003819181003    0.0991250663755035
12.2    3.37251752661378    0.33427361589336    0.0991169395727325
12.3    3.40610917499514    0.337575445568396    0.0991088154327519
12.4    3.44003261572746    0.340909619133954    0.0991006938641661
12.5    3.47429109882193    0.344276450547775    0.099092574788714
12.6    3.50888790583702    0.347676256797352    0.0990844581324453
12.7    3.5438263501814    0.351109357904723    0.0990763438188079
12.8    3.57910977741796    0.354576076946917    0.09906823176648
12.9    3.61474156557078    0.35807674009171    0.0990601218914991
13    3.6507251254363    0.361611676640676    0.0990520141111582
13.1    3.68706390089892    0.365181219070288    0.0990439083470333
13.2    3.72376136925036    0.36878570306606    0.0990358045258687
13.3    3.76082104151213    0.372425467550489    0.0990277025786759
13.4    3.79824646276046    0.376100854709105    0.0990196024393229
13.5    3.83604121245395    0.379812210018968    0.099011504043774
13.6    3.87420890476425    0.383559882281236    0.0990034073303477
13.7    3.9127531889102    0.387344223656348    0.0989953122405436
13.8    3.95167774949552    0.3911655896988    0.0989872187196278
13.9    3.99098630684996    0.395024339389051    0.0989791267163828
14    4.03068261737333    0.398920835162129    0.0989710361819787
14.1    4.07077047388238    0.402855442934644    0.0989629470684531
14.2    4.11125370596026    0.406828532132984    0.0989548593275056
14.3    4.15213618030898    0.410840475725079    0.0989467729101569
14.4    4.19342180110528    0.414891650256555    0.0989386877673981
14.5    4.23511451036029    0.418982435890234    0.0989306038515096
14.6    4.27721828828332    0.423113216446692    0.0989225211174596
14.7    4.31973715364963    0.427284379443422    0.0989144395238078
14.8    4.36267516417201    0.43149631613103    0.0989063590327894
14.9    4.40603641687584    0.43574942152627    0.0988982796096007
15    4.44982504847726    0.440044094443088    0.098890201221208
15.1    4.49404523576445    0.444380737523552    0.0988821238351333
15.2    4.53870119598197    0.448759757270462    0.0988740474186184
15.3    4.58379718721855    0.453181564082806    0.098865971938387
15.4    4.62933750879854    0.457646572294197    0.0988578973609922
15.5    4.67532650167739    0.462155200213546    0.098849823653543
15.6    4.72176854884125    0.466707870166731    0.0988417507845157
15.7    4.76866807571073    0.471305008537947    0.0988336787243685
15.8    4.81602955054883    0.475947045809851    0.0988256074457873
15.9    4.8638574848727    0.480634416602181    0.098817536923527
16    4.91215643386927    0.485367559709174    0.0988094671339393
16.1    4.96093099681454    0.49014691813647    0.0988013980543568
16.2    5.01018581749656    0.494972939138387    0.0987933296625134
16.3    5.05992558464222    0.499846074256262    0.0987852619361408
16.4    5.11015503234782    0.504766779358273    0.098777194852807
16.5    5.16087894051387    0.509735514680805    0.098769128389989
16.6    5.21210213528398    0.514752744871078    0.098761062525309
16.7    5.26382948948809    0.519818939030603    0.0987529972368379
16.8    5.3160659230901    0.524934570758984    0.0987449325033676
16.9    5.36881640363988    0.530100118197675    0.0987368683045828
17    5.42208594672963    0.535316064073485    0.0987288046211005
17.1    5.47587961645458    0.540582895741807    0.0987207414343804
17.2    5.530202525878    0.545901105229686    0.0987126787265385
17.3    5.58505983750052    0.551271189278964    0.0987046164801117
17.4    5.64045676373379    0.556693649389737    0.098696554677821
17.5    5.69639856737846    0.562168991864331    0.098688493302365
17.6    5.75289056210665    0.567697727851913    0.0986804323362667
17.7    5.80993811294885    0.573280373393783    0.0986723717617732
17.8    5.86754663678541    0.578917449469307    0.0986643115607977
17.9    5.92572160284271    0.584609482042372    0.0986562517148833
18    5.98446853319389    0.590357002108286    0.0986481922051673
18.1    6.04379300326437    0.596160545740983    0.0986401330123294
18.2    6.10370064234208    0.602020654140486    0.098632074116512
18.3    6.16419713409246    0.607937873680576    0.0986240154972073
18.4    6.2252882170782    0.613912755956671    0.0986159571331154
18.5    6.2869796852838    0.61994585783396    0.0986078990019792
18.6    6.34927738864499    0.626037741495823    0.0985998410804078
18.7    6.41218723358296    0.632188974492624    0.0985917833436959
18.8    6.47571518354351    0.638400129790919    0.0985837257656514
18.9    6.53986725954114    0.644671785823149    0.0985756683184394
19    6.60464954070814    0.651004526537882    0.0985676109724487
19.1    6.67006816484872    0.65739894145064    0.0985595536961878
19.2    6.73612932899827    0.66385562569542    0.0985514964562211
19.3    6.80283928998781    0.670375180076977    0.0985434392171535
19.4    6.87020436501367    0.67695821112399    0.0985353819416759
19.5    6.9382309322126    0.683605331143248    0.0985273245906858
19.6    7.00692543124232    0.690317158275024    0.0985192671235024
19.7    7.07629436386761    0.697094316549843    0.0985112094981927
19.8    7.14634429455229    0.703937435946801    0.098503151672026
19.9    7.21708185105697    0.710847152453648    0.0984950936020688
20    7.28851372504301    0.717824108128748    0.0984870352459288
20.1    7.36064667268272    0.724868951165024    0.0984789765626439
20.2    7.43348751527602    0.731982335955857    0.0984709175136991
20.3    7.50704313987389    0.739164923162801    0.098462858064143
20.4    7.58132049990858    0.74641737978483    0.0984547981837505
20.5    7.65632661583086    0.753740379228666    0.0984467378481699
20.6    7.73206857575431    0.761134601379599    0.0984386770399724
20.7    7.80855353610677    0.768600732672042    0.098430615749515
20.8    7.88578872228872    0.776139466159027    0.0984225539755223
20.9    7.96378142933858    0.783751501579781    0.0984144917253052
21    8.04253902260468    0.791437545424678    0.0984064290145478
21.1    8.12206893842352    0.799198310996967    0.0983983658666275
21.2    8.20237868480407    0.807034518471001    0.0983903023114665
21.3    8.28347584211772    0.814946894947057    0.098382238383967
21.4    8.36536806379348    0.822936174503195    0.0983741741221144
21.5    8.44806307701836    0.831003098245003    0.0983661095648798
21.6    8.53156868344248    0.839148414354416    0.0983580447500799
21.7    8.61589275988924    0.847372878138997    0.0983499797123624
21.8    8.70104325907028    0.855677252083174    0.098341914481483
21.9    8.78702821030587    0.864062305902811    0.0983338490810118
22    8.87385572025084    0.872528816604294    0.0983257835275723
22.1    8.96153397362673    0.88107756854892    0.0983177178306615
22.2    9.05007123396063    0.88970935352295    0.0983096519930464
22.3    9.13947584433132    0.898424970813181    0.0983015860116771
22.4    9.22975622812326    0.907225227287452    0.0982935198790102
22.5    9.32092088978881    0.916110937479126    0.0982854535846063
22.6000000000001    9.41297841561909    0.925082923674316    0.0982773871168463
22.7000000000001    9.50593747452368    0.934142016000544    0.0982693204646133
22.8000000000001    9.5998068188192    0.943289052515471    0.0982612536187992
22.9000000000001    9.69459528502677    0.952524879294518    0.0982531865735216
23.0000000000001    9.7903117946781    0.961850350516387    0.0982451193269695
23.1000000000001    9.88696535513005    0.971266328545746    0.0982370518818279
23.2000000000001    9.98456506038725    0.980773684012681    0.0982289842452728
23.3000000000001    10.0831200919326    0.990373295888842    0.0982209164285597
23.4000000000001    10.182639719565    1.00006605156049    0.0982128484462585
23.5000000000001    10.2831333022447    1.009852846899    0.0982047803152143
23.6000000000001    10.3846102889448    1.01973458632955    0.0981967120533289
23.7000000000001    10.4870802195106    1.02971218289899    0.0981886436782727
23.8000000000001    10.5905527255246    1.03978655834392    0.098180575206231
23.9000000000001    10.6950375311794    1.04995864316009    0.0981725066507841
24.0000000000001    10.8005444541566    1.06022937667398    0.0981644380220056
24.1000000000001    10.9070834065142    1.07059970711752    0.0981563693258378
24.2000000000001    11.0146643955801    1.08107059170658    0.0981483005637816
24.3000000000001    11.1232975248555    1.09164299672344    0.0981402317329119
24.4000000000001    11.2329929949248    1.1023178976036    0.0981321628262064
24.5000000000001    11.3437611043762    1.11309627902673    0.0981240938331575
24.6000000000001    11.4556122507302    1.12397913501153    0.0981160247406149
24.7000000000001    11.5685569313785    1.13496746901395    0.0981079555338025
24.8000000000001    11.682605744533    1.14606229402815    0.0980998861974323
24.9000000000001    11.7977693901842    1.15726463268948    0.0980918167168392
25.0000000000001    11.9140586710709    1.16857551737833    0.0980837470790547
25.1000000000001    12.0314844936598    1.17999599032414    0.0980756772737359
25.2000000000001    12.1500578691357    1.19152710370822    0.0980676072938718
25.3000000000001    12.2697899144015    1.20316991976463    0.0980595371362007
25.4000000000001    12.3906918530886    1.21492551087814    0.0980514668012906
25.5000000000001    12.5127750165771    1.22679495967869    0.0980433962932618
25.6000000000001    12.6360508450244    1.23877935913227    0.0980353256191633
25.7000000000001    12.7605308884035    1.25087981262828    0.0980272547880476
25.8000000000001    12.88622680755    1.26309743406432    0.0980191838098234
25.9000000000001    13.0131503752164    1.27543334792923    0.0980111126939942
26.0000000000001    13.1413134771359    1.28788868938624    0.0980030414484061
26.1000000000001    13.2707281130937    1.30046460435767    0.0979949700781342
26.2000000000001    13.4014063980074    1.3131622496129    0.0979868985846252
26.3000000000001    13.5333605630162    1.32598279286129    0.0979788269651897
26.4000000000001    13.6666029565797    1.33892741285098    0.0979707552129011
26.5000000000001    13.8011460455864    1.35199729947432    0.097962683316918
26.6000000000001    13.9370024164745    1.36519365388005    0.0979546112632007
26.7000000000001    14.0741847763624    1.37851768859162    0.0979465390355564
26.8000000000001    14.2127059541928    1.3919706276307    0.0979384666169119
26.9000000000001    14.3525789018886    1.40555370664447    0.0979303939906941
27.0000000000001    14.4938166955217    1.41926817303485    0.0979223211421859
27.1000000000001    14.6364325364956    1.43311528608792    0.0979142480597291
27.2000000000001    14.7804397527393    1.44709631710158    0.097906174735659
27.3000000000001    14.9258517999159    1.46121254951009    0.0978981011668847
27.4000000000001    15.0726822626413    1.47546527900405    0.0978900273550572
27.5000000000001    15.2209448557167    1.48985581364522    0.0978819533063127
27.6000000000001    15.3706534253704    1.50438547397621    0.0978738790306153
27.7000000000001    15.5218219505119    1.51905559312531    0.0978658045407622
27.8000000000001    15.6744645439954    1.53386751690778    0.097857729851153
27.9000000000001    15.8285954538935    1.54882260392523    0.0978496549764466
28.0000000000001    15.9842290647805    1.56392222566506    0.0978415799302448
28.1000000000001    16.1413798990265    1.57916776660233    0.097833504723941
28.2000000000001    16.300062618101    1.59456062430602    0.0978254293658533
28.3000000000001    16.4602920238877    1.6101022095516    0.0978173538607314
28.4000000000001    16.6220830600113    1.62579394644105    0.0978092782096798
28.5000000000001    16.7854508131759    1.64163727253077    0.0978012024104921
28.6000000000001    16.9504105145174    1.657633638967    0.0977931264583415
28.7000000000001    17.1169775409693    1.67378451062764    0.0977850503467366
28.8000000000001    17.285167416643    1.69009136626881    0.0977769740686174
28.9000000000001    17.4549958142231    1.70655569867396    0.0977688976174596
29.0000000000001    17.6264785563777    1.72317901480342    0.0977608209882587
29.1000000000001    17.7996316171837    1.73996283594221    0.0977527441782814
29.2000000000001    17.9744711235662    1.75690869784437    0.0977446671875034
29.3000000000001    18.1510133567526    1.7740181508727    0.0977365900186903
29.4000000000001    18.3292747537407    1.79129276013333    0.0977285126771181
29.5000000000001    18.5092719087793    1.80873410560531    0.0977204351699753
29.6000000000002    18.6910215748618    1.82634378226629    0.0977123575055203
29.7000000000002    18.8745406652325    1.84412340021573    0.0977042796920965
29.8000000000002    19.0598462549049    1.86207458479777    0.0976962017371245
29.9000000000002    19.2469555821921    1.88019897672595    0.097688123646192
30.0000000000002    19.4358860502501    1.89849823221204    0.0976800454223492
30.1000000000002    19.6266552286345    1.91697402310088    0.0976719670656917
30.2000000000002    19.8192808548703    1.93562803701264    0.0976638885732822
30.3000000000002    20.013780836037    1.95446197749315    0.0976558099394158
30.4000000000002    20.2101732503689    1.97347756417223    0.0976477311561988
30.5000000000002    20.4084763488715    1.992676532929    0.0976396522143695
30.6000000000002    20.6087085569547    2.0120606360628    0.0976315731042642
30.7000000000002    20.810888476084    2.03163164246739    0.0976234938168138
30.8000000000002    21.0150348854482    2.05139133780621    0.0976154143444556
30.9000000000002    21.2211667436453    2.07134152468637    0.0976073346818519
31.0000000000002    21.4293031903855    2.09148402282928    0.0975992548263376
31.1000000000002    21.6394635482111    2.11182066923663    0.0975911747780461
31.2000000000002    21.8516673242328    2.13235331835089    0.0975830945397093
31.3000000000002    22.0659342118813    2.15308384221069    0.0975750141161654
31.4000000000002    22.2822840926749    2.17401413060211    0.0975669335136424
31.5000000000002    22.5007370380017    2.19514609120755    0.097558852738919
31.6000000000002    22.7213133109165    2.21648164975469    0.0975507717984675
31.7000000000002    22.9440333679527    2.2380227501678    0.0975426906976948
31.8000000000002    23.16891786095    2.25977135472385    0.0975346094403734
31.9000000000002    23.3959876388974    2.28172944421541    0.0975265280283307
32.0000000000002    23.6252637497931    2.30389901812128    0.0975184464614267
32.1000000000002    23.8567674425217    2.32628209478541    0.0975103647378103
32.2000000000002    24.0905201687502    2.34888071160321    0.0975022828544043
32.3000000000002    24.3265435848423    2.37169692521403    0.0974942008075414
32.4000000000002    24.564859553793    2.39473281169751    0.0974861185936539
32.5000000000002    24.8054901471818    2.41799046677172    0.0974780362099164
32.6000000000002    25.0484576471473    2.44147200599045    0.0974699536547511
32.7000000000002    25.2937845483799    2.46517956493807    0.0974618709281273
32.8000000000002    25.5414935601349    2.48911529942038    0.0974537880316202
32.9000000000002    25.791607608264    2.51328138565116    0.0974457049682264
33.0000000000002    26.0441498372652    2.53768002043461    0.097437621741969
33.1000000000002    26.2991436123509    2.56231342134507    0.0974295383573524
33.2000000000002    26.5566125215342    2.58718382690563    0.0974214548187476
33.3000000000002    26.8165803777321    2.61229349676796    0.0974133711297939
33.4000000000002    27.0790712208878    2.63764471189553    0.0974052872929021
33.5000000000002    27.3441093201112    2.66323977475233    0.0973972033089249
33.6000000000002    27.6117191758382    2.68908100949862    0.097389119177038
33.7000000000002    27.8819255220109    2.71517076219451    0.0973810348948485
33.8000000000002    28.1547533282771    2.74151140101154    0.0973729504587104
33.9000000000002    28.4302278022132    2.7681053164512    0.0973648658642022
34.0000000000002    28.7083743915674    2.79495492156891    0.0973567811066964
34.1000000000002    28.989218786527    2.82206265220145    0.0973486961819418
34.2000000000002    29.2727869220077    2.84943096719536    0.0973406110865761
34.3000000000002    29.5591049799661    2.87706234863428    0.0973325258184995
34.4000000000002    29.8481993917345    2.90495930206351    0.0973244403770615
34.5000000000002    30.1400968403788    2.93312435671066    0.0973163547630394
34.6000000000002    30.4348242630767    2.96156006570243    0.0973082689784208
34.7000000000002    30.7324088535192    2.99026900627817    0.0973001830260289
34.8000000000002    31.0328780643323    3.01925378000187    0.0972920969090537
34.9000000000002    31.3362596095196    3.04851701297461    0.0972840106305637
35.0000000000002    31.6425814669272    3.0780613560499    0.0972759241930714
35.1000000000002    31.9518718807296    3.10788948505387    0.097267837598218
35.2000000000002    32.264159363938    3.13800410101215    0.0972597508466168
35.3000000000002    32.579472700932    3.1684079303841    0.0972516639378715
35.4000000000002    32.8978409500148    3.19910372530464    0.0972435768707552
35.5000000000002    33.2192934459929    3.23009426383273    0.0972354896435149
35.6000000000002    33.5438598027814    3.2613823502051    0.0972274022542472
35.7000000000002    33.871569916034    3.29297081509336    0.0972193147012813
35.8000000000002    34.2024539658    3.32486251586236    0.0972112269835077
35.9000000000002    34.5365424192064    3.35706033682794    0.0972031391006013
36.0000000000002    34.8738660331656    3.38956718951269    0.0971950510531052
36.1000000000002    35.214455857109    3.42238601289895    0.0971869628423648
36.2000000000002    35.5583432357454    3.45551977367939    0.0971788744703294
36.3000000000002    35.9055598118449    3.48897146650585    0.0971707859392536
36.4000000000002    36.2561375290466    3.52274411423808    0.0971626972513504
36.5000000000002    36.6101086346925    3.55684076819445    0.0971546084084524
36.6000000000003    36.9675056826855    3.59126450840638    0.0971465194117336
36.7000000000003    37.3283615363738    3.62601844387845    0.0971384302615362
36.8000000000003    37.6927093714612    3.66110571285549    0.0971303409573279
36.9000000000003    38.0605826789449    3.69652948309703    0.097122251497793
37.0000000000003    38.4320152680806    3.73229295215911    0.0971141618810434
37.1000000000003    38.8070412693767    3.76839934768226    0.0971060721049088
37.2000000000003    39.185695137617    3.80485192768413    0.0970979821672625
37.3000000000003    39.5680116549135    3.84165398085471    0.0970898920663268
37.4000000000003    39.954025933788    3.87880882685253    0.0970818018009127
37.5000000000003    40.343773420284    3.91631981659987    0.0970737113705588
37.6000000000003    40.737289897108    3.95419033257623    0.0970656207755477
37.7000000000003    41.1346114867993    3.99242378910967    0.0970575300168058
37.8000000000003    41.5357746549299    4.03102363266655    0.0970494390957052
37.9000000000003    41.9408162133326    4.06999334214113    0.0970413480138071
38.0000000000003    42.3497733233581    4.10933642914647    0.0970332567725918
38.1000000000003    42.7626834991619    4.14905643830894    0.0970251653732222
38.2000000000003    43.1795846110199    4.18915694756788    0.0970170738163785
38.3000000000003    43.6005148886755    4.22964156848184    0.0970089821021913
38.4000000000003    44.0255129247163    4.27051394654206    0.0970008902302773
38.5000000000003    44.4546176779839    4.3117777614929    0.0969927981998663
38.6000000000003    44.8878684770149    4.3534367276585    0.0969847060099926
38.7000000000003    45.3253050235156    4.39549459427412    0.0969766136597131
38.8000000000003    45.7669673958697    4.43795514582045    0.096968521148311
38.9000000000003    46.2128960526797    4.48082220235923    0.0969604284754495
39.0000000000003    46.6631318363415    4.52409961986881    0.0969523356412485
39.1000000000003    47.1177159766534    4.56779129057889    0.0969442426462735
39.2000000000003    47.5766900944573    4.6119011433044    0.0969361494914437
39.3000000000003    48.0400962053143    4.6564331437792    0.0969280561778745
39.4000000000003    48.5079767232131    4.70139129499071    0.0969199627066881
39.5000000000003    48.9803744643124    4.74677963751721    0.0969118690788238
39.6000000000003    49.4573326507166    4.79260224986928    0.0969037752948821
39.7000000000003    49.9388949142863    4.83886324883704    0.0968956813550306
39.8000000000003    50.425105300484    4.88556678984416    0.0968875872589853
39.9000000000003    50.9160082722551    4.93271706730884    0.096879493006068
40.0000000000003    51.4116487139458    4.9803183150118    0.0968713985953314
40.1000000000003    51.9120719352575    5.02837480647012    0.0968633040257243
40.2000000000003    52.4173236752398    5.07689085531563    0.0968552092962692
40.3000000000003    52.9274501063206    5.12587081567633    0.09684711440622
40.4000000000003    53.4424978383751    5.17531908255913    0.0968390193551718
40.5000000000003    53.9625139228324    5.22524009223313    0.0968309241431067
40.6000000000003    54.4875458568217    5.2756383226127    0.0968228287703695
40.7000000000003    55.017641587355    5.32651829364055    0.0968147332375799
40.8000000000003    55.5528495155498    5.37788456767166    0.0968066375455023
40.9000000000003    56.0932185008893    5.42974174985931    0.0967985416948971
41.0000000000003    56.6387978655217    5.48209448854487    0.0967904456863843
41.1000000000003    57.1896373985983    5.5349474756528    0.0967823495203427
41.2000000000003    57.7457873606522    5.588305447092    0.0967742531968635
41.3000000000003    58.3072984880167    5.64217318316421    0.0967661567157632
41.4000000000003    58.8742219972851    5.69655550897932    0.0967580600766497
41.5000000000003    59.4466095898125    5.75145729487707    0.0967499632790278
41.6000000000003    60.0245134562605    5.80688345685391    0.096741866322421
41.7000000000003    60.6079862811833    5.86283895699358    0.0967337692064814
41.8000000000003    61.1970812476592    5.91932880390022    0.0967256719310717
41.9000000000003    61.7918520419634    5.97635805313297    0.0967175744963005
42.0000000000003    62.3923528582858    6.03393180764142    0.0967094769025064
42.1000000000003    62.9986384034917    6.09205521820219    0.0967013791501967
42.2000000000003    63.6107639019262    6.15073348385712    0.0966932812399517
42.3000000000003    64.2287851002631    6.20997185235437    0.0966851831723177
42.4000000000003    64.8527582723971    6.26977562059363    0.0966770849477068
42.5000000000003    65.4827402243818    6.33015013507688    0.0966689865663246
42.6000000000003    66.1187882994125    6.39110079236573    0.096660888028139
42.7000000000003    66.7609603828549    6.45263303954575    0.0966527893328939
42.8000000000003    67.4093149073216    6.51475237469804    0.0966446904801646
42.9000000000003    68.0639108577946    6.57746434737724    0.0966365914694425
43.0000000000003    68.7248077767971    6.64077455909519    0.0966284923002324
43.1000000000003    69.3920657696136    6.70468866380889    0.0966203929721435
43.2000000000003    70.0657455095588    6.76921236841173    0.0966122934849559
43.3000000000003    70.7459082432959    6.83435143322674    0.0966041938386505
43.4000000000003    71.4326157962042    6.9001116725019    0.0965960940334004
43.5000000000003    72.1259305777963    6.96649895490712    0.0965879940695244
43.6000000000003    72.8259155871856    7.03351920403381    0.0965798939474154
43.7000000000004    73.5326344186031    7.10117839889801    0.0965717936674587
43.8000000000004    74.2461512669652    7.16948257444832    0.0965636932299585
43.9000000000004    74.9665309334928    7.23843782207988    0.0965555926350857
44.0000000000004    75.6938388313812    7.30805029015504    0.0965474918828567
44.1000000000004    76.4281409915238    7.37832618453153    0.0965393909731472
44.2000000000004    77.1695040682875    7.44927176909775    0.0965312899057363
44.3000000000004    77.9179953453433    7.52089336631456    0.0965231886803673
44.4000000000004    78.6736827415504    7.59319735776272    0.0965150872968156
44.5000000000004    79.4366348168959    7.66619018469495    0.0965069857549452
44.6000000000004    80.2069207784894    7.7398783485915    0.0964988840547442
44.7000000000004    80.9846104866142    7.81426841171868    0.0964907821963321
44.8000000000004    81.7697744608331    7.88936699769015    0.096482680179937
44.9000000000004    82.5624838861522    7.96518079203142    0.0964745780058511
45.0000000000004    83.3628106192394    8.04171654274814    0.0964664756743721
45.1000000000004    84.1708271947018    8.11898106089936    0.0964583731857445
45.2000000000004    84.9866068314193    8.19698122117667    0.0964502705401138
45.3000000000004    85.8102234389371    8.27572396249041    0.096442167737501
45.4000000000004    86.6417516239174    8.35521628856328    0.0964340647778043
45.5000000000004    87.4812666966498    8.43546526853162    0.0964259616608257
45.6000000000004    88.3288446776237    8.51647803755396    0.0964178583863153
45.7000000000004    89.1845623041606    8.59826179742613    0.0964097549540254
45.8000000000004    90.0484970371089    8.68082381720202    0.0964016513637608
45.9000000000004    90.920727067601    8.76417143381911    0.0963935476154167
46.0000000000004    91.8013313238728    8.84831205272801    0.0963854437089957
46.1000000000004    92.6903894781466    8.93325314852568    0.096377339644601
46.2000000000004    93.5879819535779    9.01900226559256    0.0963692354224095
46.3000000000004    94.4941899312651    9.10556701873388    0.0963611310426308
46.4000000000004    95.4090953573247    9.19295509382651    0.0963530265054626
46.5000000000004    96.3327809500304    9.2811742484718    0.0963449218110512
46.6000000000004    97.265330207019    9.37023231265563    0.0963368169594662
46.7000000000004    98.2068274125616    9.46013718941624    0.0963287119506948
46.8000000000004    99.1573576449023    9.55089685552004    0.0963206067846551
46.9000000000004    100.117006783666    9.64251936214517    0.0963125014612241
47.0000000000004    101.085861517331    9.73501283557236    0.0963043959802754
47.1000000000004    102.06400935078    9.82838547788216    0.0962962903417144
47.2000000000004    103.051538612908    9.92264556765791    0.0962881845455052
47.3000000000004    104.048538464312    10.0178014606937    0.0962800785916831
47.4000000000004    105.055098905046    10.113861590707    0.0962719724803496
47.5000000000004    106.071310782453    10.2108344700566    0.0962638662116518
47.6000000000004    107.097265799058    10.3087286904649    0.0962557597857518
47.7000000000004    108.133056520546    10.4075529237476    0.0962476532027936
47.8000000000004    109.178776383807    10.5073159225492    0.0962395464628742
47.9000000000004    110.234519705056    10.608026521087    0.0962314395660259
48.0000000000004    111.300381688025    10.7096936359031    0.0962233325122137
48.1000000000004    112.376458432236    10.8123262666251    0.0962152253013473
48.2000000000004    113.46284694135    10.9159334967349    0.0962071179333042
48.3000000000004    114.559645131583    11.0205244943454    0.0961990104079603
48.4000000000004    115.666951840219    11.126108512985    0.0961909027252185
48.5000000000004    116.78486683418    11.2326948923874    0.0961827948850294
48.6000000000004    117.913490818696    11.3402930592886    0.0961746868874018
48.7000000000004    119.052925446038    11.4489125282288    0.0961665787323982
48.8000000000004    120.203273324342    11.5585629023603    0.0961584704201196
48.9000000000004    121.36463802651    11.6692538742624    0.0961503619506816
49.0000000000004    122.537124099195    11.7809952267624    0.0961422533241896
49.1000000000004    123.720837071863    11.8937968337651    0.0961341445407182
49.2000000000004    124.915883465948    12.0076686610904    0.0961260356002983
49.3000000000004    126.122370804081    12.1226207673203    0.096117926502917
49.4000000000004    127.340407619412    12.2386633046547    0.0961098172485279
49.5000000000004    128.570103465012    12.3558065197762    0.0961017078370682
49.6000000000004    129.811568923367    12.4740607547231    0.09609359826848
49.7000000000004    131.064915615956    12.5934364477708    0.0960854885427294
49.8000000000004    132.330256212921    12.7139441343196    0.0960773786598186
49.9000000000004    133.60770444282    12.8355944477906    0.0960692686197886
50.0000000000004    134.897375102479    12.9583981205272    0.0960611584227117
50.1000000000004    136.199384066926    13.0823659847047    0.0960530480686773
50.2000000000004    137.51384829942    13.2075089732469    0.0960449375577729
50.3000000000004    138.840885861575    13.3338381207516    0.0960368268900666
50.4000000000004    140.18061592357    13.4613645644246    0.0960287160655939
50.5000000000004    141.53315877446    13.5900995450234    0.096020605084353
50.6000000000004    142.898635832575    13.720054407811    0.0960124939463093
50.7000000000005    144.277169656022    13.8512406035187    0.0960043826514067
50.8000000000005    145.668883953279    13.9836696893197    0.0959962711995841
50.9000000000005    147.073903593886    14.1173533298106    0.0959881595907916
51.0000000000005    148.492354619241    14.2523032980022    0.0959800478250042
51.1000000000005    149.924364253487    14.3885314763179    0.0959719359022281
51.2000000000005    151.370060914504    14.5260498576005    0.0959638238224994
51.3000000000005    152.829574225007    14.664870546127    0.0959557115858765
51.4000000000005    154.30303502373    14.8050057586318    0.0959475991924264
51.5000000000005    155.790575376733    14.9464678253383    0.0959394866422104
51.6000000000005    157.292328588798    15.0892691910018    0.0959313739352731
51.7000000000005    158.808429214933    15.2334224159603    0.0959232610716352
51.8000000000005    160.33901307199    15.3789401771981    0.0959151480512934
51.9000000000005    161.884217250373    15.5258352694184    0.0959070348742264
52.0000000000005    163.444180125873    15.674120606127    0.0958989215404056
52.1000000000005    165.019041371598    15.8238092207272    0.0958908080498074
52.2000000000005    166.608941970019    15.9749142676222    0.0958826944024225
52.3000000000005    168.214024225123    16.1274490233297    0.0958745805982629
52.4000000000005    169.834431774685    16.281426887603    0.0958664666373609
52.5000000000005    171.470309602643    16.4368613845634    0.0958583525197647
52.6000000000005    173.121804051597    16.5937661638413    0.0958502382455284
52.7000000000005    174.789062835412    16.7521550017272    0.0958421238147015
52.8000000000005    176.472235051943    16.9120418023336    0.0958340092273196
52.9000000000005    178.171471195878    17.0734405987682    0.095825894483399
53.0000000000005    179.886923171696    17.2363655543181    0.0958177795829356
53.1000000000005    181.618744306742    17.4008309636459    0.0958096645259097
53.2000000000005    183.367089364426    17.5668512539979    0.0958015493122942
53.3000000000005    185.132114557542    17.7344409864225    0.0957934339420641
53.4000000000005    186.91397756171    17.9036148570009    0.0957853184152052
53.5000000000005    188.712837528942    18.0743876980875    0.0957772027317196
53.6000000000005    190.528855101328    18.2467744795612    0.0957690868916269
53.7000000000005    192.362192424854    18.4207903100873    0.0957609708949607
53.8000000000005    194.213013163345    18.5964504383897    0.0957528547417621
53.9000000000005    196.081482512532    18.7737702545352    0.0957447384320715
54.0000000000005    197.967767214252    18.9527652912283    0.0957366219659213
54.1000000000005    199.872035570778    19.1334512251197    0.0957285053433312
54.2000000000005    201.794457459276    19.3158438781255    0.0957203885643076
54.3000000000005    203.735204346403    19.4999592187613    0.095712271628846
54.4000000000005    205.694449303028    19.6858133634871    0.0957041545369367
54.5000000000005    207.6723670191    19.8734225780658    0.0956960372885719
54.6000000000005    209.669133818641    20.0628032789338    0.0956879198837516
54.7000000000005    211.684927674887    20.2539720345832    0.0956798023224872
54.8000000000005    213.719928225558    20.4469455669564    0.0956716846048015
54.9000000000005    215.774316788278    20.6417407528524    0.0956635667307265
55.0000000000005    217.848276376129    20.838374625345    0.0956554487002974
55.1000000000005    219.941991713347    21.0368643752142    0.0956473305135462
55.2000000000005    222.055649251171    21.2372273523903    0.095639212170497
55.3000000000005    224.189437183825    21.4394810674117    0.095631093671163
55.4000000000005    226.343545464654    21.6436431928967    0.095622975015546
55.5000000000005    228.518165822405    21.8497315650288    0.09561485620364
55.6000000000005    230.713491777659    22.0577641850565    0.0956067372354356
55.7000000000005    232.929718659416    22.2677592208069    0.0955986181109257
55.8000000000005    235.167043621821    22.4797350082122    0.0955904988301103
55.9000000000005    237.425665661058    22.6937100528506    0.0955823793929988
56.0000000000005    239.705785632391    22.9097030314997    0.0955742597996099
56.1000000000005    242.007606267358    23.1277327937043    0.0955661400499696
56.2000000000005    244.331332191132    23.3478183633565    0.0955580201441064
56.3000000000005    246.67716994003    23.569978940292    0.0955499000820471
56.4000000000005    249.04532797919    23.7942339018988    0.0955417798638126
56.5000000000005    251.436016720409    24.0206028047427    0.0955336594894161
56.6000000000005    253.849448540139    24.2491053862071    0.0955255389588636
56.7000000000005    256.285837797651    24.4797615661483    0.0955174182721566
56.8000000000005    258.745400853368    24.7125914485668    0.0955092974292959
56.9000000000005    261.228356087364    24.9476153232927    0.095501176430285
57.0000000000005    263.734923918027    25.1848536676871    0.095493055275133
57.1000000000005    266.265326820902    25.4243271483583    0.0954849339638559
57.2000000000005    268.819789347699    25.6660566228922    0.0954768124964753
57.3000000000005    271.39853814548    25.9100631415993    0.095468690873016
57.4000000000005    274.001801976018    26.1563679492758    0.0954605690935021
57.5000000000005    276.629811735335    26.4049924869819    0.0954524471579544
57.6000000000005    279.282800473415    26.6559583938356    0.0954443250663874
57.7000000000005    281.961003414102    26.9092875088233    0.0954362028188094
57.8000000000006    284.66465797518    27.1650018726275    0.0954280804152235
57.9000000000006    287.394003788628    27.4231237294716    0.09541995785563
58.0000000000006    290.149282721074    27.6836755289812    0.0954118351400304
58.1000000000006    292.930738894424    27.9466799280621    0.0954037122684296
58.2000000000006    295.738618706686    28.2121597927958    0.0953955892408376
58.3000000000006    298.573170852983    28.4801382003505    0.0953874660572701
58.4000000000006    301.434646346756    28.7506384409101    0.0953793427177469
58.5000000000006    304.323298541165    29.0236840196198    0.0953712192222897
58.6000000000006    307.23938315068    29.2992986585485    0.0953630955709189
58.7000000000006    310.183158272875    29.5775062986704    0.0953549717636519
58.8000000000006    313.154884410414    29.8583311018636    0.095346847800502
58.9000000000006    316.154824493248    30.1417974529279    0.0953387236814781
59.0000000000006    319.183243901    30.4279299616211    0.0953305994065869
59.1000000000006    322.240410485572    30.7167534647136    0.0953224749758345
59.2000000000006    325.326594593943    31.0082930280618    0.0953143503892292
59.3000000000006    328.442069091184    31.3025739487005    0.0953062256467824
59.4000000000006    331.587109383683    31.5996217569532    0.0952981007485093
59.5000000000006    334.761993442575    31.8994622185613    0.0952899756944282
59.6000000000006    337.967001827395    32.2021213368324    0.0952818504845587
59.7000000000006    341.202417709941    32.5076253548078    0.0952737251189197
59.8000000000006    344.468526898357    32.816000757449    0.0952655995975276
59.9000000000006    347.765617861431    33.1272742738454    0.0952574739203953
60.0000000000006    351.093981753126    33.4414728794411    0.0952493480875322
60.1000000000006    354.453912437319    33.7586237982826    0.0952412220989447
60.2000000000006    357.845706512782    34.0787545052873    0.0952330959546388
60.3000000000006    361.269663338377    34.4018927285323    0.0952249696546218
60.4000000000006    364.726085058489    34.7280664515638    0.0952168431989028
60.5000000000006    368.21527662869    35.0573039157269    0.0952087165874948
60.6000000000006    371.737545841634    35.3896336225165    0.0952005898204133
60.7000000000006    375.293203353193    35.7250843359487    0.0951924628976758
60.8000000000006    378.882562708824    36.0636850849537    0.0951843358193002
60.9000000000006    382.505940370184    36.40546516579    0.0951762085853028
61.0000000000006    386.163655741982    36.7504541444805    0.0951680811956981
61.1000000000006    389.85603119908    37.0986818592715    0.0951599536504979
61.2000000000006    393.583392113836    37.4501784231131    0.0951518259497122
61.3000000000006    397.346066883702    37.8049742261631    0.0951436980933502
61.4000000000006    401.144386959069    38.1630999383136    0.095135570081422
61.5000000000006    404.978686871365    38.524586511739    0.0951274419139389
61.6000000000006    408.849304261416    38.889465183469    0.0951193135909147
61.7000000000006    412.756579908059    39.2577674779821    0.095111185112365
61.8000000000006    416.700857757013    39.629525209824    0.0951030564783065
61.9000000000006    420.682484950024    40.0047704862486    0.0950949276887558
62.0000000000006    424.701811854263    40.383535709883    0.0950867987437282
62.1000000000006    428.759192092    40.7658535814166    0.0950786696432373
62.2000000000006    432.854982570546    41.1517571023148    0.0950705403872945
62.3000000000006    436.989543512463    41.5412795775568    0.0950624109759093
62.4000000000006    441.163238486057    41.9344546183995    0.0950542814090908
62.5000000000006    445.376434436143    42.3313161451653    0.0950461516868482
62.6000000000006    449.62950171509    42.7318983900552    0.0950380218091927
62.7000000000006    453.922814114154    43.1362358999876    0.0950298917761369
62.8000000000006    458.256748895088    43.5443635394614    0.0950217615876953
62.9000000000006    462.631686822046    43.9563164934458    0.0950136312438836
63.0000000000006    467.048012193777    44.3721302702947    0.0950055007447174
63.1000000000006    471.506112876105    44.7918407046887    0.0949973700902121
63.2000000000006    476.006380334715    45.2154839606026    0.0949892392803816
63.3000000000006    480.549209668226    45.6430965342998    0.0949811083152381
63.4000000000006    485.134999641575    46.0747152573553    0.0949729771947932
63.5000000000006    489.764152719697    46.510377299704    0.094964845919058
63.6000000000006    494.437075101516    46.9501201727182    0.094956714488044
63.7000000000006    499.154176754241    47.3939817323116    0.0949485829017636
63.8000000000006    503.915871447978    47.8420001820717    0.0949404511602305
63.9000000000006    508.722576790655    48.2942140764202    0.0949323192634595
64.0000000000006    513.574714263262    48.7506623238011    0.0949241872114661
64.1000000000006    518.472709255415    49.2113841898974    0.0949160550042653
64.2000000000006    523.416991101241    49.6764193008777    0.0949079226418714
64.3000000000006    528.407993115591    50.1458076466708    0.0948997901242975
64.4000000000006    533.446152630576    50.6195895842706    0.0948916574515551
64.5000000000006    538.531911032445    51.0978058410713    0.0948835246236556
64.6000000000006    543.66571379879    51.5804975182317    0.0948753916406096
64.7000000000006    548.848010536091    52.0677060940709    0.0948672585024284
64.8000000000006    554.079255017604    52.5594734274933    0.0948591252091245
64.9000000000006    559.35990522159    53.0558417614451    0.094850991760711
65.0000000000006    564.690423369893    53.5568537264013    0.0948428581572023
65.1000000000006    570.07127596687    54.0625523438839    0.0948347243986131
65.2000000000006    575.50293383867    54.5729810300116    0.0948265904849583
65.3000000000006    580.985872172872    55.0881835990816    0.0948184564162519
65.4000000000006    586.520570558486    55.6082042671832    0.0948103221925072
65.5000000000006    592.107513026309    56.1330876558448    0.0948021878137369
65.6000000000005    597.747188089655    56.6628787957129    0.094794053279953
65.7000000000005    603.440088785452    57.1976231302649    0.0947859185911678
65.8000000000005    609.186712715708    57.7373665195551    0.0947777837473938
65.9000000000005    614.987562089363    58.2821552439941    0.0947696487486444
66.0000000000005    620.843143764507    58.8320360081617    0.0947615135949337
66.1000000000005    626.753969290995    59.3870559446547    0.0947533782862761
66.2000000000005    632.720554953438    59.9472626179682    0.0947452428226862
66.3000000000005    638.743421814588    60.5127040284121    0.0947371072041779
66.4000000000005    644.82309575912    61.0834286160629    0.0947289714307646
66.5000000000005    650.960107537801    61.6594852647511    0.094720835502459
66.6000000000005    657.15499281207    62.2409233060844    0.0947126994192734
66.7000000000005    663.408292199018    62.8277925235068    0.0947045631812195
66.8000000000005    669.720551316772    63.4201431563949    0.0946964267883094
66.9000000000005    676.092320830297    64.0180259041901    0.0946882902405558
67.0000000000005    682.52415649761    64.6214919305685    0.094680153537972
67.1000000000005    689.016619216411    65.2305928676471    0.0946720166805717
67.2000000000005    695.570275071139    65.8453808202286    0.094663879668369
67.3000000000005    702.185695380456    66.4659083700836    0.0946557425013781
67.4000000000004    708.863456745156    67.0922285802714    0.0946476051796133
67.5000000000004    715.604141096511    67.7243949994991    0.0946394677030878
67.6000000000004    722.408335745056    68.3624616665207    0.0946313300718147
67.7000000000004    729.276633429815    69.0064831145751    0.0946231922858067
67.8000000000004    736.209632367971    69.6565143758645    0.0946150543450767
67.9000000000004    743.207936304988    70.312610986072    0.0946069162496376
68.0000000000004    750.272154565185    70.9748289889206    0.0945987779995028
68.1000000000004    757.402902102772    71.6432249407726    0.0945906395946861
68.2000000000004    764.60079955334    72.3178559152698    0.0945825010352017
68.3000000000004    771.866473285826    72.9987795080153    0.0945743623210636
68.4000000000004    779.200555454943    73.6860538412971    0.0945662234522855
68.5000000000004    786.603684054085    74.3797375688549    0.0945580844288808
68.6000000000004    794.076502968714    75.0798898806884    0.0945499452508626
68.7000000000004    801.619662030223    75.7865705079094    0.0945418059182437
68.8000000000004    809.233817070296    76.4998397276377    0.0945336664310365
68.9000000000004    816.91962997575    77.21975836794    0.0945255267892536
69.0000000000004    824.677768743884    77.9463878128136    0.0945173869929081
69.1000000000003    832.508907538313    78.6797900072151    0.0945092470420134
69.2000000000003    840.413726745327    79.4200274621325    0.0945011069365832
69.3000000000003    848.39291303074    80.167163259704    0.0944929666766315
69.4000000000003    856.447159397267    80.9212610583818    0.0944848262621723
69.5000000000003    864.577165242416    81.6823850981423    0.0944766856932194
69.6000000000003    872.783636416896    82.4506002057428    0.0944685449697859
69.7000000000003    881.067285283565    83.2259718000258    0.0944604040918852
69.8000000000003    889.428830776901    84.0085658972704    0.0944522630595303
69.9000000000003    897.868998463019    84.7984491165915    0.0944441218727346
70.0000000000003    906.388520600219    85.5956886853877    0.0944359805315113
70.1000000000003    914.988136200096    86.400352444837    0.094427839035874
70.2000000000003    923.668591089187    87.2125088554428    0.0944196973858363
70.3000000000003    932.430637971185    88.0322270026283    0.0944115555814124
70.4000000000003    941.275036489712    88.8595766023814    0.0944034136226161
70.5000000000003    950.202553291661    89.6946280069494    0.0943952715094609
70.6000000000003    959.213962091102    90.5374522105855    0.0943871292419601
70.7000000000003    968.310043733778    91.3881208553468    0.0943789868201269
70.8000000000003    977.491586262171    92.2467062369429    0.0943708442439744
70.9000000000002    986.759384981166    93.1132813106379    0.0943627015135155
71.0000000000002    996.114242524299    93.9879196972048    0.094354558628763
71.1000000000002    1005.55696892061    94.8706956889333    0.0943464155897305
71.2000000000002    1015.08838166209    95.7616842556906    0.0943382723964315
71.3000000000002    1024.70930577175    96.6609610510368    0.0943301290488798
71.4000000000002    1034.42057387229    97.5686024183941    0.0943219855470892
71.5000000000002    1044.22302625542    98.4846853972724    0.0943138418910735
71.6000000000002    1054.11751095175    99.4092877295487    0.0943056980808463
71.7000000000002    1064.10488380133    100.342487865804    0.0942975541164209
71.8000000000002    1074.18600852491    101.284364971717    0.0942894099978107
71.9000000000002    1084.36175679568    102.234998934513    0.0942812657250292
72.0000000000002    1094.63300831181    103.194470369472    0.0942731212980897
72.1000000000002    1105.00065086957    104.162860626497    0.0942649767170059
72.2000000000002    1115.46558043711    105.140251796732    0.0942568319817913
72.3000000000002    1126.02870122892    106.126726719253    0.0942486870924598
72.4000000000002    1136.69092578096    107.122368987806    0.0942405420490251
72.5000000000002    1147.45317502648    108.12726295761    0.0942323968515007
72.6000000000002    1158.31637837248    109.141493752223    0.0942242514999003
72.7000000000001    1169.28147377692    110.165147270464    0.0942161059942371
72.8000000000001    1180.34940782658    111.198310193405    0.0942079603345244
72.9000000000001    1191.52113581561    112.241069991414    0.0941998145207756
73.0000000000001    1202.79762182486    113.293514931269    0.094191668553004
73.1000000000001    1214.17983880186    114.355734083333    0.0941835224312228
73.2000000000001    1225.66876864153    115.427817328797    0.0941753761554454
73.3000000000001    1237.26540226762    116.509855366978    0.0941672297256858
73.4000000000001    1248.97073971492    117.60193972269    0.0941590831419577
73.5000000000001    1260.78579021216    118.704162753678    0.0941509364042748
73.6000000000001    1272.71157226566    119.81661765812    0.0941427895126506
73.7000000000001    1284.74911374378    120.939398482193    0.0941346424670987
73.8000000000001    1296.89945196209    122.072600127705    0.0941264952676325
73.9000000000001    1309.16363376932    123.216318359805    0.0941183479142657
74.0000000000001    1321.54271563406    124.370649814748    0.0941102004070118
74.1000000000001    1334.03776373227    125.535692007735    0.0941020527458842
74.2000000000001    1346.6498540356    126.711543340832    0.0940939049308967
74.3000000000001    1359.38007240044    127.898303110939    0.0940857569620632
74.4    1372.22951465779    129.096071517851    0.0940776088393971
74.5    1385.19928670401    130.304949672377    0.0940694605629123
74.6    1398.29050459227    131.525039604535    0.0940613121326222
74.7    1411.50429462491    132.756444271824    0.0940531635485403
74.8    1424.84179344663    133.999267567564    0.09404501481068
74.9    1438.30414813843    135.253614329314    0.0940368659190547
75    1451.89251631249    136.519590347359    0.0940287168736777
75.1    1465.6080662079    137.797302373285    0.0940205676745628
75.2    1479.45197678715    139.086858128614    0.0940124183217236
75.3    1493.42543783362    140.38836631353    0.0940042688151736
75.4    1507.52965004986    141.701936615671    0.0939961191549265
75.5    1521.76582515676    143.027679719009    0.0939879693409962
75.6    1536.13518599366    144.365707312802    0.0939798193733961
75.7    1550.63896661932    145.716132100631    0.09397166925214
75.8    1565.27841241378    147.079067809509    0.0939635189772415
75.9    1580.05478018122    148.454629199084    0.093955368548714
76    1594.9693382536    149.842932070909    0.0939472179665712
76.1    1610.0233665954    151.244093277807    0.0939390672308267
76.1999999999999    1625.21815690916    152.658230733312    0.0939309163414943
76.2999999999999    1640.55501274206    154.085463421194    0.0939227652985878
76.3999999999999    1656.0352495934    155.525911405073    0.0939146141021206
76.4999999999999    1671.66019502308    156.979695838113    0.0939064627521064
76.5999999999999    1687.43118876102    158.446938972808    0.0938983112485587
76.6999999999999    1703.34958281764    159.927764170848    0.0938901595914913
76.7999999999999    1719.41674159519    161.42229591308    0.0938820077809177
76.8999999999999    1735.63404200025    162.93065980955    0.0938738558168511
76.9999999999999    1752.0028735571    164.452982609643    0.0938657036993054
77.0999999999999    1768.52463852218    165.989392212301    0.0938575514282941
77.1999999999999    1785.20075199956    167.540017676346    0.0938493990038307
77.2999999999999    1802.03264205745    169.104989230881    0.0938412464259289
77.3999999999999    1819.02174984574    170.684438285795    0.0938330936946026
77.4999999999999    1836.16952971461    172.278497442352    0.0938249408098655
77.5999999999999    1853.47744933421    173.887300503878    0.0938167877717313
77.6999999999999    1870.94698981539    175.510982486542    0.0938086345802135
77.7999999999999    1888.57964583152    177.149679630238    0.0938004812353258
77.8999999999998    1906.37692574143    178.803529409551    0.0937923277370819
77.9999999999998    1924.34035171343    180.472670544836    0.0937841740854954
78.0999999999998    1942.4714598504    182.157243013379    0.0937760202805799
78.1999999999998    1960.7718003161    183.857388060673    0.0937678663223492
78.2999999999998    1979.24293746254    185.57324821178    0.0937597122108171
78.3999999999998    1997.88644995846    187.304967282803    0.0937515579459971
78.4999999999998    2016.7039309191    189.052690392457    0.093743403527903
78.5999999999998    2035.69698803695    190.816563973739    0.0937352489565482
78.6999999999998    2054.86724371384    192.596735785708    0.0937270942319465
78.7999999999998    2074.21633519409    194.393354925363    0.0937189393541116
78.8999999999998    2093.74591469892    196.206571839632    0.0937107843230569
78.9999999999998    2113.45764956202    198.036538337461    0.0937026291387958
79.0999999999998    2133.35322236641    199.883407602019    0.0936944738013424
79.1999999999998    2153.43433108242    201.747334202999    0.0936863183107101
79.2999999999998    2173.70268920701    203.62847410904    0.0936781626669129
79.3999999999998    2194.16002590423    205.526984700251    0.0936700068699646
79.4999999999998    2214.80808614706    207.443024780847    0.0936618509198785
79.5999999999998    2235.6486308604    209.376754591903    0.0936536948166684
79.6999999999997    2256.68343706544    211.328335824211    0.0936455385603481
79.7999999999997    2277.91429802524    213.29793163126    0.0936373821509312
79.8999999999997    2299.34302339169    215.285706642326    0.0936292255884313
79.9999999999997    2320.97143935371    217.29182697568    0.0936210688728623
80.0999999999997    2342.80138878683    219.316460251908    0.093612912004238
80.1999999999997    2364.83473140409    221.359775607356    0.093604754982572
80.2999999999997    2387.0733439083    223.421943707692    0.0935965978078781
80.3999999999997    2409.51912014563    225.50313676158    0.0935884404801698
80.4999999999997    2432.17397126062    227.603528534491    0.0935802829994608
80.5999999999997    2455.03982585253    229.723294362618    0.0935721253657648
80.6999999999997    2478.11863013314    231.86261116693    0.0935639675790955
80.7999999999997    2501.41234808591    234.021657467337    0.0935558096394665
80.8999999999997    2524.92296162661    236.200613396991    0.0935476515468915
80.9999999999997    2548.65247076531    238.399660716708    0.093539493301384
81.0999999999997    2572.60289376995    240.618982829516    0.0935313349029579
81.1999999999997    2596.77626733121    242.858764795337    0.0935231763516271
81.2999999999997    2621.17464672902    245.119193345795    0.093515017647405
81.3999999999997    2645.80010600037    247.400456899152    0.0935068587903056
81.4999999999996    2670.65473810885    249.702745575388    0.0934986997803425
81.5999999999996    2695.74065511545    252.026251211397    0.0934905406175296
81.6999999999996    2721.05998835112    254.37116737633    0.0934823813018804
81.7999999999996    2746.61488859072    256.737689387071    0.0934742218334085
81.8999999999996    2772.40752622854    259.126014323848    0.0934660622121278
81.9999999999996    2798.44009145549    261.536341045981    0.0934579024380522
82.0999999999996    2824.71479443774    263.96887020777    0.0934497425111953
82.1999999999996    2851.23386549704    266.423804274527    0.0934415824315706
82.2999999999996    2877.99955529264    268.901347538744    0.0934334221991921
82.3999999999996    2905.01413500479    271.401706136406    0.0934252618140734
82.4999999999996    2932.27989651992    273.92508806345    0.0934171012762283
82.5999999999996    2959.79915261748    276.471703192363    0.0934089405856703
82.6999999999996    2987.5742371584    279.041763288939    0.0934007797424131
82.7999999999996    3015.60750527527    281.635482029168    0.0933926187464705
82.8999999999996    3043.90133356423    284.253075016287    0.0933844575978563
82.9999999999996    3072.45812027853    286.894759797974    0.0933762962965844
83.0999999999996    3101.28028552382    289.560755883697    0.0933681348426681
83.1999999999995    3130.37027145526    292.251284762214    0.0933599732361215
83.2999999999995    3159.73054247627    294.966569919231    0.0933518114769582
83.3999999999995    3189.36358543911    297.706836855213    0.093343649565192
83.4999999999995    3219.27190984731    300.472313103348    0.0933354875008366
83.5999999999995    3249.45804805978    303.263228247681    0.0933273252839058
83.6999999999995    3279.92455549685    306.079813941394    0.0933191629144131
83.7999999999995    3310.67401084806    308.922303925261    0.0933110003923725
83.8999999999995    3341.7090162819    311.790934046252    0.093302837717798
83.9999999999995    3373.03219765731    314.685942276313    0.0932946748907032
84.0999999999995    3404.64620473716    317.6075687313    0.0932865119111017
84.1999999999995    3436.55371140357    320.556055690093    0.093278348779007
84.2999999999995    3468.75741587518    323.531647613869    0.0932701854944332
84.3999999999995    3501.26004092634    326.534591165544    0.0932620220573937
84.4999999999995    3534.06433410829    329.565135229396    0.0932538584679025
84.5999999999995    3567.17306797222    332.623530930852    0.0932456947259734
84.6999999999995    3600.58904029446    335.710031656448    0.09323753083162
84.7999999999995    3634.31507430351    338.824893073974    0.0932293667848562
84.8999999999995    3668.35401890925    341.96837315279    0.0932212025856955
84.9999999999994    3702.70874893407    345.14073218432    0.0932130382341518
85.0999999999994    3737.38216534612    348.342232802732    0.093204873730239
85.1999999999994    3772.37719549462    351.573140005794    0.0931967090739709
85.2999999999994    3807.69679334728    354.833721175916    0.0931885442653612
85.3999999999994    3843.3439397298    358.12424610138    0.0931803793044235
85.4999999999994    3879.32164256755    361.444986997752    0.0931722141911716
85.5999999999994    3915.63293712935    364.796218529486    0.0931640489256194
85.6999999999994    3952.28088627345    368.178217831718    0.0931558835077807
85.7999999999994    3989.26858069569    371.591264532248    0.093147717937669
85.8999999999994    4026.5991391799    375.035640773722    0.0931395522152985
85.9999999999994    4064.27570885044    378.511631236002    0.0931313863406827
86.0999999999994    4102.3014654271    382.019523158737    0.0931232203138354
86.1999999999994    4140.67961348219    385.559606364133    0.0931150541347703
86.2999999999994    4179.41338669992    389.13217327992    0.0931068878035011
86.3999999999994    4218.50604813817    392.737518962525    0.0930987213200416
86.4999999999994    4257.96089049243    396.375941120447    0.0930905546844057
86.5999999999994    4297.78123636226    400.047740137832    0.0930823878966073
86.6999999999993    4337.97043852    403.753219098269    0.09307422095666
86.7999999999993    4378.53188018191    407.49268380878    0.0930660538645775
86.8999999999993    4419.46897528175    411.266442824029    0.0930578866203738
86.9999999999993    4460.78516874672    415.074807470745    0.0930497192240625
87.0999999999993    4502.4839367759    418.918091872353    0.0930415516756575
87.1999999999993    4544.56878712119    422.796612973829    0.0930333839751724
87.2999999999993    4587.04325937067    426.710690566769    0.0930252161226212
87.3999999999993    4629.91092523454    430.660647314677    0.0930170481180177
87.4999999999993    4673.1753888336    434.646808778479    0.0930088799613755
87.5999999999993    4716.84028699024    438.669503442258    0.0930007116527085
87.6999999999993    4760.90928952205    442.72906273922    0.0929925431920307
87.7999999999993    4805.38609953808    446.825821077878    0.0929843745793557
87.8999999999993    4850.27445373763    450.960115868478    0.0929762058146973
87.9999999999993    4895.57812271178    455.132287549649    0.0929680368980693
88.0999999999993    4941.30091124756    459.342679615289    0.0929598678294854
88.1999999999993    4987.44665863484    463.591638641687    0.0929516986089595
88.2999999999993    5034.0192389759    467.879514314887    0.0929435292365054
88.3999999999993    5081.02256149781    472.206659458282    0.0929353597121367
88.4999999999992    5128.46057086755    476.573430060462    0.0929271900358673
88.5999999999992    5176.3372475099    480.9801853033    0.092919020207711
88.6999999999992    5224.65660792821    485.427287590285    0.0929108502276817
88.7999999999992    5273.42270502796    489.915102575105    0.0929026800957932
88.8999999999992    5322.63962844323    494.443999190476    0.0928945098120594
88.9999999999992    5372.31150486606    499.014349677232    0.0928863393764941
89.0999999999992    5422.44249837868    503.626529613663    0.0928781687891109
89.1999999999992    5473.03681078879    508.280917945116    0.0928699980499237
89.2999999999992    5524.0986819677    512.977897013848    0.0928618271589463
89.3999999999992    5575.63239019156    517.717852589152    0.0928536561161926
89.4999999999992    5627.64225248553    522.501173897735    0.0928454849216765
89.5999999999992    5680.13262497111    527.328253654368    0.0928373135754115
89.6999999999992    5733.10790321641    532.199488092806    0.0928291420774114
89.7999999999992    5786.57252258967    537.115276996981    0.0928209704276903
89.8999999999992    5840.5309586158    542.076023732456    0.0928127986262617
89.9999999999992    5894.98772733616    547.082135278173    0.0928046266731398
90.0999999999992    5949.94738567144    552.134022258462    0.0927964545683381
90.1999999999992    6005.41453178785    557.232098975341    0.0927882823118706
90.2999999999991    6061.39380546651    562.376783441099    0.0927801099037512
90.3999999999991    6117.88988847607    567.568497411153    0.0927719373439934
90.4999999999991    6174.90750494874    572.807666417209    0.0927637646326112
90.5999999999991    6232.45142175951    578.094719800704    0.0927555917696186
90.6999999999991    6290.52644890888    583.430090746539    0.0927474187550293
90.7999999999991    6349.13743990882    588.814216317111    0.0927392455888571
90.8999999999991    6408.2892921723    594.247537486645    0.0927310722711155
90.9999999999991    6467.98694740615    599.730499175824    0.0927228988018186
91.0999999999991    6528.23539200747    605.263550286723    0.0927147251809805
91.1999999999991    6589.0396574635    610.847143738042    0.0927065514086149
91.2999999999991    6650.40482075508    616.481736500659    0.0926983774847356
91.3999999999991    6712.33600476363    622.167789633487    0.0926902034093563
91.4999999999991    6774.83837868177    627.905768319644    0.092682029182491
91.5999999999991    6837.91715842756    633.696141902945    0.0926738548041534
91.6999999999991    6901.57760706236    639.539383924705    0.0926656802743574
91.7999999999991    6965.8250352125    645.435972160875    0.0926575055931168
91.8999999999991    7030.66480149454    651.386388659488    0.0926493307604454
91.999999999999    7096.1023129444    657.39111977845    0.0926411557763571
92.099999999999    7162.14302545023    663.450656223642    0.0926329806408657
92.199999999999    7228.79244418912    669.565493087377    0.0926248053539852
92.299999999999    7296.0561240677    675.736129887169    0.0926166299157293
92.399999999999    7363.93967016656    681.963070604863    0.0926084543261118
92.499999999999    7432.44873818867    688.246823726094    0.0926002785851468
92.599999999999    7501.58903491178    694.587902280094    0.092592102692848
92.699999999999    7571.36631864469    700.986823879843    0.0925839266492289
92.799999999999    7641.78639968775    707.444110762586    0.0925757504543038
92.899999999999    7712.85514079721    713.960289830681    0.0925675741080864
92.999999999999    7784.57845765388    720.535892692824    0.0925593976105907
93.099999999999    7856.96231933578    727.171455705621    0.0925512209618304
93.199999999999    7930.01274879501    733.867520015527    0.0925430441618194
93.299999999999    8003.73582333888    740.624631601158    0.0925348672105716
93.399999999999    8078.13767511524    747.44334131596    0.0925266901081006
93.499999999999    8153.22449160207    754.324204931263    0.0925185128544205
93.599999999999    8229.00251610149    761.2677831797    0.0925103354495451
93.699999999999    8305.47804823801    768.274641799013    0.0925021578934882
93.7999999999989    8382.65744446129    775.345351576241    0.0924939801862639
93.8999999999989    8460.54711855326    782.480488392281    0.0924858023278858
93.9999999999989    8539.15354213975    789.68063326686    0.0924776243183679
94.0999999999989    8618.48324520663    796.94637240388    0.0924694461577239
94.1999999999989    8698.54281662053    804.27829723717    0.0924612678459678
94.2999999999989    8779.33890465407    811.677004476629    0.0924530893831136
94.3999999999989    8860.87821751585    819.143096154779    0.092444910769175
94.4999999999989    8943.16752388502    826.677179673719    0.0924367320041658
94.5999999999989    9026.2136534506    834.27986785249    0.0924285530880999
94.6999999999989    9110.02349745552    841.951778974858    0.0924203740209913
94.7999999999989    9194.60400924557    849.693536837502    0.0924121948028538
94.8999999999989    9279.96220482302    857.505770798631    0.0924040154337013
94.9999999999989    9366.10516340529    865.389115827026    0.0923958359135476
95.0999999999989    9453.04002798843    873.344212551504    0.0923876562424065
95.1999999999989    9540.77400591559    881.371707310817    0.0923794764202922
95.2999999999989    9629.31436945059    889.472252203981    0.0923712964472185
95.3999999999989    9718.66845635639    897.64650514105    0.092363116323199
95.4999999999988    9808.8436704788    905.895129894328    0.0923549360482476
95.5999999999988    9899.84748233526    914.218796150031    0.0923467556223783
95.6999999999988    9991.68742970881    922.618179560394    0.092338575045605
95.7999999999988    10084.3711182473    931.093961796238    0.0923303943179416
95.8999999999988    10177.9062220681    939.646830599984    0.092322213439402
95.9999999999988    10272.3004843673    948.277479839144    0.09231403241
96.0999999999988    10367.5617180359    956.986609560265    0.0923058512297494
96.1999999999988    10463.6978062794    965.774926043351    0.0922976698986641
96.2999999999988    10560.7167032446    974.643141856754    0.0922894884167583
96.3999999999988    10658.6264346507    983.591975912546    0.0922813067840459
96.4999999999988    10757.4350984271    992.622153522362    0.0922731250005405
96.5999999999988    10857.1508653552    1001.73440645375    0.092264943066256
96.6999999999988    10957.7819797178    1010.929472987    0.0922567609812065
96.7999999999988    11059.3367599526    1020.20809797245    0.0922485787454058
96.8999999999988    11161.8235993123    1029.57103288833    0.0922403963588677
96.9999999999988    11265.2509665303    1039.01903589907    0.092232213821606
97.0999999999988    11369.6274064921    1048.55287191416    0.0922240311336347
97.1999999999988    11474.9615409131    1058.17331264743    0.0922158482949679
97.2999999999987    11581.2620690216    1067.88113667701    0.0922076653056192
97.3999999999987    11688.5377682485    1077.6771295056    0.0921994821656028
97.4999999999987    11796.7974949227    1087.56208362147    0.0921912988749324
97.5999999999987    11906.0501849728    1097.53679855984    0.0921831154336218
97.6999999999987    12016.3048546347    1107.60208096486    0.0921749318416852
97.7999999999987    12127.5706011658    1117.75874465214    0.0921667480991365
97.8999999999987    12239.8566035651    1128.00761067176    0.0921585642059895
97.9999999999987    12353.1721233001    1138.34950737191    0.092150380162258
98.0999999999987    12467.5265050395    1148.78527046303    0.0921421959679558
98.1999999999987    12582.9291773927    1159.31574308251    0.0921340116230971
98.2999999999987    12699.389653656    1169.94177585996    0.0921258271276957
98.3999999999987    12816.9175325647    1180.66422698307    0.0921176424817656
98.4999999999987    12935.5224990526    1191.483962264    0.0921094576853207
98.5999999999987    13055.2143250175    1202.40185520638    0.0921012727383748
98.6999999999987    13176.0028700939    1213.41878707286    0.0920930876409417
98.7999999999987    13297.8980824321    1224.5356469533    0.0920849023930357
98.8999999999987    13420.9099994846    1235.75333183348    0.0920767169946707
98.9999999999986    13545.0487487988    1247.07274666449    0.0920685314458602
99.0999999999986    13670.3245488175    1258.49480443262    0.0920603457466182
99.1999999999986    13796.7477096853    1270.02042622996    0.092052159896959
99.2999999999986    13924.3286340634    1281.65054132554    0.0920439738968964
99.3999999999986    14053.0778179504    1293.38608723715    0.0920357877464441
99.4999999999986    14183.0058515109    1305.22800980368    0.092027601445616
99.5999999999986    14314.1234199112    1317.17726325824    0.0920194149944262
99.6999999999986    14446.4413041625    1329.23481030176    0.0920112283928888
99.7999999999986    14579.9703819715    1341.40162217732    0.0920030416410173
99.8999999999986    14714.721628598    1353.67867874513    0.0919948547388257
99.9999999999986    14850.7061177205    1366.06696855808    0.0919866676863283
100.099999999999    14987.9350223096    1378.56748893805    0.0919784804835386
100.199999999999    15126.4196155081    1391.18124605279    0.0919702931304708
100.299999999999    15266.1712715202    1403.90925499353    0.0919621056271388
100.399999999999    15407.2014665069    1416.75253985323    0.0919539179735566
100.499999999999    15549.5217794908    1429.71213380553    0.091945730169738
100.599999999999    15693.143893268    1442.78907918433    0.0919375422156969
100.699999999999    15838.0795953277    1455.98442756417    0.0919293541114475
100.799999999999    15984.3407787808    1469.29923984117    0.0919211658570035
100.899999999999    16131.9394432959    1482.7345863148    0.0919129774523787
100.999999999999    16280.8876960437    1496.29154677023    0.0919047888975874
101.099999999999    16431.1977526499    1509.97121056153    0.0918966001926434
101.199999999999    16582.8819381561    1523.77467669549    0.0918884113375605
101.299999999999    16735.952687989    1537.70305391617    0.0918802223323527
101.399999999999    16890.4225489393    1551.75746079028    0.0918720331770341
101.499999999999    17046.3041801471    1565.93902579315    0.0918638438716187
101.599999999999    17203.6103540979    1580.24888739561    0.0918556544161203
101.699999999998    17362.3539576262    1594.68819415144    0.0918474648105529
101.799999999998    17522.5479929282    1609.25810478575    0.0918392750549305
101.899999999998    17684.2055785834    1623.95978828403    0.0918310851492669
101.999999999998    17847.339950585    1638.79442398196    0.0918228950935761
102.099999999998    18011.9644633798    1653.76320165605    0.0918147048878719
102.199999999998    18178.0925909162    1668.86732161506    0.0918065145321686
102.299999999998    18345.7379277028    1684.10799479214    0.0917983240264799
102.399999999998    18514.9141898747    1699.48644283788    0.09179013337082
102.499999999998    18685.6352162704    1715.00389821405    0.0917819425652026
102.599999999998    18857.9149695175    1730.66160428824    0.0917737516096419
102.699999999998    19031.767537128    1746.46081542927    0.0917655605041516
102.799999999998    19207.2071326033    1762.40279710343    0.0917573692487458
102.899999999998    19384.2480965487    1778.48882597158    0.0917491778434386
102.999999999998    19562.9048977976    1794.72018998707    0.0917409862882437
103.099999999998    19743.1921345461    1811.09818849448    0.0917327945831752
103.199999999998    19925.1245354965    1827.62413232927    0.0917246027282469
103.299999999998    20108.716961012    1844.29934391824    0.0917164107234729
103.399999999998    20293.9844042802    1861.12515738091    0.0917082185688672
103.499999999998    20480.9419924881    1878.10291863172    0.091700026264444
103.599999999998    20669.6049880065    1895.23398548313    0.0916918338102171
103.699999999998    20859.9887895848    1912.51972774965    0.0916836412062004
103.799999999998    21052.1089335565    1929.96152735273    0.0916754484524078
103.899999999998    21245.9810950553    1947.56077842654    0.0916672555488533
103.999999999998    21441.6210892418    1965.31888742474    0.0916590624955511
104.099999999998    21639.0448725403    1983.23727322805    0.091650869292515
104.199999999998    21838.2685438874    2001.3173672529    0.0916426759397589
104.299999999998    22039.3083459908    2019.56061356087    0.0916344824372968
104.399999999998    22242.1806665996    2037.96846896917    0.0916262887851428
104.499999999998    22446.9020397847    2056.54240316207    0.091618094983311
104.599999999998    22653.489147232    2075.28389880322    0.0916099010318151
104.699999999998    22861.9588195453    2094.19445164902    0.0916017069306692
104.799999999998    23072.3280375618    2113.27557066294    0.0915935126798874
104.899999999998    23284.6139336779    2132.52877813079    0.0915853182794835
104.999999999998    23498.8337931879    2151.95560977706    0.0915771237294715
105.099999999998    23715.0050556333    2171.55761488219    0.0915689290298654
105.199999999998    23933.1453161644    2191.33635640089    0.0915607341806792
105.299999999998    24153.2723269135    2211.2934110815    0.0915525391819269
105.399999999998    24375.4039983807    2231.4303695863    0.0915443440336226
105.499999999998    24599.5584008308    2251.74883661296    0.0915361487357803
105.599999999998    24825.7537657033    2272.25043101695    0.0915279532884138
105.699999999998    25054.0084870342    2292.93678593509    0.0915197576915373
105.799999999998    25284.3411228903    2313.80954891005    0.0915115619451648
105.899999999998    25516.7703968162    2334.87038201607    0.0915033660493103
105.999999999998    25751.3151992935    2356.12096198563    0.0914951700039875
106.099999999998    25987.9945892133    2377.56298033726    0.0914869738092106
106.199999999998    26226.8277953609    2399.19814350453    0.0914787774649936
106.299999999998    26467.8342179142    2421.028172966    0.0914705809713504
106.399999999998    26711.0334299541    2443.05480537641    0.0914623843282951
106.499999999998    26956.4451789895    2465.27979269895    0.0914541875358419
106.599999999998    27204.0893884939    2487.70490233868    0.0914459905940047
106.699999999998    27453.9861594572    2510.33191727711    0.0914377935027976
106.799999999998    27706.1557719494    2533.16263620791    0.0914295962622344
106.899999999998    27960.6186866988    2556.19887367379    0.0914213988723291
106.999999999998    28217.3955466841    2579.44246020464    0.0914132013330958
107.099999999998    28476.5071787397    2602.89524245672    0.0914050036445485
107.199999999998    28737.9745951755    2626.55908335316    0.0913968058067012
107.299999999998    29001.8189954104    2650.43586222565    0.0913886078195678
107.399999999998    29268.0617676206    2674.52747495727    0.0913804096831625
107.499999999998    29536.7244904018    2698.83583412669    0.0913722113974993
107.599999999998    29807.8289344459    2723.36286915345    0.0913640129625922
107.699999999998    30081.3970642325    2748.11052644463    0.0913558143784552
107.799999999998    30357.4510397349    2773.08076954271    0.0913476156451022
107.899999999998    30636.013218141    2798.27557927469    0.0913394167625472
107.999999999998    30917.1061555898    2823.69695390257    0.0913312177308045
108.099999999998    31200.7526089216    2849.34690927501    0.091323018549888
108.199999999998    31486.9755374448    2875.22747898041    0.0913148192198118
108.299999999998    31775.7981047176    2901.34071450121    0.0913066197405897
108.399999999998    32067.243680345    2927.68868536958    0.0912984201122359
108.499999999998    32361.3358417916    2954.27347932446    0.0912902203347645
108.599999999998    32658.0983762099    2981.09720246985    0.0912820204081894
108.699999999998    32957.5552822855    3008.16197943458    0.0912738203325246
108.799999999998    33259.7307720968    3035.46995353337    0.0912656201077842
108.899999999998    33564.6492729922    3063.02328692935    0.0912574197339822
108.999999999998    33872.3354294827    3090.82416079788    0.0912492192111326
109.099999999998    34182.8141051518    3118.87477549187    0.0912410185392495
109.199999999998    34496.1103845811    3147.17735070846    0.0912328177183469
109.299999999998    34812.2495752935    3175.73412565715    0.0912246167484389
109.399999999998    35131.2572097125    3204.5473592294    0.0912164156295397
109.499999999998    35453.1590471393    3233.61933016962    0.0912082143616631
109.599999999998    35777.9810757464    3262.95233724771    0.091200012944823
109.699999999998    36105.7495145889    3292.54869943302    0.0911918113790336
109.799999999998    36436.490815633    3322.41075606987    0.0911836096643091
109.899999999998    36770.2316658029    3352.54086705445    0.0911754078006635
109.999999999998    37106.9989890439    3382.94141301339    0.0911672057881108
110.099999999998    37446.8199484055    3413.61479548377    0.0911590036266649
110.199999999998    37789.7219481407    3444.56343709471    0.09115080131634
110.299999999998    38135.7326358245    3475.78978175049    0.0911425988571504
110.399999999998    38484.8799044908    3507.29629481526    0.0911343962491098
110.499999999998    38837.1918947875    3539.08546329936    0.0911261934922323
110.599999999998    39192.6969971506    3571.15979604718    0.0911179905865321
110.699999999998    39551.423853997    3603.52182392666    0.0911097875320231
110.799999999998    39913.401361936    3636.17410002044    0.0911015843287195
110.899999999998    40278.658674001    3669.11919981863    0.0910933809766352
110.999999999998    40647.2252018997    3702.3597214132    0.0910851774757842
111.099999999998    41019.1306182837    3735.89828569411    0.0910769738261807
111.199999999998    41394.4048590385    3769.73753654703    0.0910687700278388
111.299999999998    41773.0781255931    3803.88014105284    0.0910605660807724
111.399999999998    42155.1808872491    3838.32878968878    0.0910523619849958
111.499999999998    42540.7438835309    3873.08619653136    0.0910441577405228
111.599999999998    42929.7981265554    3908.15509946101    0.0910359533473678
111.699999999998    43322.3749034231    3943.53826036843    0.0910277488055449
111.799999999998    43718.5057786291    3979.23846536277    0.0910195441150677
111.899999999998    44118.2225964956    4015.25852498158    0.0910113392759507
111.999999999998    44521.5574836254    4051.60127440251    0.0910031342882075
112.099999999998    44928.5428513761    4088.26957365694    0.0909949291518525
112.199999999998    45339.2113983568    4125.26630784528    0.0909867238668998
112.299999999998    45753.5961129452    4162.59438735425    0.0909785184333636
112.399999999998    46171.7302758276    4200.25674807593    0.0909703128512577
112.499999999998    46593.6474625604    4238.25635162871    0.0909621071205962
112.599999999998    47019.3815461534    4276.59618558022    0.0909539012413933
112.699999999998    47448.9666996764    4315.27926367202    0.0909456952136631
112.799999999998    47882.4373988878    4354.30862604628    0.0909374890374195
112.899999999998    48319.8284248857    4393.68733947446    0.0909292827126766
112.999999999998    48761.1748667826    4433.41849758783    0.0909210762394486
113.099999999998    49206.5121244032    4473.50522111008    0.0909128696177495
113.199999999998    49655.8759110047    4513.95065809182    0.0909046628475934
113.299999999998    50109.3022560216    4554.75798414715    0.0908964559289948
113.399999999998    50566.8275078341    4595.93040269221    0.0908882488619675
113.499999999998    51028.48833656    4637.47114518581    0.0908800416465255
113.599999999998    51494.3217368713    4679.38347137212    0.0908718342826828
113.699999999998    51964.3650308345    4721.67066952535    0.0908636267704535
113.799999999998    52438.6558707763    4764.33605669667    0.0908554191098518
113.899999999998    52917.2322421738    4807.38297896313    0.0908472113008919
113.999999999998    53400.132466569    4850.81481167868    0.0908390033435877
114.099999999998    53887.3952045095    4894.63495972748    0.0908307952379535
114.199999999998    54379.0594585145    4938.84685777921    0.0908225869840032
114.299999999998    54875.1645760654    4983.45397054669    0.090814378581751
114.399999999998    55375.7502526238    5028.45979304564    0.0908061700312111
114.499999999998    55880.8565346745    5073.86785085662    0.0907979613323974
114.599999999998    56390.5238227951    5119.68170038934    0.090789752485324
114.699999999998    56904.7928747524    5165.90492914906    0.0907815434900051
114.799999999998    57423.7048086249    5212.54115600543    0.0907733343464548
114.899999999998    57947.3011059534    5259.59403146347    0.0907651250546871
114.999999999998    58475.6236149176    5307.067237937    0.0907569156147164
115.099999999998    59008.7145535408    5354.96449002428    0.0907487060265568
115.199999999998    59546.6165129225    5403.28953478612    0.0907404962902221
115.299999999998    60089.3724604981    5452.04615202629    0.0907322864057265
115.399999999998    60637.0257433277    5501.23815457434    0.0907240763730842
115.499999999998    61189.6200914129    5550.86938857086    0.0907158661923093
115.599999999998    61747.1996210419    5600.94373375511    0.0907076558634159
115.699999999998    62309.808838164    5651.4651037552    0.0906994453864181
115.799999999998    62877.492641793    5702.43744638064    0.0906912347613299
115.899999999998    63450.2963274401    5753.86474391747    0.0906830239881656
115.999999999998    64028.2655905764    5805.75101342587    0.0906748130669394
116.099999999998    64611.4465301253    5858.1003070403    0.0906666019976652
116.199999999998    65199.8856519845    5910.91671227223    0.0906583907803574
116.299999999998    65793.6298725797    5964.20435231542    0.0906501794150298
116.399999999998    66392.7265224476    6017.96738635383    0.0906419679016969
116.499999999998    66997.2233498505    6072.21000987215    0.0906337562403726
116.599999999998    67607.168524422    6126.93645496891    0.090625544431071
116.699999999998    68222.6106408443    6182.15099067242    0.0906173324738063
116.799999999998    68843.5987225565    6237.85792325921    0.0906091203685926
116.899999999998    69470.1822254961    6294.06159657534    0.0906009081154442
116.999999999998    70102.4110418716    6350.7663923603    0.0905926957143748
117.099999999998    70740.3355039682    6407.97673057387    0.0905844831653989
117.199999999998    71384.0063879863    6465.69706972555    0.0905762704685304
117.299999999998    72033.4749179133    6523.93190720694    0.0905680576237835
117.399999999998    72688.7927694277    6582.68577962687    0.0905598446311724
117.499999999998    73350.0120738386    6641.96326314947    0.0905516314907115
117.599999999998    74017.1854220576    6701.76897383502    0.0905434182024145
117.699999999998    74690.3658686056    6762.10756798376    0.0905352047662957
117.799999999998    75369.6069356544    6822.98374248264    0.0905269911823696
117.899999999998    76054.9626171022    6884.40223515498    0.09051877745065
117.999999999998    76746.4873826854    6946.36782511308    0.0905105635711509
118.099999999998    77444.2361821248    7008.88533311397    0.0905023495438866
118.199999999998    78148.2644493082    7071.95962191805    0.0904941353688713
118.299999999998    78858.6281065084    7135.59559665079    0.0904859210461192
118.399999999998    79575.3835686383    7199.7982051676    0.0904777065756443
118.499999999998    80298.5877475419    7264.57243842171    0.0904694919574608
118.599999999998    81028.2980563227    7329.92333083521    0.090461277191583
118.699999999998    81764.572413709    7395.85596067329    0.0904530622780249
118.799999999998    82507.4692484573    7462.3754504216    0.0904448472168006
118.899999999998    83257.0475037933    7529.48696716683    0.0904366320079244
118.999999999998    84013.3666418907    7597.19572298059    0.0904284166514104
119.099999999998    84776.4866483894    7665.50697530647    0.0904202011472729
119.199999999998    85546.468036952    7734.42602735038    0.090411985495526
119.299999999997    86323.3718538595    7803.95822847434    0.0904037696961838
119.399999999997    87107.2596826468    7874.10897459348    0.0903955537492603
119.499999999997    87898.1936487782    7944.88370857645    0.0903873376547698
119.599999999997    88696.2364243621    8016.28792064932    0.0903791214127266
119.699999999997    89501.451232908    8088.32714880275    0.0903709050231447
119.799999999997    90313.9018541227    8161.00697920273    0.0903626884860383
119.899999999997    91133.6526287486    8234.33304660482    0.0903544718014217
