0    1    0.0993577193170794    0.0993577193170794
0.1    1.00998434573746    0.100334868536884    0.0993429937407818
0.2    1.02006697370738    0.101322273019058    0.0993290397892283
0.3    1.03024880034127    0.1023189498637    0.0993147964159783
0.4    1.04053076368012    0.103325603769523    0.099300863920721
0.5    1.05091392109518    0.104342384518839    0.0992872797898628
0.6    1.06139924058388    0.105369111814306    0.0992737772794539
0.7    1.07198774345804    0.106406041074696    0.0992605015533569
0.8    1.08268044879882    0.107453209465853    0.0992473906636684
0.9    1.09347838535121    0.108510739690487    0.0992344623763506
1    1.10438259673692    0.10957875726025    0.0992217349168829
1.1    1.11539413680326    0.110657294683704    0.0992091414438037
1.2    1.12651405567366    0.111746468426092    0.0991966925430563
1.3    1.13774343048848    0.112846442934052    0.0991844381695115
1.4    1.14908334426047    0.113957252375159    0.0991723123865308
1.5    1.16053488096351    0.115079011660752    0.0991603212866896
1.6    1.17209914659262    0.116211848899565    0.0991484800901029
1.7    1.18377725074342    0.117355843199669    0.0991367616888803
1.8    1.19557031523256    0.118511121144375    0.0991251786987724
1.9    1.2074794749723    0.119677785927465    0.0991137227655238
2    1.21950587241805    0.120855929401231    0.0991023759168917
2.1    1.23165066085255    0.122045669782226    0.0990911413937344
2.2    1.2439150063745    0.123247134612939    0.0990800287651112
2.3    1.25630008777513    0.124460422267276    0.0990690229813572
2.4    1.26880709082795    0.125685630286003    0.0990581083559268
2.5    1.28143721383233    0.126922894079208    0.0990472983843084
2.6    1.29419166964379    0.128172326870066    0.0990365877608714
2.7    1.30707167920635    0.129434031674426    0.0990259629472028
2.8    1.32007847597868    0.130708138964275    0.0990154307813939
2.9    1.3332133069992    0.131994764170627    0.0990049855320755
3    1.3464774288128    0.133294017192655    0.0989946168723983
3.1    1.35987211043773    0.13460602819793    0.0989843288679558
3.2    1.37339863445239    0.135930922909818    0.098974121205543
3.3    1.3870582950197    0.137268818640172    0.0989639866853777
3.4    1.40085239818042    0.138619836526246    0.0989539202747556
3.5    1.41478226232495    0.139984104568878    0.0989439211224196
3.6    1.4288492190942    0.141361755431314    0.0989339907544116
3.7    1.44305461341121    0.142752914808144    0.0989241248955181
3.8    1.45739980205583    0.144157706381673    0.0989143172507105
3.9    1.47188615468754    0.14557626558442    0.0989045688899244
4    1.48651505517271    0.147008727267826    0.098894879507793
4.1    1.50128790014111    0.148455218446229    0.0988852427520899
4.2    1.51620609886196    0.149915874341147    0.0988756571113067
4.3    1.53127107500934    0.151390837285229    0.0988661248527183
4.4    1.546484266319    0.152880242262488    0.0988566425097743
4.5    1.56184712346184    0.154384222637665    0.0988472049015093
4.6    1.57736111084654    0.155902920295717    0.098837811597908
4.7    1.59302770752098    0.157436480079667    0.0988284631437234
4.8    1.60884840686247    0.158985044280066    0.0988191576048576
4.9    1.62482471637699    0.160548755392085    0.0988098923987778
5    1.64095815794089    0.162127758076914    0.0988006655089581
5.1    1.65725026799237    0.163722199534146    0.0987914756728219
5.2    1.67370259784772    0.165332229718073    0.0987823224572159
5.3    1.69031671393599    0.166957998815245    0.0987732047129054
5.4    1.70709419761076    0.168599656203188    0.0987641200111623
5.5    1.72403664517663    0.170257354237861    0.0987550669031272
5.6    1.74114566845834    0.171931249440302    0.0987460455233105
5.7    1.75842289506469    0.173621498059006    0.0987370549748323
5.8    1.77586996807014    0.175328254774738    0.0987280926684456
5.9    1.79348854601963    0.177051677346894    0.0987191569970337
5.99999999999999    1.81128030353952    0.178791928463896    0.0987102482782537
6.09999999999999    1.82924693171241    0.180549171672203    0.0987013664159518
6.19999999999999    1.84739013787396    0.182323568941667    0.0986925096133139
6.29999999999999    1.86571164550075    0.184115283503021    0.0986836759833835
6.39999999999999    1.88421319457456    0.185924482432599    0.098674864908044
6.49999999999999    1.90289654198727    0.187751335278545    0.098666076234743
6.59999999999999    1.92176346163027    0.189596012039338    0.0986573091979279
6.69999999999999    1.94081574439513    0.191458683584469    0.0986485626661783
6.79999999999999    1.96005519834716    0.193339522888933    0.0986398357821597
6.89999999999999    1.97948364897292    0.195238705004627    0.0986311279236526
6.99999999999999    1.99910293934809    0.197156406520769    0.0986224384148333
7.09999999999999    2.01891493027708    0.199092805660593    0.0986137665707736
7.19999999999999    2.03892150048021    0.201048082490099    0.0986051117920666
7.29999999999999    2.0591245467751    0.203022418649969    0.0985964734226168
7.39999999999999    2.0795259842102    0.205015997246705    0.0985878506945273
7.49999999999999    2.10012774622444    0.207029003367634    0.0985792429721601
7.59999999999999    2.12093178488373    0.209061624443967    0.0985706499067944
7.69999999999999    2.14194007111323    0.211114049755534    0.0985620711814834
7.79999999999999    2.16315459483484    0.213186469730829    0.0985535061802212
7.89999999999999    2.1845773650594    0.215279076109526    0.0985449540733812
7.99999999999999    2.20621041005674    0.217392062828134    0.0985364142228589
8.09999999999999    2.22805577762502    0.219525626479459    0.0985278863680246
8.19999999999999    2.25011553535263    0.221679965797799    0.0985193703678234
8.29999999999999    2.27239177078458    0.22385528089211    0.0985108658507508
8.39999999999999    2.29488659153106    0.226051773171285    0.0985023721893258
8.49999999999999    2.31760212541884    0.228269645955889    0.0984938887707636
8.59999999999999    2.34054052072223    0.230509104997449    0.0984854152092695
8.69999999999999    2.36370394641833    0.232770358394515    0.0984769512896176
8.79999999999998    2.38709459240114    0.235053616161628    0.0984684967700389
8.89999999999998    2.41071466965065    0.237359090004112    0.0984600512836754
8.99999999999998    2.43456641040196    0.239686993483516    0.098451614406338
9.09999999999998    2.45865206834736    0.242037542302658    0.0984431857677809
9.19999999999998    2.48297391886249    0.244410954405936    0.0984347650811841
9.29999999999998    2.50753425922855    0.246807449887641    0.0984263520944167
9.39999999999998    2.53233540884002    0.249227250900767    0.0984179465448179
9.49999999999998    2.5573797094087    0.251670581675995    0.0984095481598172
9.59999999999998    2.58266952517522    0.254137668588433    0.0984011566757431
9.69999999999998    2.60820724312638    0.256628740177345    0.0983927718373066
9.79999999999998    2.63399527321069    0.259144027125252    0.0983843933817583
9.89999999999998    2.66003604855144    0.261683762276779    0.0983760210389941
9.99999999999998    2.68633202566604    0.264248180731584    0.0983676545590327
10.1    2.71288568469775    0.266837519945606    0.0983592937405082
10.2    2.73969952965516    0.269452019747144    0.0983509384261051
10.3    2.76677608864718    0.272091922254856    0.0983425884629123
10.4    2.79411791410613    0.274757471784968    0.0983342436616048
10.5    2.82172758300417    0.277448914849968    0.0983259037906772
10.6    2.84960769707613    0.280166500269938    0.098317568610376
10.7    2.87776088305816    0.282910479321081    0.0983092379170972
10.8    2.90618979294034    0.285681105819683    0.0983009115625048
10.9    2.9348971042221    0.288478636099041    0.0982925894349209
11    2.96388552016015    0.291303328924102    0.0982842714209696
11.1    2.99315777000692    0.294155445430589    0.0982759573779195
11.2    3.02271660924627    0.297035249145828    0.0982676471347723
11.3    3.05256481983608    0.299943006080993    0.0982593405165102
11.4    3.08270521046247    0.302878984835642    0.098251037370584
11.5    3.11314061680321    0.305843456657002    0.0982427375770334
11.6    3.14387390179387    0.30883669543769    0.0982344410383222
11.7    3.17490795589075    0.311858977680104    0.0982261476593292
11.8    3.20624569732989    0.31491058247266    0.0982178573323039
11.9    3.23789007238528    0.317991791506782    0.0982095699353143
12    3.26984405563124    0.321102889131912    0.0982012853423136
12.1    3.30211065021166    0.324244162422676    0.0981930034361179
12.2    3.33469288811578    0.327415901230619    0.0981847241158152
12.3    3.36759383045779    0.330618398208628    0.0981764472955114
12.4    3.40081656775751    0.333851948815268    0.0981681728971962
12.5    3.43436422022084    0.337116851316195    0.0981599008431661
12.6    3.46823993802075    0.340413406797036    0.0981516310521766
12.7    3.50244690158025    0.343741919191741    0.0981433634401851
12.8    3.53698832185909    0.347102695320669    0.0981350979237124
12.9    3.57186744064438    0.350496044929097    0.0981268344230225
13    3.60708753084491    0.353922280719786    0.0981185728633771
13.1    3.64265189678834    0.357381718379043    0.0981103131743497
13.2    3.67856387452072    0.360874676600109    0.0981020552883909
13.3    3.71482683210836    0.364401477108509    0.0980937991399431
13.4    3.75144416994242    0.367962444691621    0.0980855446656609
13.5    3.78841932104669    0.371557907231328    0.0980772918053517
13.6    3.82575575138869    0.375188195736532    0.0980690405027411
13.7    3.86345696019399    0.378853644372622    0.098060790705327
13.8    3.90152648026321    0.382554590487197    0.0980525423632108
13.9    3.93996787829143    0.386291374633844    0.0980442954274439
14    3.97878475518998    0.390064340597103    0.0980360498487127
14.1    4.01798074641085    0.393873835421319    0.0980278055770065
14.2    4.05755952227425    0.397720209444209    0.0980195625623968
14.3    4.09752478829969    0.40160381633385    0.0980113207565242
14.4    4.13788028554102    0.405525013126374    0.0980030801140862
14.5    4.17862979092497    0.409484160261646    0.0979948405936682
14.6    4.21977711759334    0.413481621615359    0.0979866021575991
14.7    4.26132611524804    0.417517764527755    0.0979783647709516
14.8    4.3032806704989    0.421592959830616    0.0979701284001397
14.9    4.34564470721416    0.42570758187485    0.0979618930116713
15    4.38842218687387    0.429862008560573    0.0979536585714851
15.1    4.43161710892628    0.434056621370573    0.0979454250450213
15.2    4.47523351114798    0.438291805406791    0.0979371923978915
15.3    4.51927547000764    0.442567949428562    0.0979289605968221
15.4    4.56374710103369    0.446885445891037    0.0979207296105031
15.5    4.60865255918584    0.451244690982463    0.0979124994100617
15.6    4.65399603923018    0.455646084659643    0.0979042699690418
15.7    4.69978177611777    0.460090030681684    0.0978960412629496
15.8    4.74601404536652    0.464576936642764    0.0978878132685523
15.9    4.79269716344633    0.469107214004958    0.0978795859631643
16    4.83983548816751    0.473681278132099    0.0978713593241258
16.1    4.88743341907275    0.478299548325301    0.0978631333285856
16.2    4.93549539783257    0.482962447860297    0.0978549079535947
16.3    4.98402590864481    0.487670404026258    0.0978466831764242
16.4    5.03302947863783    0.492423848165543    0.0978384589749743
16.5    5.08251067827791    0.497223215713706    0.0978302353281386
16.6    5.13247412178057    0.502068946239271    0.097822012216029
16.7    5.18292446752577    0.506961483483015    0.0978137896200191
16.8    5.23386641847717    0.511901275396761    0.0978055675226237
16.9    5.28530472260512    0.516888774181905    0.0977973459072633
17    5.33724417331355    0.521924436328006    0.0977891247579885
17.1    5.38968960987072    0.527008722651787    0.0977809040592279
17.2    5.44264591784391    0.53214209833681    0.0977726837956082
17.3    5.49611802953808    0.537325032973954    0.0977644639518618
17.4    5.5501109244387    0.542558000602702    0.0977562445128199
17.5    5.60462962965863    0.547841479753156    0.097748025463464
17.6    5.65967922038933    0.553175953488583    0.097739806789002
17.7    5.71526482035634    0.558561909448351    0.097731588474937
17.8    5.771391602279    0.563999839891106    0.0977233705071051
17.9    5.82806478833456    0.569490241738106    0.0977151528716695
18    5.88528965062662    0.575033616616707    0.0977069355550719
18.1    5.94307151165791    0.58063047090404    0.0976987185439512
18.2    6.00141574480743    0.586281315770945    0.0976905018250418
18.3    6.0603277748121    0.591986667226249    0.0976822853850679
18.4    6.11981307825268    0.597747046161462    0.0976740692106448
18.5    6.17987718404439    0.603562978395932    0.0976658532881933
18.6    6.24052567393187    0.609434994722472    0.0976576376038679
18.7    6.30176418298888    0.615363630953458    0.0976494221434982
18.8    6.36359840012256    0.621349427967375    0.0976412068925356
18.9    6.42603406858236    0.627392931755766    0.0976329918360011
19    6.48907698647371    0.633494693470578    0.0976247769584301
19.1    6.55273300727647    0.639655269471866    0.0976165622438091
19.2    6.61700804036809    0.645875221375895    0.0976083476755103
19.3    6.68190805155165    0.652155116103629    0.0976001332362224
19.4    6.74743906358881    0.658495525929683    0.0975919189078891
19.5    6.81360715673759    0.664897028531792    0.0975837046716604
19.6    6.88041846929517    0.671360207040868    0.0975754905078676
19.7    6.94787919814576    0.677885650091728    0.0975672763960319
19.8    7.01599559931352    0.684473951874597    0.097559062314915
19.9    7.08477398852068    0.691125712187453    0.0975508482426214
20    7.15422074175101    0.69784153648931    0.0975426341567582
20.1    7.22434229581854    0.704622035954522    0.0975344200346594
20.2    7.29514514894191    0.71146782752815    0.0975262058536754
20.3    7.36663586132417    0.718379533982464    0.0975179915915286
20.4    7.4388210557384    0.725357783974567    0.097509777226731
20.5    7.51170741811909    0.732403212105145    0.0975015627390526
20.6    7.58530169815943    0.739516458978249    0.0974933481100287
20.7    7.65961070991474    0.746698171262004    0.0974851333234814
20.8    7.73464133241183    0.753949001750031    0.0974769183660301
20.9    7.81040051026474    0.76126960942336    0.0974687032275578
21    7.88689525429651    0.76866065951249    0.0974604879015923
21.1    7.96413264216724    0.77612282355928    0.0974522723855686
21.2    8.04211981900836    0.783656779478288    0.0974440566809308
21.3    8.1208639980629    0.791263211617244    0.097435840793047
21.4    8.20037246133181    0.798942810816388    0.0974276247309177
21.5    8.28065256022617    0.806696274466522    0.0974194085066755
21.6    8.36171171622511    0.814524306565789    0.0974111921348928
21.7    8.44355742153933    0.822427617775342    0.097402975631734
21.8    8.52619723978018    0.830406925474287    0.0973947590140075
21.9    8.60963880663419    0.838462953814393    0.097386542298187
22    8.69388983054306    0.846596433775198    0.097378325499475
22.1    8.77895809338923    0.854808103220208    0.0973701086309888
22.2    8.86485145118711    0.863098706954808    0.0973618917031294
22.3    8.95157783478019    0.871468996786471    0.0973536747231858
22.4    9.0391452505444    0.879919731587654    0.0973454576952019
22.5    9.12756178109773    0.888451677361597    0.0973372406201065
22.6000000000001    9.21683558601672    0.897065607311037    0.0973290234960919
22.7000000000001    9.30697490255993    0.905762301909626    0.097320806319193
22.8000000000001    9.39798804639864    0.914542548975662    0.0973125890840135
22.9000000000001    9.48988341235506    0.923407143747596    0.0973043717845252
23.0000000000001    9.58266947514816    0.932356888960653    0.0972961544148675
23.1000000000001    9.6763547901472    0.941392594923925    0.0972879369700751
23.2000000000001    9.77094799413295    0.950515079597271    0.0972797194466715
23.3000000000001    9.86645780606665    0.959725168667518    0.0972715018430835
23.4000000000001    9.96289302786645    0.969023695623561    0.0972632841598498
23.5000000000001    10.0602625451914    0.978411501830194    0.0972550663996198
23.6000000000001    10.1585753282325    0.98788943660067    0.0972468485669589
23.7000000000001    10.2578404325115    0.997458357268171    0.0972386306679911
23.8000000000001    10.3580669996861    1.0071191292565    0.0972304127099212
23.9000000000001    10.4592642583628    1.01687262615036    0.0972221947004836
24.0000000000001    10.5614415249162    1.0267197297657    0.0972139766473634
24.1000000000001    10.6646082043159    1.03666133022048    0.0972057585576325
24.2000000000001    10.7687737909603    1.04669832600639    0.0971975404372432
24.3000000000001    10.8739478695172    1.05683162406179    0.0971893222906094
24.4000000000001    10.9801401157727    1.06706213984642    0.0971811041203032
24.5000000000001    11.0873602974865    1.07739079741795    0.0971728859268867
24.6000000000001    11.1956182752562    1.08781852951083    0.0971646677088881
24.7000000000001    11.3049240033887    1.09834627761741    0.0971564494629224
24.8000000000001    11.4152875307797    1.10897499207143    0.0971482311839478
24.9000000000001    11.5267190018029    1.11970563213374    0.0971400128656389
25.0000000000001    11.6392286572065    1.13053916608016    0.0971317945008482
25.1000000000001    11.752826835019    1.141476571291    0.0971235760821242
25.2000000000001    11.8675239714647    1.15251883434198    0.0971153576022432
25.3000000000001    11.9833306018874    1.16366695109613    0.0971071390547174
25.4000000000001    12.1002573616839    1.1749219267959    0.0970989204342339
25.5000000000001    12.2183149872466    1.18628477615536    0.0970907017369909
25.6000000000001    12.337514316915    1.19775652345172    0.0970824829608973
25.7000000000001    12.4578662919369    1.20933820261591    0.0970742641056138
25.8000000000001    12.5793819574381    1.22103085732189    0.0970660451724258
25.9000000000001    12.7020724634013    1.23283554107476    0.0970578261639546
26.0000000000001    12.8259490656531    1.24475331729755    0.0970496070837289
26.1000000000001    12.9510231268608    1.25678525941731    0.0970413879356526
26.2000000000001    13.0773061175366    1.26893245095075    0.0970331687234207
26.3000000000001    13.2048096170509    1.28119598559042    0.0970249494499379
26.4000000000001    13.3335453146546    1.29357696729201    0.0970167301168025
26.5000000000001    13.4635250105093    1.3060765103637    0.0970085107239152
26.6000000000001    13.5947606167274    1.31869573955833    0.0970002912692536
26.7000000000001    13.727264158421    1.33143579016894    0.0969920717488462
26.8000000000001    13.8610477747612    1.3442978081279    0.0969838521569529
26.9000000000001    13.9961237200466    1.35728295010994    0.0969756324864372
27.0000000000001    14.1325043647832    1.37039238363849    0.096967412729295
27.1000000000001    14.2702021967743    1.38362728719493    0.0969591928772875
27.2000000000001    14.4092298222221    1.39698885033002    0.0969509729226168
27.3000000000001    14.5495999668403    1.41047827377652    0.0969427528585746
27.4000000000001    14.6913254769775    1.42409676956207    0.0969345326801012
27.5000000000001    14.8344193207527    1.4378455611215    0.0969263123842007
27.6000000000001    14.9788945892018    1.4517258834077    0.0969180919701677
27.7000000000001    15.1247644974342    1.46573898300066    0.0969098714396057
27.8000000000001    15.2720423858019    1.47988611821423    0.0969016507962324
27.9000000000001    15.4207417210771    1.49416855920081    0.0968934300454936
28.0000000000001    15.570876097642    1.50858758805427    0.0968852091940232
28.1000000000001    15.7224592386879    1.52314449891189    0.0968769882490088
28.2000000000001    15.8755049974244    1.53784059805621    0.0968687672175281
28.3000000000001    16.0300273582992    1.55267720401782    0.0968605461059275
28.4000000000001    16.186040438228    1.56765564768028    0.0968523249193059
28.5000000000001    16.3435584878352    1.5827772723881    0.096844103661157
28.6000000000001    16.5025958927056    1.59804343405845    0.0968358823332039
28.7000000000001    16.6631671746469    1.61345550129716    0.0968276609354334
28.8000000000001    16.825286992965    1.62901485551888    0.0968194394663225
28.9000000000001    16.9889701457507    1.64472289107134    0.0968112179232191
29.0000000000001    17.1542315711793    1.66058101536279    0.0968029963028317
29.1000000000001    17.3210863488233    1.67659064899206    0.0967947746017653
29.2000000000001    17.4895497009777    1.69275322587991    0.0967865528170391
29.3000000000001    17.6596369939992    1.70907019340083    0.0967783309465291
29.4000000000001    17.8313637396579    1.72554301251423    0.0967701089892822
29.5000000000001    18.0047455965021    1.74217315789429    0.0967618869456703
29.6000000000002    18.1797983712367    1.75896211805798    0.0967536648173686
29.7000000000002    18.3565380201137    1.77591139549112    0.0967454426071635
29.8000000000002    18.534980650335    1.79302250677275    0.0967372203186165
29.9000000000002    18.7151425214682    1.81029698269835    0.0967289979556262
30.0000000000002    18.8970400468746    1.8277363684029    0.0967207755219413
30.1000000000002    19.0806897951488    1.84534222348454    0.0967125530206833
30.2000000000002    19.2661084915715    1.86311612213034    0.096704330453937
30.3000000000002    19.4533130195749    1.88105965324484    0.0966961078224582
30.4000000000002    19.6423204222205    1.89917442058258    0.0966878851255338
30.5000000000002    19.8331479036914    1.91746204288489    0.0966796623610117
30.6000000000002    20.0258128307975    1.93592415402138    0.0966714395254978
30.7000000000002    20.2203327344957    1.9545624031358    0.0966632166146968
30.8000000000002    20.4167253114246    1.97337845479573    0.096654993623854
30.9000000000002    20.6150084254548    1.99237398914512    0.0966467705482473
31.0000000000002    20.8152001092537    2.01155070205864    0.0966385473836677
31.1000000000002    21.0173185658665    2.03091030529658    0.0966303241268328
31.2000000000002    21.221382170313    2.05045452665933    0.0966221007756861
31.3000000000002    21.4274094711984    2.07018511014035    0.0966138773295475
31.4000000000002    21.6354191923411    2.09010381607736    0.0966056537891003
31.5000000000002    21.8454302344139    2.11021242130141    0.0965974301562218
31.6000000000002    22.0574616766013    2.13051271928428    0.0965892064336821
31.7000000000002    22.2715327782707    2.15100652028474    0.0965809826247511
31.8000000000002    22.4876629806583    2.17169565149495    0.0965727587327695
31.9000000000002    22.7058719085697    2.19258195718801    0.0965645347607407
32.0000000000002    22.9261793720959    2.21366729886809    0.0965563107109948
32.1000000000002    23.1486053683433    2.23495355542403    0.0965480865849665
32.2000000000002    23.3731700831807    2.25644262328731    0.0965398623831108
32.3000000000002    23.5998938930008    2.27813641659462    0.0965316381049603
32.4000000000002    23.8287973664996    2.30003686735507    0.0965234137493083
32.5000000000002    24.0599012664718    2.32214592562135    0.0965151893144851
32.6000000000002    24.2932265516239    2.3444655596641    0.0965069647986871
32.7000000000002    24.5287943784046    2.36699775614843    0.0964987402003072
32.8000000000002    24.7666261028536    2.38974452031143    0.0964905155182233
32.9000000000002    25.0067432824669    2.41270787613964    0.0964822907520017
33.0000000000002    25.2491676780815    2.43588986654566    0.0964740659019911
33.1000000000002    25.4939212557761    2.45929255354342    0.0964658409692951
33.2000000000002    25.7410261887902    2.48291801842214    0.0964576159556299
33.3000000000002    25.9905048594605    2.5067683619191    0.0964493908630883
33.4000000000002    26.242379861174    2.53084570439237    0.0964411656938477
33.5000000000002    26.496674000339    2.5551521859941    0.0964329404498621
33.6000000000002    26.7534102983728    2.57968996684574    0.0964247151325839
33.7000000000002    27.0126119937081    2.6044612272164    0.0964164897427558
33.8000000000002    27.2743025438161    2.62946816770509    0.0964082642803005
33.9000000000002    27.5385056272491    2.65471300942757    0.0964000387443228
34.0000000000002    27.8052451457016    2.68019799420796    0.0963918131332241
34.1000000000002    28.0745452260907    2.70592538477493    0.0963835874449078
34.2000000000002    28.3464302226566    2.73189746496179    0.09637536167705
34.3000000000002    28.6209247190831    2.75811653990946    0.0963671358273928
34.4000000000002    28.8980535306385    2.78458493627137    0.0963589098940202
34.5000000000002    29.1778417063374    2.81130500241898    0.0963506838755784
34.6000000000002    29.4603145311223    2.83827910864717    0.0963424577714123
34.7000000000002    29.7454975280668    2.86550964737868    0.0963342315815996
34.8000000000002    30.033416460598    2.89299903336742    0.0963260053068838
34.9000000000002    30.3240973347403    2.92074970390089    0.096317778948519
35.0000000000002    30.6175664013782    2.94876411900229    0.0963095525080514
35.1000000000002    30.9138501585407    2.97704476163325    0.0963013259870761
35.2000000000002    31.2129753537049    3.00559413789837    0.0962930993870026
35.3000000000002    31.5149689861204    3.03441477725249    0.0962848727088669
35.4000000000002    31.8198583091554    3.06350923271198    0.0962766459532138
35.5000000000002    32.1276708326628    3.09288008107032    0.0962684191200665
35.6000000000002    32.4384343253694    3.1225299231185    0.0962601922089821
35.7000000000002    32.7521768172865    3.15246138386993    0.096251965219181
35.8000000000002    33.0689266021434    3.18267711278912    0.0962437381497236
35.9000000000002    33.3887122398443    3.21317978402356    0.0962355109997061
36.0000000000002    33.7115625589481    3.24397209663743    0.0962272837684405
36.1000000000002    34.0375066591718    3.27505677484643    0.0962190564555916
36.2000000000002    34.3665739139174    3.30643656825268    0.0962108290612489
36.3000000000002    34.6987939728223    3.33811425207946    0.0962026015859231
36.4000000000002    35.0341967643333    3.37009262740543    0.0961943740304719
36.5000000000002    35.3728124983034    3.40237452139889    0.0961861463959666
36.6000000000003    35.7146716686131    3.43496278755265    0.0961779186835247
36.7000000000003    36.0598050558139    3.46786030592041    0.0961696908941354
36.8000000000003    36.4082437297971    3.50106998335566    0.0961614630285044
36.9000000000003    36.7600190524851    3.53459475375419    0.0961532350869455
37.0000000000003    37.115162680548    3.56843757830075    0.0961450070693337
37.1000000000003    37.4737065681452    3.60260144572051    0.0961367789751261
37.2000000000003    37.8356829696921    3.6370893725352    0.0961285508034479
37.3000000000003    38.2011244426523    3.6719044033237    0.0961203225532269
37.4000000000003    38.5700638503568    3.70704961098629    0.0961120942233544
37.5000000000003    38.9425343648495    3.74252809701169    0.0961038658128472
37.6000000000003    39.3185694697592    3.77834299174586    0.0960956373209833
37.7000000000003    39.6982029631987    3.8144974546618    0.0960874087473919
37.8000000000003    40.0814689606915    3.85099467462953    0.0960791800920833
37.9000000000003    40.4684018981246    3.88783787018624    0.0960709513554181
38.0000000000003    40.8590365347288    3.92503028980655    0.0960627225380218
38.1000000000003    41.2534079560859    3.96257521217353    0.096054493640663
38.2000000000003    41.6515515771635    4.00047594645138    0.0960462646641175
38.3000000000003    42.0535031453762    4.03873583256051    0.09603803560904
38.4000000000003    42.4592987436756    4.0773582414562    0.0960298064758672
38.5000000000003    42.8689747936674    4.11634657541147    0.0960215772647667
38.6000000000003    43.2825680587579    4.15570426830463    0.0960133479756352
38.7000000000003    43.7001156473284    4.19543478591154    0.0960051186081479
38.8000000000003    44.1216550159402    4.23554162620238    0.0959968891618451
38.9000000000003    44.5472239725688    4.27602831964219    0.0959886596362385
39.0000000000003    44.9768606798686    4.31689842949452    0.0959804300309189
39.1000000000003    45.4106036584677    4.35815555212713    0.0959722003456447
39.2000000000003    45.848491790294    4.39980331731927    0.0959639705803953
39.3000000000003    46.2905643219316    4.44184538856978    0.0959557407353818
39.4000000000003    46.736860868008    4.48428546340605    0.095947510811014
39.5000000000003    47.1874214146128    4.52712727369394    0.0959392808078298
39.6000000000003    47.6422863227468    4.57037458594919    0.0959310507264019
39.7000000000003    48.1014963318026    4.6140312016512    0.0959228205672389
39.8000000000003    48.565092563077    4.65810095755996    0.0959145903306979
39.9000000000003    49.0331165233146    4.70258772603688    0.0959063600169256
40.0000000000003    49.5056101082844    4.7474954153704    0.0958981296258368
40.1000000000003    49.9826156063887    4.79282797010635    0.0958898991571328
40.2000000000003    50.4641757023057    4.83858937138328    0.0958816686103565
40.3000000000003    50.9503334806654    4.88478363727225    0.0958734379849727
40.4000000000003    51.4411324297601    4.9314148231205    0.095865207280459
40.5000000000003    51.9366164452895    4.9784870218982    0.0958569764963912
40.6000000000003    52.4368298341398    5.02600436454754    0.0958487456325074
40.7000000000003    52.941817318199    5.07397102033351    0.0958405146887413
40.8000000000003    53.4516240382065    5.12239119719611    0.0958322836652203
40.9000000000003    53.9662955576382    5.17126914210383    0.0958240525622276
41.0000000000003    54.4858778666272    5.2206091414089    0.0958158213801405
41.1000000000003    55.01041738592    5.27041552120491    0.0958075901193558
41.2000000000003    55.5399609708682    5.32069264768745    0.0957993587802169
41.3000000000003    56.0745559154575    5.37144492751875    0.0957911273629555
41.4000000000003    56.614249956372    5.42267680819685    0.0957828958676601
41.5000000000003    57.1590912770968    5.47439277842974    0.0957746642942745
41.6000000000003    57.7091285120579    5.52659736851455    0.0957664326426244
41.7000000000003    58.2644107507997    5.57929515072161    0.0957582009124674
41.8000000000003    58.8249875422022    5.63249073968277    0.0957499691035532
41.9000000000003    59.3909088987363    5.68618879278337    0.0957417372156828
42.0000000000003    59.9622253007589    5.74039401055726    0.0957335052487554
42.1000000000003    60.5389877008477    5.7951111370842    0.0957252732027934
42.2000000000003    61.1212475281757    5.8503449603894    0.095717041077941
42.3000000000003    61.7090566929256    5.9061003128451    0.0957088088744383
42.4000000000003    62.3024675907448    5.96238207157459    0.0957005765925765
42.5000000000003    62.9015331072405    6.01919515885904    0.0956923442326427
42.6000000000003    63.5063066225166    6.07654454254794    0.0956841117948663
42.7000000000003    64.1168420157501    6.13443523647382    0.0956758792793773
42.8000000000003    64.7331936698113    6.19287230087189    0.0956676466861848
42.9000000000003    65.3554164759245    6.25186084280489    0.0956594140151786
43.0000000000003    65.9835658383723    6.31140601659332    0.0956511812661534
43.1000000000003    66.6176976792432    6.37151302425077    0.0956429484388503
43.2000000000003    67.2578684432225    6.43218711592396    0.0956347155330065
43.3000000000003    67.904135102428    6.49343359033683    0.0956264825484046
43.4000000000003    68.5565551612898    6.55525779523817    0.0956182494849094
43.5000000000003    69.2151866614756    6.61766512785209    0.0956100163424887
43.6000000000003    69.8800881868602    6.68066103533139    0.0956017831212121
43.7000000000004    70.5513188685419    6.74425101521353    0.0955935498212312
43.8000000000004    71.2289383899029    6.80844061587964    0.0955853164427447
43.9000000000004    71.9130069917178    6.87323543701704    0.095577082985956
44.0000000000004    72.6035854773063    6.93864113008598    0.0955688494510342
44.1000000000004    73.300735217735    7.00466339879103    0.0955606158380832
44.2000000000004    74.0045181570645    7.07130799955797    0.0955523821471289
44.3000000000004    74.7149968176466    7.13858074201609    0.0955441483781214
44.4000000000004    75.4322343054678    7.20648748948614    0.095535914530955
44.5000000000004    76.1562943155438    7.27503415947367    0.0955276806054993
44.6000000000004    76.8872411373625    7.3442267241672    0.0955194466016334
44.7000000000004    77.6251396603772    7.41407121094085    0.095511212519277
44.8000000000004    78.3700553795507    7.48457370286074    0.0955029783584115
44.9000000000004    79.1220544009494    7.55574033919507    0.0954947441190861
45.0000000000004    79.8812034473897    7.62757731592759    0.0954865098014098
45.1000000000004    80.6475698641349    7.70009088627458    0.0954782754055299
45.2000000000004    81.4212216246446    7.77328736120581    0.0954700409316015
45.3000000000004    82.2022273363761    7.84717310996993    0.0954618063797573
45.4000000000004    82.9906562466386    7.9217545606249    0.0954535717500819
45.5000000000004    83.786578248501    7.99703820057404    0.0954453370425962
45.6000000000004    84.5900638867534    8.07303057710791    0.0954371022572561
45.7000000000004    85.4011843639226    8.14973829795227    0.0954288673939643
45.8000000000004    86.2200115463438    8.227168031822    0.095420632452593
45.9000000000004    87.046617970287    8.30532650898046    0.0954123974330105
46.0000000000004    87.8810768481399    8.3842205218042    0.0954041623351098
46.1000000000004    88.7234620746479    8.4638569253522    0.0953959271588286
46.2000000000004    89.5738482332104    8.54424263793946    0.0953876919041601
46.3000000000004    90.4323106022357    8.62538464171482    0.0953794565711514
46.4000000000004    91.2989251615533    8.70728998324285    0.0953712211598911
46.5000000000004    92.1737685988843    8.78996577409027    0.0953629856704879
46.6000000000004    93.0569183163714    8.87341919141728    0.0953547501030473
46.7000000000004    93.9484524371678    8.95765747857434    0.0953465144576508
46.8000000000004    94.8484498120862    9.04268794570488    0.0953382787343415
46.9000000000004    95.7569900263087    9.12851797035426    0.095330042933119
47.0000000000004    96.6741534061571    9.21515499808521    0.0953218070539452
47.1000000000004    97.6000210259258    9.30260654309972    0.0953135710967586
47.2000000000004    98.534674714777    9.39088018886707    0.0953053350614932
47.3000000000004    99.4781970636992    9.47998358875764    0.0952970989480971
47.4000000000004    100.430671432529    9.56992446668219    0.0952888627565481
47.5000000000004    101.392181957036    9.66071061773611    0.0952806264868605
47.6000000000004    102.362813556076    9.75234990884876    0.0952723901390839
47.7000000000004    103.342651938805    9.84485027943772    0.0952641537132933
47.8000000000004    104.331783611963    9.93821974206837    0.095255917209574
47.9000000000004    105.330295887219    10.0324663831189    0.0952476806280032
48.0000000000004    106.338276888587    10.1275983634517    0.0952394439686346
48.1000000000004    107.355815559909    10.2236239190912    0.0952312072314889
48.2000000000004    108.383001672405    10.3205513619085    0.095222970416551
48.3000000000004    109.419925832291    10.4183890803129    0.0952147335237757
48.4000000000004    110.466679488468    10.5171455399512    0.0952064965530997
48.5000000000004    111.523354940281    10.6168292844126    0.0951982595044576
48.6000000000004    112.59004534535    10.7174489359411    0.0951900223777971
48.7000000000004    113.66684472747    10.819013196153    0.0951817851730902
48.8000000000004    114.753847984581    10.9215308467613    0.0951735478903394
48.9000000000004    115.851150896822    11.0250107503049    0.0951653105295764
49.0000000000004    116.958850134642    11.1294618508843    0.0951570730908536
49.1000000000004    118.077043266999    11.2348931749031    0.0951488355742321
49.2000000000004    119.205828769623    11.3413138318159    0.095140597979769
49.3000000000004    120.345306033362    11.4487330148828    0.0951323603075057
49.4000000000004    121.495575372599    11.5571600019323    0.0951241225574608
49.5000000000004    122.656738033748    11.6666041561304    0.0951158847296295
49.6000000000004    123.828896203825    11.7770749267578    0.095107646823989
49.7000000000004    125.0121530191    11.8885818499954    0.095099408840507
49.8000000000004    126.206612573824    12.001134549716    0.0950911707791533
49.9000000000004    127.412379929043    12.1147427382838    0.0950829326399097
50.0000000000004    128.629561121481    12.2294162173607    0.0950746944227769
50.1000000000004    129.858263172515    12.3451648787191    0.0950664561277758
50.2000000000004    131.098594097225    12.4619987050611    0.0950582177549447
50.3000000000004    132.350662913527    12.5799277708453    0.0950499793043309
50.4000000000004    133.614579651394    12.6989622431195    0.0950417407759814
50.5000000000004    134.890455362151    12.8191123823623    0.0950335021699332
50.6000000000004    136.178402127866    12.9403885433311    0.0950252634862063
50.7000000000005    137.478533070818    13.0628011759192    0.0950170247248007
50.8000000000005    138.79096236305    13.1863608260212    0.0950087858856992
50.9000000000005    140.115805236022    13.3110781364061    0.0950005469688727
51.0000000000005    141.453177990331    13.4369638475995    0.0949923079742891
51.1000000000005    142.803198005542    13.5640287987732    0.0949840689019225
51.2000000000005    144.165983750086    13.6922839286431    0.0949758297517597
51.3000000000005    145.54165479127    13.8217402763742    0.0949675905238044
51.4000000000005    146.930331805361    13.9524089824938    0.0949593512180764
51.5000000000005    148.332136587769    14.0843012898115    0.0949511118346071
51.6000000000005    149.747192063323    14.217428544348    0.0949428723734327
51.7000000000005    151.175622296639    14.3518021962715    0.0949346328345865
51.8000000000005    152.617552502578    14.4874338008426    0.0949263932180928
51.9000000000005    154.073109056807    14.6243350193684    0.0949181535239633
52.0000000000005    155.542419506451    14.7625176201654    0.0949099137521972
52.1000000000005    157.02561258084    14.9019934795318    0.0949016739027839
52.2000000000005    158.522818202358    15.0427745827287    0.0948934339757088
52.3000000000005    160.034167497386    15.1848730249705    0.0948851939709597
52.4000000000005    161.559792807352    15.328301012424    0.0948769538885328
52.5000000000005    163.099827699871    15.4730708632161    0.094868713728435
52.6000000000005    164.654406979995    15.6191950084501    0.0948604734906842
52.7000000000005    166.223666701561    15.7666859932309    0.0948522331753069
52.8000000000005    167.807744178641    15.9155564776986    0.0948439927823327
52.9000000000005    169.4067779971    16.0658192380711    0.0948357523117883
53.0000000000005    171.020908026255    16.2174871676972    0.0948275117636933
53.1000000000005    172.65027543064    16.370573278118    0.0948192711380564
53.2000000000005    174.295022681879    16.525090700139    0.094811030434876
53.3000000000005    175.955293570668    16.6810526849128    0.0948027896541421
53.4000000000005    177.631233218861    16.8384726050307    0.0947945487958406
53.5000000000005    179.322988091674    16.9973639556252    0.0947863078599592
53.6000000000005    181.030706009987    17.157740355482    0.0947780668464911
53.7000000000005    182.75453616277    17.3196155481617    0.0947698257554382
53.8000000000005    184.494629119619    17.4830034031314    0.0947615845868125
53.9000000000005    186.251136843397    17.6479179169056    0.0947533433406329
54.0000000000005    188.024212703    17.8143732141972    0.094745102016922
54.1000000000005    189.814011486236    17.9823835490788    0.0947368606157021
54.2000000000005    191.620689412816    18.1519633061543    0.0947286191369909
54.3000000000005    193.444404147467    18.3231270017408    0.0947203775807995
54.4000000000005    195.285314813164    18.4958892850627    0.0947121359471313
54.5000000000005    197.143582004479    18.6702649394553    0.0947038942359842
54.6000000000005    199.019367801055    18.8462688835808    0.094695652447354
54.7000000000005    200.912835781196    19.0239161726548    0.0946874105812374
54.8000000000005    202.824151035586    19.2032219996834    0.094679168637635
54.9000000000005    204.753480181132    19.3842016967121    0.0946709266165542
55.0000000000005    206.700991374928    19.5668707360844    0.0946626845180084
55.1000000000005    208.666854328349    19.7512447317125    0.0946544423420158
55.2000000000005    210.651240321271    19.9373394403579    0.0946462000885959
55.3000000000005    212.654322216421    20.1251707629241    0.0946379577577665
55.4000000000005    214.676274473856    20.3147547457608    0.0946297153495407
55.5000000000005    216.717273165573    20.5061075819803    0.0946214728639258
55.6000000000005    218.777495990252    20.699245612785    0.0946132303009232
55.7000000000005    220.85712228813    20.8941853288086    0.0946049876605294
55.8000000000005    222.956333056013    21.0909433714684    0.0945967449427404
55.9000000000005    225.075310962424    21.2895365343305    0.0945885021475536
56.0000000000005    227.21424036288    21.4899817644865    0.0945802592749699
56.1000000000005    229.373307315321    21.6922961639427    0.0945720163249956
56.2000000000005    231.552699595668    21.8964969910218    0.0945637732976423
56.3000000000005    233.752606713525    22.1026016617756    0.0945555301929248
56.4000000000005    235.973219928023    22.3106277514114    0.0945472870108593
56.5000000000005    238.214732263807    22.5205929957306    0.0945390437514606
56.6000000000005    240.477338527169    22.7325152925797    0.0945308004147401
56.7000000000005    242.761235322323    22.946412703316    0.0945225570007053
56.8000000000005    245.066621067833    23.1623034542846    0.0945143135093598
56.9000000000005    247.39369601318    23.3802059383111    0.0945060699407048
57.0000000000005    249.742662255495    23.6001387162061    0.0944978262947416
57.1000000000005    252.113723756422    23.8221205182839    0.0944895825714729
57.2000000000005    254.507086359152    24.0461702458949    0.0944813387709047
57.3000000000005    256.922957805601    24.2723069729708    0.094473094893047
57.4000000000005    259.361547753746    24.5005499475839    0.0944648509379125
57.5000000000005    261.823067795117    24.7309185935195    0.0944566069055154
57.6000000000005    264.30773147245    24.9634325118631    0.0944483627958692
57.7000000000005    266.81575429749    25.1981114826009    0.0944401186089857
57.8000000000006    269.34735376897    25.4349754662354    0.0944318743448729
57.9000000000006    271.902749390737    25.674044605415    0.0944236300035355
58.0000000000006    274.482162690053    25.9153392265793    0.0944153855849754
58.1000000000006    277.085817236053    26.1588798416185    0.0944071410891935
58.2000000000006    279.713938658376    26.4046871495485    0.0943988965161918
58.3000000000006    282.366754665963    26.6527820381997    0.0943906518659738
58.4000000000006    285.044495066016    26.9031855859221    0.0943824071385462
58.5000000000006    287.747391783147    27.1559190633044    0.0943741623339188
58.6000000000006    290.475678878677    27.4110039349089    0.0943659174521033
58.7000000000006    293.229592570129    27.668461861021    0.0943576724931124
58.8000000000006    296.009371250882    27.9283146994145    0.0943494274569572
58.9000000000006    298.815255510012    28.1905845071337    0.0943411823436476
59.0000000000006    301.647488152308    28.4552935422897    0.0943329371531912
59.1000000000006    304.50631421847    28.7224642658748    0.0943246918855934
59.2000000000006    307.391981005483    28.9921193435921    0.094316446540858
59.3000000000006    310.304738087188    29.2642816477018    0.0943082011189893
59.4000000000006    313.244837335024    29.5389742588846    0.0942999556199927
59.5000000000006    316.212532938965    29.8162204681203    0.0942917100438754
59.6000000000006    319.208081428648    30.0960437785845    0.0942834643906466
59.7000000000006    322.231741694682    30.3784679075611    0.0942752186603174
59.8000000000006    325.28377501016    30.6635167883714    0.0942669728528996
59.9000000000006    328.364445052356    30.9512145723214    0.0942587269684037
60.0000000000006    331.474017924624    31.2415856306654    0.0942504810068389
60.1000000000006    334.612762178489    31.5346545565878    0.0942422349682126
60.2000000000006    337.780948835942    31.8304461672032    0.0942339888525301
60.3000000000006    340.97885141193    32.1289855055732    0.0942257426597957
60.4000000000006    344.206745937056    32.4302978427429    0.0942174963900134
60.5000000000006    347.464910980479    32.7344086797939    0.0942092500431879
60.6000000000006    350.753627673015    33.0413437499172    0.0942010036193254
60.7000000000006    354.073179730462    33.351129020503    0.094192757118434
60.8000000000006    357.423853477116    33.6637906952499    0.0941845105405232
60.9000000000006    360.805937869512    33.9793552162918    0.0941762638856034
61.0000000000006    364.219724520374    34.297849266345    0.0941680171536849
61.1000000000006    367.665507722781    34.619299770873    0.0941597703447774
61.2000000000006    371.143584474549    34.9437339002716    0.0941515234588888
61.3000000000006    374.654254502835    35.271179072073    0.0941432764960263
61.4000000000006    378.197820288963    35.6016629531705    0.0941350294561956
61.5000000000006    381.774587093469    35.9352134620622    0.0941267823394024
61.6000000000006    385.384862981376    36.2718587711153    0.0941185351456531
61.7000000000006    389.028958847692    36.6116273088502    0.0941102878749547
61.8000000000006    392.707188443146    36.9545477622452    0.0941020405273159
61.9000000000006    396.419868400142    37.3006490790608    0.0940937931027461
62.0000000000006    400.167318258958    37.6499604701851    0.094085545601255
62.1000000000006    403.949860494179    38.0025114120005    0.0940772980228525
62.2000000000006    407.767820541358    38.3583316487701    0.0940690503675475
62.3000000000006    411.621526823933    38.7174511950464    0.0940608026353478
62.4000000000006    415.511310780367    39.0799003381016    0.0940525548262599
62.5000000000006    419.437506891553    39.4457096403791    0.0940443069402897
62.6000000000006    423.400452708443    39.8149099419673    0.094036058977443
62.7000000000006    427.400488879946    40.1875323630952    0.0940278109377259
62.8000000000006    431.437959181062    40.5636083066505    0.094019562821145
62.9000000000006    435.513210541276    40.9431694607193    0.0940113146277084
63.0000000000006    439.626593073206    41.3262478011491    0.0940030663574246
63.1000000000006    443.778460101506    41.7128755941337    0.0939948180103033
63.2000000000006    447.969168192033    42.1030853988216    0.0939865695863539
63.3000000000006    452.199077181271    42.4969100699467    0.0939783210855852
63.4000000000006    456.468550206022    42.8943827604838    0.093970072508005
63.5000000000006    460.777953733367    43.2955369243266    0.0939618238536209
63.6000000000006    465.127657590888    43.7004063189899    0.0939535751224397
63.7000000000006    469.518034997165    44.1090250083365    0.093945326314468
63.8000000000006    473.949462592555    44.5214273653277    0.0939370774297129
63.9000000000006    478.422320470231    44.9376480747981    0.0939288284681824
64.0000000000006    482.936992207514    45.3577221362555    0.0939205794298847
64.1000000000006    487.493864897482    45.7816848667048    0.0939123303148288
64.2000000000006    492.093329180855    46.2095719034978    0.0939040811230236
64.3000000000006    496.735779278181    46.6414192072074    0.0938958318544783
64.4000000000006    501.421613022297    47.0772630645277    0.0938875825092014
64.5000000000006    506.151231891087    47.5171400912    0.0938793330872001
64.6000000000006    510.925041040537    47.9610872349646    0.0938710835884815
64.7000000000006    515.74344933808    48.4091417785393    0.0938628340130524
64.8000000000006    520.606869396245    48.8613413426239    0.0938545843609193
64.9000000000006    525.515717606605    49.3177238889321    0.0938463346320895
65.0000000000006    530.470414174031    49.7783277232488    0.0938380848265706
65.1000000000006    535.471383151254    50.2431914985161    0.0938298349443707
65.2000000000006    540.519052473734    50.7123542179457    0.0938215849854987
65.3000000000006    545.613853994843    51.1858552381586    0.0938133349499633
65.4000000000006    550.756223521366    51.6637342723532    0.093805084837773
65.5000000000006    555.946600849314    52.1460313935014    0.0937968346489364
65.6000000000005    561.185429800066    52.6327870375724    0.0937885843834612
65.7000000000005    566.473158256829    53.1240420067865    0.0937803340413547
65.8000000000005    571.810238201424    53.6198374728967    0.0937720836226244
65.9000000000005    577.197125751408    54.1202149804993    0.0937638331272777
66.0000000000005    582.634281197523    54.6252164503754    0.0937555825553224
66.1000000000005    588.122169041483    55.1348841828595    0.0937473319067667
66.2000000000005    593.661258034095    55.6492608612401    0.093739081181619
66.3000000000005    599.252021213731    56.1683895551893    0.093730830379888
66.4000000000005    604.894935945133    56.6923137242224    0.0937225795015825
66.5000000000005    610.590483958576    57.221077221189    0.0937143285467106
66.6000000000005    616.339151389371    57.7547242957946    0.0937060775152804
66.7000000000005    622.141428817735    58.2932995981533    0.0936978264072994
66.8000000000005    627.997811309002    58.8368481823726    0.0936895752227748
66.9000000000005    633.908798454209    59.3854155101695    0.0936813239617138
67.0000000000005    639.874894411036    59.9390474545186    0.0936730726241239
67.1000000000005    645.896607945113    60.4977903033328    0.0936648212100129
67.2000000000005    651.974452471702    61.0616907631764    0.0936565697193889
67.3000000000005    658.108946097748    61.6307959630106    0.0936483181522602
67.4000000000004    664.300611664304    62.2051534579726    0.0936400665086354
67.5000000000004    670.549976789343    62.7848112331882    0.093631814788523
67.6000000000004    676.857573910942    63.3698177076169    0.0936235629919313
67.7000000000004    683.223940330866    63.960221737933    0.0936153111188681
67.8000000000004    689.649618258529    64.5560726224398    0.0936070591693415
67.9000000000004    696.135154855354    65.1574201050186    0.0935988071433589
68.0000000000004    702.681102279532    65.7643143791128    0.0935905550409284
68.1000000000004    709.288017731177    66.3768060917475    0.0935823028620576
68.2000000000004    715.956463497882    66.9949463475839    0.0935740506067546
68.3000000000004    722.687007000693    67.6187867130105    0.0935657982750278
68.4000000000004    729.480220840484    68.2483792202696    0.0935575458668858
68.5000000000004    736.336682844747    68.88377637162    0.0935492933823369
68.6000000000004    743.256976114808    69.5250311435377    0.0935410408213895
68.7000000000004    750.241689073455    70.1721969909524    0.0935327881840514
68.8000000000004    757.291415512998    70.8253278515222    0.0935245354703304
68.9000000000004    764.406754643759    71.4844781499462    0.0935162826802341
69.0000000000004    771.588311142988    72.1497028023151    0.0935080298137702
69.1000000000003    778.836695204222    72.8210572205    0.0934997768709464
69.2000000000003    786.152522587088    73.4985973165802    0.0934915238517705
69.3000000000003    793.536414667538    74.1823795073101    0.0934832707562509
69.4000000000003    800.98899848855    74.8724607186249    0.093475017584396
69.5000000000003    808.510906811263    75.568898390187    0.093466764336214
69.6000000000003    816.102778166587    76.2717504799718    0.0934585110117133
69.7000000000003    823.765256907258    76.981075468894    0.0934502576109019
69.8000000000003    831.498993260366    77.6969323654758    0.0934420041337881
69.9000000000003    839.304643380353    78.4193807105542    0.0934337505803795
70.0000000000003    847.182869402477    79.1484805820329    0.0934254969506841
70.1000000000003    855.134339496759    79.8842925996732    0.09341724324471
70.2000000000003    863.159727922411    80.6268779299288    0.0934089894624651
70.3000000000003    871.259715082745    81.3762982908231    0.0934007356039578
70.4000000000003    879.434987580576    82.132615956869    0.0933924816691965
70.5000000000003    887.686238274119    82.8958937640322    0.0933842276581895
70.6000000000003    896.014166333382    83.6661951147382    0.093375973570945
70.7000000000003    904.419477297067    84.4435839829242    0.0933677194074711
70.8000000000003    912.902883129967    85.2281249191343    0.0933594651677758
70.9000000000002    921.465102280893    86.0198830556608    0.093351210851867
71.0000000000002    930.106859741099    86.8189241117306    0.0933429564597525
71.1000000000002    938.82888710324    87.6253143987365    0.0933347019914404
71.2000000000002    947.631922620847    88.4391208255158    0.0933264474469385
71.3000000000002    956.516711268343    89.2604109036744    0.0933181928262549
71.4000000000002    965.484004801582    90.0892527529589    0.0933099381293979
71.5000000000002    974.534561818935    90.9257151066746    0.0933016833563757
71.6000000000002    983.669147822917    91.7698673171522    0.0932934285071966
71.7000000000002    992.888535282365    92.6217793612627    0.0932851735818686
71.8000000000002    1002.19350369517    93.4815218459804    0.0932769185804003
71.9000000000002    1011.58483965156    94.3491660139949    0.0932686635027996
72.0000000000002    1021.06333689797    95.224783749373    0.0932604083490744
72.1000000000002    1030.62979640144    96.1084475832702    0.0932521531192326
72.2000000000002    1040.28502641462    97.0002306996931    0.0932438978132827
72.3000000000002    1050.02984254137    97.9002069413112    0.0932356424312328
72.4000000000002    1059.86506780288    98.8084508153211    0.0932273869730912
72.5000000000002    1069.79153270444    99.7250374993611    0.0932191314388661
72.6000000000002    1079.81007530276    100.65004284748    0.0932108758285658
72.7000000000001    1089.92154127393    101.583543396154    0.0932026201421984
72.8000000000001    1100.12678398199    102.525616370364    0.093194364379772
72.9000000000001    1110.42666454801    103.476339689718    0.0931861085412947
73.0000000000001    1120.82205191993    104.435791974634    0.0931778526267744
73.1000000000001    1131.31382294293    105.404052552572    0.093169596636219
73.2000000000001    1141.90286243045    106.381201464326    0.0931613405696369
73.3000000000001    1152.5900632358    107.367319470367    0.093153084427036
73.4000000000001    1163.37632632452    108.362488057245    0.0931448282084244
73.5000000000001    1174.26256084725    109.366789444045    0.0931365719138106
73.6000000000001    1185.24968421333    110.380306588901    0.093128315543203
73.7000000000001    1196.33862216503    111.403123195564    0.0931200590966094
73.8000000000001    1207.53030885244    112.435323720036    0.0931118025740381
73.9000000000001    1218.82568690904    113.476993377253    0.0931035459754976
74.0000000000001    1230.22570752789    114.528218147831    0.0930952893009956
74.1000000000001    1241.7313305386    115.589084784873    0.0930870325505403
74.2000000000001    1253.34352448487    116.65968082083    0.0930787757241399
74.3000000000001    1265.06326670277    117.740094574431    0.0930705188218028
74.4    1276.89154339975    118.830415157666    0.093062261843537
74.5    1288.8293497343    119.930732482832    0.0930540047893509
74.6    1300.87768989632    121.041137269645    0.0930457476592528
74.7    1313.03757718823    122.161721052409    0.0930374904532507
74.8    1325.3100341068    123.292576187255    0.0930292331713528
74.9    1337.69609242568    124.433795859433    0.0930209758135673
75    1350.19679327869    125.585474090677    0.0930127183799021
75.1    1362.81318724382    126.747705746636    0.0930044608703656
75.2    1375.54633442801    127.920586544357    0.0929962032849658
75.3    1388.39730455269    129.104213059852    0.0929879456237108
75.4    1401.36717703998    130.298682735716    0.0929796878866088
75.5    1414.45704109983    131.504093888821    0.0929714300736682
75.6    1427.66799581775    132.720545718072    0.0929631721848972
75.7    1441.00115024345    133.948138312239    0.092954914220304
75.8    1454.4576234802    135.186972657843    0.0929466561798967
75.9    1468.03854477501    136.437150647131    0.0929383980636838
76    1481.74505360962    137.698775086102    0.0929301398716733
76.1    1495.57829979223    138.971949702616    0.0929218816038732
76.1999999999999    1509.53944355015    140.256779154569    0.0929136232602919
76.2999999999999    1523.62965562315    141.553369038141    0.0929053648409377
76.3999999999999    1537.85011735777    142.861825896115    0.0928971063458188
76.4999999999999    1552.20202080237    144.182257226271    0.0928888477749433
76.5999999999999    1566.68656880303    145.514771489851    0.0928805891283196
76.6999999999999    1581.30497510034    146.859478120101    0.0928723304059558
76.7999999999999    1596.05846442705    148.216487530885    0.09286407160786
76.8999999999999    1610.94827260652    149.585911125377    0.0928558127340406
76.9999999999999    1625.97564665212    150.96786130483    0.0928475537845057
77.0999999999999    1641.14184486748    152.362451477413    0.0928392947592632
77.1999999999999    1656.44813694761    153.769796067143    0.0928310356583215
77.2999999999999    1671.89580408091    155.190010522876    0.092822776481689
77.3999999999999    1687.48613905218    156.623211327388    0.0928145172293738
77.4999999999999    1703.22044634639    158.069516006534    0.0928062579013841
77.5999999999999    1719.10004225349    159.529043138483    0.092797998497728
77.6999999999999    1735.12625497409    161.001912363044    0.0927897390184139
77.7999999999999    1751.3004247261    162.488244391056    0.0927814794634502
77.8999999999998    1767.6239038523    163.988161013881    0.0927732198328448
77.9999999999998    1784.09805692887    165.501785112962    0.092764960126606
78.0999999999998    1800.72426087489    167.029240669479    0.092756700344742
78.1999999999998    1817.50390506277    168.570652774079    0.0927484404872611
78.2999999999998    1834.43839142971    170.126147636696    0.0927401805541718
78.3999999999998    1851.52913459011    171.695852596455    0.0927319205454821
78.4999999999998    1868.777561949    173.279896131668    0.0927236604612001
78.5999999999998    1886.18511381644    174.878407869909    0.0927154003013343
78.6999999999998    1903.75324352298    176.491518598183    0.0927071400658931
78.7999999999998    1921.48341753608    178.119360273181    0.0926988797548844
78.8999999999998    1939.37711557762    179.762066031628    0.0926906193683162
78.9999999999998    1957.4358307424    181.419770200717    0.0926823589061969
79.0999999999998    1975.66106961776    183.092608308641    0.0926740983685347
79.1999999999998    1994.05435240413    184.780717095207    0.0926658377553378
79.2999999999998    2012.6172130368    186.484234522553    0.0926575770666147
79.3999999999998    2031.35119930864    188.203299785952    0.0926493163023735
79.4999999999998    2050.25787299399    189.938053324715    0.0926410554626225
79.5999999999998    2069.33880997359    191.688636833182    0.0926327945473701
79.6999999999997    2088.59560036063    193.455193271821    0.0926245335566243
79.7999999999997    2108.02984862795    195.237866878409    0.0926162724903932
79.8999999999997    2127.64317373631    197.036803179325    0.0926080113486852
79.9999999999997    2147.43720926382    198.852149000934    0.0925997501315088
80.0999999999997    2167.4136035365    200.684052481069    0.0925914888388719
80.1999999999997    2187.57401976003    202.532663080618    0.0925832274707829
80.2999999999997    2207.92013615262    204.398131595211    0.0925749660272502
80.3999999999997    2228.45364607907    206.280610167005    0.092566704508282
80.4999999999997    2249.17625818602    208.18025229658    0.0925584429138864
80.5999999999997    2270.08969653839    210.097212854928    0.0925501812440718
80.6999999999997    2291.19570075701    212.031648095558    0.0925419194988463
80.7999999999997    2312.4960261575    213.983715666698    0.092533657678218
80.8999999999997    2333.99244389035    215.953574623608    0.0925253957821957
80.9999999999997    2355.68674108222    217.941385441001    0.0925171338107872
81.0999999999997    2377.58072097855    219.947310025565    0.0925088717640009
81.1999999999997    2399.67620308733    221.971511728606    0.0925006096418449
81.2999999999997    2421.97502332427    224.014155358791    0.0924923474443275
81.3999999999997    2444.47903415909    226.075407195011    0.0924840851714572
81.4999999999996    2467.19010476327    228.155434999344    0.0924758228232421
81.5999999999996    2490.11012115896    230.254408030146    0.0924675603996904
81.6999999999996    2513.2409863693    232.372497055246    0.0924592979008104
81.7999999999996    2536.58462057001    234.509874365255    0.0924510353266104
81.8999999999996    2560.14296124235    236.666713787001    0.0924427726770988
81.9999999999996    2583.91796332741    238.843190697072    0.0924345099522835
82.0999999999996    2607.91159938176    241.039482035478    0.0924262471521731
82.1999999999996    2632.12585973451    243.255766319439    0.092417984276776
82.2999999999996    2656.56275264565    245.492223657282    0.0924097213261001
82.3999999999996    2681.22430446596    247.749035762471    0.0924014583001539
82.4999999999996    2706.11255979815    250.026385967749    0.0923931951989456
82.5999999999996    2731.22958165951    252.32445923941    0.0923849320224836
82.6999999999996    2756.57745164603    254.643442191695    0.0923766687707759
82.7999999999996    2782.15827009785    256.983523101305    0.0923684054438308
82.8999999999996    2807.97415626629    259.344891922055    0.0923601420416566
82.9999999999996    2834.02724848226    261.727740299643    0.0923518785642617
83.0999999999996    2860.31970432622    264.132261586549    0.0923436150116543
83.1999999999995    2886.85370079957    266.558650857075    0.0923353513838427
83.2999999999995    2913.63143449763    269.007104922501    0.0923270876808354
83.3999999999995    2940.65512178407    271.477822346381    0.0923188239026402
83.4999999999995    2967.92699896691    273.971003459971    0.0923105600492655
83.5999999999995    2995.44932247607    276.486850377795    0.0923022961207197
83.6999999999995    3023.22436904247    279.025567013337    0.0922940321170112
83.7999999999995    3051.25443587873    281.587359094875    0.0922857680381482
83.8999999999995    3079.54184086144    284.17243418146    0.0922775038841388
83.9999999999995    3108.08892271502    286.781001679018    0.0922692396549917
84.0999999999995    3136.89804119725    289.413272856606    0.0922609753507151
84.1999999999995    3165.97157728635    292.069460862802    0.092252710971317
84.2999999999995    3195.31193336981    294.749780742242    0.0922444465168057
84.3999999999995    3224.92153343479    297.454449452298    0.0922361819871895
84.4999999999995    3254.80282326027    300.183685879899    0.0922279173824766
84.5999999999995    3284.95827061077    302.937710858507    0.0922196527026754
84.6999999999995    3315.39036543197    305.716747185226    0.0922113879477941
84.7999999999995    3346.10162004782    308.521019638077    0.0922031231178412
84.8999999999995    3377.09456935958    311.350754993408    0.092194858212825
84.9999999999994    3408.3717710465    314.206182043464    0.0921865932327536
85.0999999999994    3439.93580576828    317.087531614107    0.0921783281776355
85.1999999999994    3471.78927736932    319.995036582692    0.0921700630474789
85.2999999999994    3503.93481308481    322.928931896091    0.0921617978422918
85.3999999999994    3536.37506374854    325.889454588889    0.0921535325620828
85.4999999999994    3569.11270400259    328.876843801718    0.0921452672068602
85.5999999999994    3602.15043250888    331.891340799768    0.0921370017766324
85.6999999999994    3635.49097216255    334.933188991446    0.0921287362714074
85.7999999999994    3669.13707030717    338.002633947204    0.0921204706911937
85.8999999999994    3703.09149895199    341.099923418533    0.0921122050359996
85.9999999999994    3737.35705499088    344.225307357108    0.0921039393058334
86.0999999999994    3771.93656042341    347.37903793412    0.0920956735007032
86.1999999999994    3806.8328625777    350.561369559755    0.0920874076206175
86.2999999999994    3842.04883433536    353.772558902859    0.0920791416655845
86.3999999999994    3877.58737435828    357.012864910762    0.0920708756356124
86.4999999999994    3913.45140731751    360.282548829279    0.0920626095307097
86.5999999999994    3949.64388412413    363.581874222885    0.0920543433508847
86.6999999999993    3986.16778216209    366.911106995063    0.0920460770961456
86.7999999999993    4023.02610552314    370.270515408832    0.0920378107665007
86.8999999999993    4060.22188524386    373.660370107444    0.0920295443619584
86.9999999999993    4097.75817954463    377.080944135275    0.092021277882527
87.0999999999993    4135.63807407091    380.532512958883    0.0920130113282147
87.1999999999993    4173.86468213641    384.015354488257    0.0920047446990297
87.2999999999993    4212.44114496856    387.52974909825    0.0919964779949803
87.3999999999993    4251.37063195606    391.075979650193    0.0919882112160751
87.4999999999993    4290.6563408986    394.654331513699    0.0919799443623224
87.5999999999993    4330.3014982588    398.265092588657    0.0919716774337303
87.6999999999993    4370.30935941633    401.908553327417    0.0919634104303072
87.7999999999993    4410.68320892428    405.585006757163    0.0919551433520615
87.8999999999993    4451.42636076776    409.294748502486    0.0919468761990016
87.9999999999993    4492.54215862478    413.038076808144    0.0919386089711353
88.0999999999993    4534.03397612939    416.815292562033    0.0919303416684713
88.1999999999993    4575.90521713719    420.626699318341    0.0919220742910179
88.2999999999993    4618.15931599306    424.472603320914    0.0919138068387834
88.3999999999993    4660.79973780137    428.353313526819    0.091905539311776
88.4999999999992    4703.82997869843    432.269141630112    0.0918972717100041
88.5999999999992    4747.25356612739    436.220402085813    0.091889004033476
88.6999999999992    4791.07405911559    440.207412134089    0.0918807362821999
88.7999999999992    4835.29504855421    444.230491824641    0.0918724684561843
88.8999999999992    4879.92015748052    448.289964041313    0.0918642005554375
88.9999999999992    4924.95304136247    452.386154526899    0.0918559325799678
89.0999999999992    4970.3973883859    456.51939190818    0.0918476645297835
89.1999999999992    5016.25691974411    460.690007721166    0.0918393964048928
89.2999999999992    5062.53538993013    464.898336436563    0.091831128205304
89.3999999999992    5109.23658703142    469.144715485459    0.0918228599310258
89.4999999999992    5156.36433302722    473.429485285228    0.0918145915820662
89.5999999999992    5203.92248408847    477.752989265665    0.0918063231584336
89.6999999999992    5251.91493088036    482.115573895342    0.0917980546601364
89.7999999999992    5300.34559886754    486.517588708192    0.0917897860871829
89.8999999999992    5349.21844862199    490.959386330329    0.0917815174395812
89.9999999999992    5398.5374761336    495.441322507091    0.0917732487173401
90.0999999999992    5448.30671312341    499.963756130319    0.0917649799204676
90.1999999999992    5498.53022735967    504.527049265878    0.0917567110489717
90.2999999999991    5549.21212297659    509.131567181413    0.0917484421028612
90.3999999999991    5600.35654079595    513.77767837434    0.0917401730821445
90.4999999999991    5651.96765865146    518.465754600082    0.0917319039868297
90.5999999999991    5704.04969171597    523.19617090055    0.0917236348169252
90.6999999999991    5756.60689283157    527.969305632872    0.0917153655724395
90.7999999999991    5809.64355284254    532.785540498363    0.0917070962533807
90.8999999999991    5863.16400093124    537.645260571753    0.0916988268597568
90.9999999999991    5917.17260495689    542.548854330664    0.0916905573915764
91.0999999999991    5971.67377179737    547.496713685342    0.091682287848848
91.1999999999991    6026.67194769396    552.489234008646    0.0916740182315798
91.2999999999991    6082.1716185991    557.526814166293    0.0916657485397802
91.3999999999991    6138.17731052722    562.609856547367    0.0916574787734575
91.4999999999991    6194.69358990857    567.738767095094    0.0916492089326201
91.5999999999991    6251.72506394624    572.913955337876    0.0916409390172765
91.6999999999991    6309.27638097615    578.135834420598    0.0916326690274347
91.7999999999991    6367.35223083036    583.404821136205    0.0916243989631031
91.8999999999991    6425.95734520339    588.721335957547    0.0916161288242901
91.999999999999    6485.09649802187    594.085803069505    0.0916078586110041
92.099999999999    6544.77450581729    599.498650401389    0.0915995883232535
92.199999999999    6604.99622810214    604.960309659615    0.0915913179610464
92.299999999999    6665.76656774921    610.471216360675    0.0915830475243913
92.399999999999    6727.09047137428    616.031809864372    0.0915747770132966
92.499999999999    6788.97292972209    621.642533407357    0.0915665064277704
92.599999999999    6851.41897805575    627.303834136952    0.0915582357678211
92.699999999999    6914.43369654948    633.016163145264    0.0915499650334574
92.799999999999    6978.0222106848    638.779975503584    0.0915416942246873
92.899999999999    7042.1896916502    644.595730297098    0.091533423341519
92.999999999999    7106.94135674422    650.46389065989    0.0915251523839611
93.099999999999    7172.28246978217    656.384923810243    0.0915168813520221
93.199999999999    7238.21834150627    662.359301086249    0.0915086102457103
93.299999999999    7304.75432999942    668.38749798172    0.0915003390650337
93.399999999999    7371.89584110261    674.469994182423    0.0914920678100007
93.499999999999    7439.64832883591    680.607273602608    0.0914837964806199
93.599999999999    7508.01729582314    686.799824421864    0.0914755250768995
93.699999999999    7577.00829372028    693.048139122287    0.091467253598848
93.7999999999989    7646.62692364759    699.352714525967    0.0914589820464737
93.8999999999989    7716.87883662547    705.714051832803    0.0914507104197849
93.9999999999989    7787.76973401415    712.132656658636    0.0914424387187899
94.0999999999989    7859.3053679572    718.609039073722    0.0914341669434971
94.1999999999989    7931.4915418289    725.143713641522    0.0914258950939149
94.2999999999989    8004.33411068551    731.737199457837    0.0914176231700515
94.3999999999989    8077.83898172047    738.390020190274    0.0914093511719154
94.4999999999989    8152.01211472356    745.102704118052    0.0914010790995149
94.5999999999989    8226.85952254408    751.875784172156    0.0913928069528584
94.6999999999989    8302.38727155799    758.709797975826    0.0913845347319542
94.7999999999989    8378.60148213924    765.605287885406    0.0913762624368106
94.8999999999989    8455.50832913507    772.562801031536    0.091367990067436
94.9999999999989    8533.11404234555    779.582889360703    0.0913597176238388
95.0999999999989    8611.42490700721    786.666109677148    0.0913514451060275
95.1999999999989    8690.44726428098    793.813023685127    0.0913431725140103
95.2999999999989    8770.18751174424    801.024198031549    0.0913348998477957
95.3999999999989    8850.65210388729    808.300204348968    0.0913266271073919
95.4999999999988    8931.84755261404    815.641619298951    0.0913183542928071
95.5999999999988    9013.78042774708    823.049024615819    0.09131008140405
95.6999999999988    9096.4573575372    830.523007150758    0.0913018084411288
95.7999999999988    9179.88502917723    838.064158916316    0.0912935354040517
95.8999999999988    9264.07018932046    845.673077131282    0.0912852622928274
95.9999999999988    9349.01964460349    853.35036426594    0.0912769891074641
96.0999999999988    9434.74026217365    861.096628087729    0.0912687158479701
96.1999999999988    9521.23897022103    868.912481707282    0.0912604425143538
96.2999999999988    9608.52275851511    876.798543624864    0.0912521691066239
96.3999999999988    9696.59867894601    884.75543777721    0.0912438956247884
96.4999999999988    9785.47384607055    892.783793584765    0.0912356220688557
96.5999999999988    9875.15543766296    900.884245999328    0.0912273484388343
96.6999999999988    9965.65069527041    909.057435552111    0.0912190747347325
96.7999999999988    10056.9669247734    917.304008402199    0.0912108009565587
96.8999999999988    10149.1114969509    925.624616385438    0.0912025271043212
96.9999999999988    10242.0918480505    934.019917063733    0.0911942531780282
97.0999999999988    10335.9154803636    942.490573774782    0.0911859791776884
97.1999999999988    10430.5899628054    951.037255682218    0.09117770510331
97.2999999999987    10526.1229315    959.660637826198    0.0911694309549015
97.3999999999987    10622.5220903707    968.361401174418    0.0911611567324712
97.4999999999987    10719.7952117349    977.140232673563    0.0911528824360274
97.5999999999987    10817.9501369054    985.997825301211    0.0911446080655784
97.6999999999987    10916.9947767952    994.934878118169    0.0911363336211328
97.7999999999987    11016.937112529    1003.95209632126    0.0911280591026989
97.8999999999987    11117.7851960594    1013.05019129657    0.0911197845102851
97.9999999999987    11219.5471507883    1022.22988067315    0.0911115098438997
98.0999999999987    11322.2311721941    1031.49188837715    0.0911032351035511
98.1999999999987    11425.8455284638    1040.83694468648    0.0910949602892477
98.2999999999987    11530.3985611313    1050.26578628589    0.0910866854009979
98.3999999999987    11635.8986857209    1059.7791563225    0.0910784104388101
98.4999999999987    11742.3543923958    1069.37780446189    0.0910701354026926
98.5999999999987    11849.7742466133    1079.06248694459    0.0910618602926538
98.6999999999987    11958.1668897848    1088.83396664308    0.0910535851087021
98.7999999999987    12067.5410399419    1098.69301311931    0.0910453098508459
98.8999999999987    12177.9054924086    1108.64040268267    0.0910370345190937
98.9999999999986    12289.2691204785    1118.67691844844    0.0910287591134538
99.0999999999986    12401.6408760983    1128.80335039684    0.0910204836339346
99.1999999999986    12515.0297905578    1139.02049543246    0.0910122080805444
99.2999999999986    12629.4449751848    1149.32915744428    0.0910039324532914
99.3999999999986    12744.8956220467    1159.73014736618    0.0909956567521842
99.4999999999986    12861.391004658    1170.22428323796    0.0909873809772312
99.5999999999986    12978.9404786943    1180.8123902669    0.0909791051284408
99.6999999999986    13097.5534827114    1191.49530088985    0.0909708292058213
99.7999999999986    13217.2395388722    1202.2738548358    0.0909625532093812
99.8999999999986    13338.0082536786    1213.14889918907    0.0909542771391288
99.9999999999986    13459.8693187101    1224.12128845295    0.0909460009950726
100.099999999999    13582.8325113692    1235.19188461398    0.090937724777221
100.199999999999    13706.9076956329    1246.36155720668    0.0909294484855824
100.299999999999    13832.1048228105    1257.63118337892    0.0909211721201651
100.399999999999    13958.4339323086    1269.00164795779    0.0909128956809774
100.499999999999    14085.9051524021    1280.47384351607    0.0909046191680279
100.599999999999    14214.5287010119    1292.04867043925    0.0908963425813249
100.699999999999    14344.3148864899    1303.72703699311    0.0908880659208767
100.799999999999    14475.2741084105    1315.50985939192    0.0908797891866918
100.899999999999    14607.4168583683    1327.3980618672    0.0908715123787786
100.999999999999    14740.7537207839    1339.39257673701    0.0908632354971455
101.099999999999    14875.2953737157    1351.49434447598    0.0908549585418009
101.199999999999    15011.0525896791    1363.70431378577    0.0908466815127531
101.299999999999    15148.0362364729    1376.02344166622    0.0908384044100107
101.399999999999    15286.2572780124    1388.45269348713    0.090830127233582
101.499999999999    15425.7267751703    1400.99304306059    0.0908218499834752
101.599999999999    15566.4558866245    1413.64547271397    0.0908135726596988
101.699999999998    15708.4558697131    1426.4109733635    0.0908052952622614
101.799999999998    15851.7380812972    1439.29054458853    0.0907970177911714
101.899999999998    15996.3139786308    1452.28519470636    0.0907887402464371
101.999999999998    16142.1951202384    1465.39594084777    0.090780462628067
102.099999999998    16289.3931668003    1478.62380903314    0.0907721849360693
102.199999999998    16437.9198820451    1491.96983424927    0.0907639071704524
102.299999999998    16587.7871336502    1505.43506052682    0.0907556293312247
102.399999999998    16739.0068941504    1519.02054101841    0.0907473514183949
102.499999999998    16891.5912418539    1532.72733807742    0.0907390734319713
102.599999999998    17045.5523617659    1546.55652333745    0.0907307953719621
102.699999999998    17200.9025465214    1560.50917779241    0.0907225172383758
102.799999999998    17357.6541973244    1574.58639187736    0.0907142390312208
102.899999999998    17515.8198248968    1588.78926555002    0.0907059607505056
102.999999999998    17675.4120504344    1603.11890837295    0.0906976823962387
103.099999999998    17836.4436065714    1617.57643959645    0.0906894039684283
103.199999999998    17998.9273383537    1632.16298824216    0.0906811254670828
103.299999999998    18162.8762042199    1646.8796931874    0.0906728468922107
103.399999999998    18328.3032769912    1661.7277032502    0.0906645682438205
103.499999999998    18495.2217448699    1676.70817727505    0.0906562895219205
103.599999999998    18663.6449124462    1691.82228421937    0.0906480107265191
103.699999999998    18833.5862017138    1707.0712032408    0.0906397318576248
103.799999999998    19005.0591530943    1722.45612378514    0.0906314529152462
103.899999999998    19178.0774264708    1737.97824567505    0.0906231738993912
103.999999999998    19352.6548022294    1753.63877919958    0.0906148948100686
104.099999999998    19528.8051823107    1769.43894520437    0.0906066156472869
104.199999999998    19706.5425912702    1785.37997518267    0.0905983364110541
104.299999999998    19885.8811773472    1801.46311136712    0.0905900571013788
104.399999999998    20066.8352135437    1817.68960682236    0.0905817777182697
104.499999999998    20249.4190987117    1834.06072553831    0.0905734982617349
104.599999999998    20433.6473586513    1850.57774252438    0.0905652187317832
104.699999999998    20619.5346472166    1867.2419439044    0.0905569391284228
104.799999999998    20807.0957474322    1884.05462701236    0.0905486594516621
104.899999999998    20996.3455726191    1901.01710048904    0.0905403797015094
104.999999999998    21187.29916753    1918.13068437932    0.0905320998779732
105.099999999998    21379.9717094949    1935.39671023052    0.0905238199810621
105.199999999998    21574.3785095761    1952.81652119134    0.0905155400107843
105.299999999998    21770.5350137332    1970.39147211185    0.0905072599671482
105.399999999998    21968.4568039985    1988.12292964422    0.0904989798501624
105.499999999998    22168.159599662    2006.01227234431    0.0904906996598354
105.599999999998    22369.6592584673    2024.06089077418    0.0904824193961754
105.699999999998    22572.9717778169    2042.2701876054    0.090474139059191
105.799999999998    22778.1132959884    2060.6415777233    0.0904658586488904
105.899999999998    22985.1000933615    2079.17648833209    0.0904575781652822
105.999999999998    23193.9485936548    2097.87635906083    0.0904492976083748
106.099999999998    23404.6753651737    2116.74264207039    0.0904410169781766
106.199999999998    23617.2971220689    2135.7768021612    0.0904327362746961
106.299999999998    23831.8307256059    2154.98031688204    0.0904244554979418
106.399999999998    24048.2931854453    2174.35467663966    0.0904161746479222
106.499999999998    24266.7016609339    2193.90138480939    0.0904078937246454
106.599999999998    24487.0734624072    2213.62195784663    0.0903996127281199
106.699999999998    24709.4260525032    2233.5179253994    0.0903913316583543
106.799999999998    24933.7770474871    2253.59083042167    0.090383050515357
106.899999999998    25160.1442185875    2273.84222928785    0.0903747692991364
106.999999999998    25388.5454933446    2294.27369190808    0.090366488009701
107.099999999998    25618.9989569692    2314.88680184461    0.0903582066470591
107.199999999998    25851.5228537136    2335.68315642915    0.0903499252112194
107.299999999998    26086.135588255    2356.66436688116    0.0903416437021903
107.399999999998    26322.8557270898    2377.83205842719    0.0903333621199799
107.499999999998    26561.7019999404    2399.18787042126    0.090325080464597
107.599999999998    26802.6933011741    2420.73345646621    0.0903167987360498
107.699999999998    27045.8486912337    2442.47048453606    0.090308516934347
107.799999999998    27291.1873980813    2464.40063709951    0.0903002350594967
107.899999999998    27538.7288186536    2486.52561124439    0.0902919531115075
107.999999999998    27788.4925203301    2508.8471188032    0.0902836710903881
108.099999999998    28040.4982424142    2531.36688647971    0.0902753889961468
108.199999999998    28294.7658976261    2554.08665597667    0.0902671068287919
108.299999999998    28551.3155736095    2577.00818412453    0.0902588245883319
108.399999999998    28810.167534451    2600.13324301133    0.0902505422747754
108.499999999998    29071.3422222118    2623.46362011362    0.0902422598881305
108.599999999998    29334.8602584737    2647.00111842856    0.0902339774284058
108.699999999998    29600.7424458975    2670.74755660708    0.0902256948956099
108.799999999998    29869.0097697951    2694.70476908822    0.0902174122897513
108.899999999998    30139.6833997152    2718.87460623454    0.0902091296108384
108.999999999998    30412.784691042    2743.25893446876    0.0902008468588795
109.099999999998    30688.3351866089    2767.85963641149    0.0901925640338831
109.199999999998    30966.3566183243    2792.67861102019    0.0901842811358576
109.299999999998    31246.870908813    2817.71777372922    0.0901759981648116
109.399999999998    31529.9001730702    2842.97905659119    0.0901677151207534
109.499999999998    31815.4667201312    2868.46440841938    0.0901594320036916
109.599999999998    32103.5930547541    2894.1757949315    0.0901511488136346
109.699999999998    32394.3018791175    2920.11519889454    0.0901428655505909
109.799999999998    32687.616094533    2946.28462027095    0.0901345822145689
109.899999999998    32983.5588031717    2972.68607636597    0.0901262988055771
109.999999999998    33282.1533098062    2999.32160197631    0.0901180153236238
110.099999999998    33583.4231235669    3026.19324953997    0.0901097317687177
110.199999999998    33887.3919597142    3053.30308928743    0.0901014481408672
110.299999999998    34194.0837414244    3080.65320939403    0.0900931644400805
110.399999999998    34503.522601593    3108.24571613377    0.0900848806663663
110.499999999998    34815.7328846512    3136.08273403425    0.0900765968197331
110.599999999998    35130.7391483998    3164.166406033    0.0900683129001892
110.699999999998    35448.5661658578    3192.4988936352    0.0900600289077433
110.799999999998    35769.2389271269    3221.0823770726    0.0900517448424037
110.899999999998    36092.7826412723    3249.91905546388    0.090043460704179
110.999999999998    36419.2227382196    3279.01114697631    0.0900351764930775
111.099999999998    36748.5848706676    3308.36088898884    0.0900268922091078
111.199999999998    37080.8949160174    3337.97053825651    0.0900186078522783
111.299999999998    37416.1789783189    3367.84237107627    0.0900103234225974
111.399999999998    37754.4633902327    3397.97868345422    0.0900020389200738
111.499999999998    38095.7747150097    3428.38179127422    0.0899937543447158
111.599999999998    38440.1397484875    3459.05403046797    0.0899854696965318
111.699999999998    38787.5855211033    3489.99775718651    0.0899771849755302
111.799999999998    39138.1392999248    3521.21534797317    0.0899689001817196
111.899999999998    39491.8285906979    3552.70919993798    0.0899606153151086
111.999999999998    39848.6811399124    3584.48173093355    0.0899523303757056
112.099999999998    40208.7249368846    3616.53537973241    0.0899440453635191
112.199999999998    40571.9882158589    3648.87260620595    0.0899357602785576
112.299999999998    40938.4994581258    3681.4958915047    0.0899274751208295
112.399999999998    41308.2873941598    3714.40773824033    0.0899191898903432
112.499999999998    41681.3810057739    3747.610670669    0.0899109045871072
112.599999999998    42057.8095282936    3781.10723487642    0.08990261921113
112.699999999998    42437.6024527492    3814.89999896434    0.0898943337624202
112.799999999998    42820.7895280865    3848.99155323869    0.0898860482409861
112.899999999998    43207.4007633969    3883.38451039932    0.0898777626468363
112.999999999998    43597.4664301663    3918.08150573124    0.0898694769799791
113.099999999998    43991.0170645432    3953.08519729762    0.089861191240423
113.199999999998    44388.0834696259    3988.39826613431    0.0898529054281767
113.299999999998    44788.69671777    4024.023416446    0.0898446195432487
113.399999999998    45192.8881529151    4059.96337580413    0.0898363335856473
113.499999999998    45600.6893929309    4096.22089534636    0.0898280475553812
113.599999999998    46012.1323319843    4132.79874997779    0.0898197614524587
113.699999999998    46427.2491429264    4169.69973857387    0.0898114752768882
113.799999999998    46846.0722796991    4206.92668418495    0.0898031890286785
113.899999999998    47268.6344797634    4244.4824342427    0.0897949027078378
113.999999999998    47694.9687665477    4282.36986076811    0.0897866163143749
114.099999999998    48125.108451917    4320.59186058131    0.0897783298482978
114.199999999998    48559.0871386639    4359.15135551324    0.0897700433096153
114.299999999998    48996.9387230197    4398.05129261897    0.089761756698336
114.399999999998    49438.6973971877    4437.29464439285    0.0897534700144681
114.499999999998    49884.3976518983    4476.88440898557    0.0897451832580203
114.599999999998    50334.0742789848    4516.82361042291    0.0897368964290011
114.699999999998    50787.7623739828    4557.11529882644    0.0897286095274188
114.799999999998    51245.4973387501    4597.76255063602    0.0897203225532821
114.899999999998    51707.31488411    4638.76846883419    0.0897120355065993
114.999999999998    52173.251032517    4680.13618317247    0.0897037483873791
115.099999999998    52643.3421207445    4721.86885039951    0.0896954611956299
115.199999999998    53117.6248025969    4763.96965449124    0.0896871739313602
115.299999999998    53596.1360516428    4806.44180688287    0.0896788865945785
115.399999999998    54078.9131639734    4849.28854670294    0.0896705991852933
115.499999999998    54565.9937609834    4892.51314100924    0.0896623117035131
115.599999999998    55057.4157921753    4936.11888502678    0.0896540241492464
115.699999999998    55553.2175379887    4980.10910238776    0.0896457365225017
115.799999999998    56053.4376126528    5024.4871453735    0.0896374488232874
115.899999999998    56558.1149670634    5069.25639515852    0.0896291610516121
115.999999999998    57067.2888916845    5114.42026205655    0.0896208732074845
116.099999999998    57580.9990194747    5159.98218576865    0.0896125852909129
116.199999999998    58099.2853288383    5205.94563563348    0.0896042973019058
116.299999999998    58622.1881466014    5252.31411087956    0.0895960092404715
116.399999999998    59149.7481510142    5299.0911408798    0.0895877211066188
116.499999999998    59682.0063747774    5346.280285408    0.0895794329003562
116.599999999998    60219.0042080958    5393.88513489763    0.0895711446216921
116.699999999998    60760.7834017569    5441.90931070274    0.089562856270635
116.799999999998    61307.3860702363    5490.35646536106    0.0895545678471935
116.899999999998    61858.8546948291    5539.23028285934    0.0895462793513759
116.999999999998    62415.2321268082    5588.53447890087    0.0895379907831908
117.099999999998    62976.5615906093    5638.27280117532    0.0895297021426471
117.199999999998    63542.8866870433    5688.44902963075    0.089521413429753
117.299999999998    64114.2513965355    5739.06697674797    0.0895131246445169
117.399999999998    64690.7000823929    5790.13048781723    0.0895048357869473
117.499999999998    65272.2774940989    5841.64344121718    0.0894965468570528
117.599999999998    65859.0287706363    5893.60974869616    0.089488257854842
117.699999999998    66450.9994438381    5946.03335565593    0.0894799687803236
117.799999999998    67048.2354417675    5998.91824143769    0.0894716796335058
117.899999999998    67650.7830921257    6052.26841961053    0.0894633904143971
117.999999999998    68258.6891256896    6106.08793826239    0.089455101123006
118.099999999998    68872.0006797782    6160.38088029333    0.0894468117593411
118.199999999998    69490.7653017483    6215.15136371132    0.0894385223234109
118.299999999998    70115.0309525204    6270.40354193053    0.0894302328152239
118.399999999998    70744.8460101344    6326.14160407211    0.0894219432347888
118.499999999998    71380.2592733348    6382.36977526745    0.0894136535821141
118.599999999998    72021.3199651878    6439.09231696403    0.0894053638572082
118.699999999998    72668.0777367276    6496.31352723386    0.0893970740600796
118.799999999998    73320.5826706346    6554.03774108443    0.0893887841907367
118.899999999998    73978.8852849445    6612.26933077235    0.0893804942491883
118.999999999998    74643.0365367891    6671.01270611953    0.0893722042354428
119.099999999998    75313.0878261684    6730.27231483213    0.0893639141495087
119.199999999998    75989.0909997555    6790.05264282202    0.0893556239913945
119.299999999997    76671.0983547329    6850.35821453112    0.0893473337611088
119.399999999997    77359.1626426618    6911.19359325832    0.0893390434586602
119.499999999997    78053.3370733845    6972.5633814892    0.0893307530840572
119.599999999997    78753.6753189596    7034.47222122847    0.0893224626373082
119.699999999997    79460.2315176302    7096.92479433528    0.0893141721184219
119.799999999997    80173.0602778267    7159.92582286123    0.0893058815274067
119.899999999997    80892.2166822025    7223.48006939129    0.0892975908642713
