0    -8.78611800850607e-17    0.00987195638789153    0.00987195638789153
0.1    -0.000191697001826975    0.0100670858443139    0.010070946244688
0.2    -8.57924832494015e-05    0.0102662030097485    0.0102679646869866
0.3    -6.77880370906946e-05    0.0104691675012103    0.0104705869660628
0.4    -0.0001151360233145    0.0106761803943365    0.0106786391033321
0.5    -6.12364989951884e-05    0.0108873332070772    0.0108886666930732
0.6    -7.93247772016942e-05    0.0111026497245357    0.0111044112947034
0.7    -6.3353492190485e-05    0.01132224557719    0.0113236802756766
0.8    -6.04307185086051e-05    0.0115461922245124    0.0115475877982323
0.9    -5.27493132703173e-05    0.0117745806281767    0.0117758228957898
1    -5.41721496489798e-05    0.0120075040427007    0.0120088050577913
1.1    -4.02504118683519e-05    0.0122450368667161    0.0122460226419484
1.2    -4.16869260908766e-05    0.0124872732057035    0.0124883143611765
1.3    -3.89074073196588e-05    0.0127343196828684    0.0127353106401496
1.4    -2.94277650748519e-05    0.0129862553688957    0.0129870197043328
1.5    -3.14033652867809e-05    0.0132431789248155    0.013244010711707
1.6    -2.51960692984738e-05    0.0135051938246554    0.0135058743974021
1.7    -2.24217349925242e-05    0.0137723939331052    0.0137730115488872
1.8    -2.06795749126875e-05    0.0140448858348967    0.0140454667314469
1.9    -1.72683167609019e-05    0.0143227724445001    0.0143232671133851
2    -1.47436766605956e-05    0.0146061556714352    0.0146065863746583
2.1    -1.20363254275736e-05    0.0148951455125921    0.0148955040825454
2.2    -1.13300743423556e-05    0.0151898561902998    0.0151902003985995
2.3    -8.25366296168915e-06    0.0154903967109486    0.0154906524180863
2.4    -5.8611846354422e-06    0.0157968776603899    0.0157970628383085
2.5    -5.61776563892729e-06    0.0161094210414418    0.0161096020403626
2.6    -3.03856558180867e-06    0.0164281453752871    0.0164282452115846
2.7    -1.34321990625731e-06    0.0167531685554963    0.0167532135619357
2.8    -8.41465749608498e-07    0.0170846175915041    0.0170846463437694
2.9    1.05468702823444e-06    0.0174226177684593    0.0174225810176802
3    2.39642685452242e-06    0.0177672950193559    0.0177672098635141
3.1    3.13456553079643e-06    0.0181187828272218    0.0181186692385537
3.2    4.26785974744054e-06    0.0184772158031149    0.0184770580874568
3.3    5.22269420664318e-06    0.0188427285708684    0.0188425317522777
3.4    6.23228113415589e-06    0.0192154590785631    0.0192152195677696
3.5    7.10476819726254e-06    0.0195955495319505    0.0195952710902545
3.6    7.5853195588875e-06    0.0199831458986225    0.0199828427438272
3.7    8.41912785816619e-06    0.0203783946862212    0.0203780515524893
3.8    9.30183941001073e-06    0.0207814443092246    0.0207810577015054
3.9    9.64752006531429e-06    0.0211924491015056    0.0211920401962946
4    1.01437658485808e-05    0.0216115658929059    0.0216111274520253
4.1    1.09262708265693e-05    0.0220389518839175    0.0220384702820656
4.2    1.13382225914273e-05    0.0224747693794705    0.0224742597373731
4.3    1.15790700214313e-05    0.0229191856139228    0.0229186548543584
4.4    1.20773854342036e-05    0.0233723684742371    0.0233718039268502
4.5    1.25530376569137e-05    0.0238344881994361    0.0238338898164918
4.6    1.28234824418516e-05    0.0243057205567326    0.0243050971967647
4.7    1.30936941365863e-05    0.0247862452598755    0.0247855961813459
4.8    1.3393959233682e-05    0.0252762443047347    0.025275567215832
4.9    1.36469482868601e-05    0.0257759028579476    0.0257751993427218
5    1.38999033468456e-05    0.0262854099390462    0.026284679219888
5.1    1.41324712818033e-05    0.0268049586202988    0.0268042009903902
5.2    1.42816159341491e-05    0.0273347461835497    0.0273339654260068
5.3    1.44303471314492e-05    0.0278749733683913    0.0278741688889163
5.4    1.46380280243587e-05    0.0284258440718333    0.0284250118874106
5.5    1.47978685679238e-05    0.0289875666720764    0.028986708776368
5.6    1.48635227804705e-05    0.0295603545341033    0.0295594758051582
5.7    1.49476067306846e-05    0.0301444245882533    0.0301435234277158
5.8    1.50954938362816e-05    0.0307399969223555    0.0307390688654968
5.9    1.52087601697088e-05    0.0313472964513487    0.0313463429588227
5.99999999999999    1.52412838848292e-05    0.0319665536838391    0.0319655792760513
6.09999999999999    1.52695629029933e-05    0.0325980033915185    0.0325970078921927
6.19999999999999    1.53416487450454e-05    0.0332418837916267    0.033240863836665
6.29999999999999    1.54107016819461e-05    0.0338984376193978    0.0338973928380794
6.39999999999999    1.54366655858053e-05    0.0345679131678297    0.0345668459576728
6.49999999999999    1.54446625242888e-05    0.0352505638988765    0.035249475049567
6.59999999999999    1.54640166635465e-05    0.0359466477812207    0.0359455360392921
6.69999999999999    1.54841403125605e-05    0.0366564275198978    0.0366552923509407
6.79999999999999    1.54888165515275e-05    0.0373801711109202    0.0373790131796291
6.89999999999999    1.54846674440165e-05    0.0381181519318837    0.0381169714563505
6.99999999999999    1.54808633437633e-05    0.0388706486321828    0.0388694451484146
7.09999999999999    1.54717743568438e-05    0.0396379452658067    0.0396367187460929
7.19999999999999    1.54522923870045e-05    0.0404203314729457    0.0404190823186874
7.29999999999999    1.54302285150588e-05    0.0412181024744831    0.0412168304846299
7.39999999999999    1.54123406447812e-05    0.0420315591270611    0.042030263537615
7.49999999999999    1.53917114748123e-05    0.0428610082353956    0.0428596888471587
7.59999999999999    1.53589645334552e-05    0.0437067628151502    0.0437054202545306
7.69999999999999    1.53177357591375e-05    0.044569142004182    0.044567776628416
7.79999999999999    1.52799046845651e-05    0.0454484708762936    0.0454470820009094
7.89999999999999    1.52489659837157e-05    0.0463450806105712    0.0463436672030087
7.99999999999999    1.52162035476132e-05    0.0472593089806715    0.0472578707880254
8.09999999999999    1.51733708753207e-05    0.0481915006811989    0.0481900382483631
8.19999999999999    1.51230092083764e-05    0.0491420072361134    0.0491405209085353
8.29999999999999    1.50738364909517e-05    0.0501111867832855    0.0501096760703859
8.39999999999999    1.50297321765457e-05    0.0510994041538822    0.0510978681562502
8.49999999999999    1.49867326105541e-05    0.0521070312648267    0.0521054694599437
8.59999999999999    1.49394849240364e-05    0.0531344474867249    0.0531328599078882
8.69999999999999    1.48874334661617e-05    0.0541820397471108    0.0541804265081042
8.79999999999998    1.48341394426829e-05    0.0552502024706582    0.0552485633165582
8.89999999999998    1.47824725593462e-05    0.0563393376075801    0.0563376719627781
8.99999999999998    1.4731995045373e-05    0.057449854845167    0.0574481621681497
9.09999999999998    1.46806848857701e-05    0.0585821718839109    0.0585804518563514
9.19999999999998    1.46277506358435e-05    0.0597367146336206    0.0597349670316532
9.29999999999998    1.45740653817009e-05    0.0609139173200405    0.0609121418190894
9.39999999999998    1.45205857820122e-05    0.0621142225915536    0.0621124187479516
9.49999999999998    1.44672706242467e-05    0.0633380816811335    0.0633362490493097
9.59999999999998    1.44135671985102e-05    0.0645859545955644    0.0645840927944063
9.69999999999998    1.4359436239259e-05    0.0658583102850112    0.0658564189357551
9.79999999999998    1.43055503231256e-05    0.0671556267946933    0.0671537054257824
9.89999999999998    1.42525261655156e-05    0.0684783914393297    0.0684764394870184
9.99999999999998    1.42001858838042e-05    0.0698271010199517    0.0698251179324834
10.1    1.41477242553012e-05    0.0712022620507216    0.0712002473792849
10.2    1.40945681747375e-05    0.0726043909458153    0.0726023443195856
10.3    1.40409795220726e-05    0.0740340141563425    0.0740319351653801
10.4    1.39878346164646e-05    0.0754916683016672    0.0754895564012659
10.5    1.39358652535139e-05    0.076977900351425    0.0769757548740305
10.6    1.38850924273521e-05    0.0784932678735051    0.0784910881312123
10.7    1.38349012858007e-05    0.0800383393096835    0.0800361246952757
10.8    1.37846173378244e-05    0.0816136942223568    0.0816114442262833
10.9    1.3734044972663e-05    0.0832199234855629    0.0832176376246135
11    1.36835561721112e-05    0.0848576294422635    0.0848553071657623
11.1    1.3633739679283e-05    0.086527426076468    0.0865250667238303
11.2    1.3584955589073e-05    0.0882299392351239    0.0882275420680771
11.3    1.35371389790401e-05    0.0899658068969028    0.0899633711706129
11.4    1.34899360360555e-05    0.0917356794550691    0.0917332044715603
11.5    1.3443008469151e-05    0.0935402199799034    0.0935377050897723
11.6    1.33962610422641e-05    0.0953801044488723    0.0953775490095508
11.7    1.33498570870807e-05    0.0972560219596795    0.0972534252863567
11.8    1.33040641761718e-05    0.0991686749532701    0.0991660362955433
11.9    1.32590658376309e-05    0.101118779465693    0.101116098020138
12    1.32148720320401e-05    0.103107065408861    0.103104340351522
12.1    1.31713580631403e-05    0.105134276865182    0.10513150737925
12.2    1.31283745540188e-05    0.107201172378658    0.107198357661324
12.3    1.30858423708545e-05    0.109308525234039    0.109305664483212
12.4    1.30437789093433e-05    0.111457123727752    0.111454216121519
12.5    1.30022602729994e-05    0.113647771441346    0.113644816123964
12.6    1.29613606247892e-05    0.115881287527164    0.115878283607784
12.7    1.29211090446149e-05    0.118158507009621    0.118155453571168
12.8    1.28814886550091e-05    0.120480281098873    0.120477177208108
12.9    1.28424592910038e-05    0.122847477510939    0.122844322224003
13    1.28039899636131e-05    0.125260980789895    0.125257773150284
13.1    1.27660729321467e-05    0.127721692631558    0.127718431664301
13.2    1.27287217764635e-05    0.130230532211233    0.13022721691701
13.3    1.26919535959491e-05    0.132788436518863    0.132785065872295
13.4    1.26557743444716e-05    0.135396360703434    0.13539293365523
13.5    1.26201706984021e-05    0.138055278426124    0.13805179390774
13.6    1.25851173223157e-05    0.140766182220034    0.140762639146788
13.7    1.25505898126254e-05    0.143530083854417    0.143526481125217
13.8    1.25165751481327e-05    0.146348014702827    0.146344351196834
13.9    1.24830760258364e-05    0.149221026116505    0.149217300688183
14    1.24501062572669e-05    0.152150189805453    0.15214640128056
14.1    1.24176800567485e-05    0.1551365982295    0.155132745404059
14.2    1.23858039946708e-05    0.158181365000346    0.158177446642113
14.3    1.23544707044489e-05    0.161285625293913    0.161281640146082
14.4    1.23236611696837e-05    0.164450536271146    0.16444648305572
14.5    1.22933514712771e-05    0.167677277505185    0.167673154924453
14.6    1.22635205352624e-05    0.170967051413667    0.1709628581492
14.7    1.22341543631098e-05    0.174321083696254    0.174316818406342
14.8    1.22052499461394e-05    0.177740623778739    0.177736285094217
14.9    1.21768107006234e-05    0.181226945265732    0.181222531787061
15    1.21488429085132e-05    0.18478134640373    0.184776856699175
15.1    1.21213498333839e-05    0.188405150555637    0.188400583161519
15.2    1.2094329493391e-05    0.192099706686745    0.192095060108645
15.3    1.20677741525471e-05    0.195866389861403    0.195861662575737
15.4    1.20416705785827e-05    0.199706601749231    0.199701792204925
15.5    1.20160034746185e-05    0.203621771139859    0.203616877758839
15.6    1.19907589530982e-05    0.207613354465663    0.207608375641985
15.7    1.19659257392214e-05    0.211682836332673    0.211677770431092
15.8    1.1941496902296e-05    0.215831730060375    0.215826575414058
15.9    1.19174685977506e-05    0.220061578231494    0.220056333140106
16    1.1893839300964e-05    0.224373953252858    0.224368615980853
16.1    1.18706077536305e-05    0.228770457928187    0.228765026703916
16.2    1.18477713910326e-05    0.23325272604321    0.233247199058743
16.3    1.18253256295605e-05    0.237822422963134    0.237816798374459
16.4    1.18032634982119e-05    0.242481246242162    0.242475522169639
16.5    1.17815767776633e-05    0.247230926244678    0.247225100773033
16.6    1.17602564272669e-05    0.252073226777812    0.252067297955966
16.7    1.17392937561663e-05    0.257009945735299    0.257003911575634
16.8    1.17186800344413e-05    0.262042915752831    0.262036774230631
16.9    1.16984088148896e-05    0.267174004875273    0.267167753926932
17    1.16784745255513e-05    0.272405117236307    0.272398754758166
17.1    1.16588716993381e-05    0.277738193751068    0.277731717598639
17.2    1.16395961323447e-05    0.283175212822304    0.283168620808808
17.3    1.16206433176111e-05    0.28871819106046    0.288711480956201
17.4    1.1602008448702e-05    0.294369184018002    0.294362353549729
17.5    1.15836866021418e-05    0.300130286938128    0.300123333788304
17.6    1.15656721945178e-05    0.306003635518002    0.305996557324389
17.7    1.15479589811477e-05    0.311991406686587    0.311984201041864
17.8    1.15305413644872e-05    0.318095819397193    0.318088483847769
17.9    1.15134129698018e-05    0.324319135434927    0.324311667480628
18    1.14965682101517e-05    0.33066366023929    0.330656057332049
18.1    1.1480001136676e-05    0.337131743742248    0.337124003285505
18.2    1.14637067966529e-05    0.343725781222111    0.343717900569304
18.3    1.14476802879479e-05    0.350448214173641    0.350440190627266
18.4    1.14319162854777e-05    0.357301531194753    0.357293362005756
18.5    1.1416410336086e-05    0.364288268890169    0.364279951256409
18.6    1.14011577464884e-05    0.371411012792379    0.371402543857843
18.7    1.13861535010021e-05    0.378672398300224    0.378663775154301
18.8    1.13713934293074e-05    0.386075111635384    0.386066331311254
18.9    1.13568721869276e-05    0.393621890817096    0.393612950291624
19    1.13425854151751e-05    0.401315526655381    0.401306422847363
19.1    1.13285283699492e-05    0.409158863763126    0.409149593532552
19.2    1.13146963716616e-05    0.417154801587362    0.417145361734331
19.3    1.1301085463475e-05    0.425306295460137    0.425296682723186
19.4    1.12876912322529e-05    0.433616357669409    0.433606568724787
19.5    1.12745098941528e-05    0.442088058550407    0.442078090010417
19.6    1.12615381222651e-05    0.450724527597957    0.45071437600938
19.7    1.12487724765373e-05    0.459528954600285    0.459518616443263
19.8    1.12362100541242e-05    0.468504590794828    0.46849406248114
19.9    1.12238484044966e-05    0.477654750046614    0.477644027917949
20    1.12116852429925e-05    0.486982810049761    0.486971890376219
20.1    1.1199718446087e-05    0.496492213552695    0.496481092531243
20.2    1.11879465971326e-05    0.506186469607626    0.506175143359963
20.3    1.11763678392333e-05    0.516069154844862    0.516057619416376
20.4    1.1164980899014e-05    0.526143914772495    0.526132166130151
20.5    1.1153784530131e-05    0.536414465101934    0.536402499132674
20.6    1.11427767722419e-05    0.546884593099729    0.546872405609649
20.7    1.11319565404311e-05    0.557558158966021    0.557545745677816
20.8    1.11213211079399e-05    0.568439097239868    0.568426453793019
20.9    1.11108680890555e-05    0.579531418231595    0.579518540180399
21    1.11005940465785e-05    0.590839209482176    0.590826092295362
21.1    1.10904944899595e-05    0.602366637249629    0.602353276310066
21.2    1.10805649259805e-05    0.614117948022282    0.614104338625491
21.3    1.10707995466486e-05    0.626097470058835    0.626083607413131
21.4    1.10611921609099e-05    0.63830961495519    0.638295494180765
21.5    1.10517365213204e-05    0.650758879238167    0.650744495365789
21.6    1.10424259703656e-05    0.663449845986479    0.663435193956655
21.7    1.10332547991286e-05    0.676387186479625    0.676372261139957
21.8    1.10242170260218e-05    0.689575661875658    0.689560457979765
21.9    1.10153079722736e-05    0.703020124919156    0.703004637123386
22    1.10065243000073e-05    0.716725521680883    0.716709744540793
22.1    1.0997862961208e-05    0.730696893330929    0.730680821299089
22.2    1.09893225519249e-05    0.744939377947062    0.744923005368773
22.3    1.0980901810488e-05    0.759458212360019    0.75944153347105
22.4    1.09726002652769e-05    0.77425873403729    0.774241742960545
22.5    1.09644181142329e-05    0.789346383006636    0.789329073748862
22.6000000000001    1.09563550169716e-05    0.80472670382032    0.804709070270602
22.7000000000001    1.09484111454797e-05    0.820405347560624    0.8203873834872
22.8000000000001    1.09405854746773e-05    0.836388073886901    0.8363697729367
22.9000000000001    1.09328766452922e-05    0.852680753124093    0.852662108820946
23.0000000000001    1.0925282557142e-05    0.869289368392388    0.869270374135958
23.1000000000001    1.09178002876864e-05    0.886220017777601    0.88620066684254
23.2000000000001    1.09104265773853e-05    0.903478916541806    0.903459202076133
23.3000000000001    1.09031571600832e-05    0.921072399373895    0.921052314398633
23.4000000000001    1.089598812358e-05    0.939006922679943    0.938986460086348
23.5000000000001    1.08889148375599e-05    0.957289066913615    0.957268219462372
23.6000000000001    1.08819334517875e-05    0.975925538947189    0.97590429926478
23.7000000000001    1.08750398435236e-05    0.994923174484119    0.994901535061121
23.8000000000001    1.08682310803572e-05    1.01428894051436    1.0142668937008
23.9000000000001    1.08615037206988e-05    1.03402993781392    1.03400747581786
24.0000000000001    1.08548559975079e-05    1.05415340349015    1.05413051837177
24.1000000000001    1.08482860830323e-05    1.0746667135745    1.07464339724353
24.2000000000001    1.08417925309416e-05    1.09557738566457    1.0955536298767
24.3000000000001    1.08353748265993e-05    1.11689308161709    1.11686887796898
24.4000000000001    1.08290327724443e-05    1.13862161029362    1.1385969502192
24.5000000000001    1.08227668238112e-05    1.16077093036088    1.16074580512658
24.6000000000001    1.08165773283017e-05    1.1833491531471    1.18332355384875
24.7000000000001    1.08104654627493e-05    1.20636454555602    1.20633846311347
24.8000000000001    1.08044316125972e-05    1.22982553303982    1.22979895819521
24.9000000000001    1.07984768844881e-05    1.25374070263202    1.25371362594442
25.0000000000001    1.07926015918711e-05    1.27811880604123    1.27809121788486
25.1000000000001    1.07868060010722e-05    1.30296876280625    1.30294065336692
25.2000000000001    1.07810893336054e-05    1.32829966351301    1.32827102278712
25.3000000000001    1.07754508093816e-05    1.35412077307336    1.35409159086425
25.4000000000001    1.07698889552174e-05    1.38044153406578    1.38041179998196
25.5000000000001    1.07644014895176e-05    1.40727157013798    1.40724127359173
25.6000000000001    1.07589855280129e-05    1.43462068947116    1.43458981967681
25.7000000000001    1.07536374223425e-05    1.46249888830627    1.46246743427896
25.8000000000001    1.07483542337228e-05    1.49091635453223    1.49088430508248
25.9000000000001    1.07431319495617e-05    1.51988347133709    1.51985081507056
26.0000000000001    1.07379674071987e-05    1.54941082092326    1.54937754623477
26.1000000000001    1.07328574823767e-05    1.57950918828863    1.5794752833585
26.2000000000001    1.07277994264661e-05    1.61018956507587    1.6101550178651
26.3000000000001    1.07227920277087e-05    1.64146315349301    1.64142795173444
26.4000000000001    1.07178346213196e-05    1.67334137030839    1.67330550150068
26.5000000000001    1.07129269689391e-05    1.70583585092381    1.70579930232557
26.6000000000001    1.0708069888246e-05    1.7389584535293    1.73892121215078
26.7000000000001    1.07032650092749e-05    1.77272126334278    1.772683315938
26.8000000000001    1.06985137204917e-05    1.80713659693747    1.8070979299998
26.9000000000001    1.0693817374214e-05    1.84221700665915    1.84217760641603
27.0000000000001    1.0689177497775e-05    1.87797528513439    1.87793513754121
27.1000000000001    1.06845945880061e-05    1.9144244698704    1.91438356060884
27.2000000000001    1.06800684039763e-05    1.9515778479464    1.95153616242178
27.3000000000001    1.06755983193152e-05    1.9894489607956    1.9894064841331
27.4000000000001    1.06711825603363e-05    2.02805160907714    2.02800832612109
27.5000000000001    1.06668185434619e-05    2.0673998576368    2.06735575294898
27.6000000000001    1.06625034755101e-05    2.10750804055588    2.10746309841146
27.7000000000001    1.06582336745305e-05    2.14839076628782    2.1483449706743
27.8000000000001    1.06540055321102e-05    2.1900629228832    2.19001625749538
27.9000000000001    1.06498157796517e-05    2.23253968330422    2.23249213153794
28.0000000000001    1.06456613124503e-05    2.27583651083139    2.27578805577783
28.1000000000001    1.06415400687943e-05    2.31996916456556    2.31991978900134
28.2000000000001    1.06374503749455e-05    2.36495370502988    2.36490339140974
28.3000000000001    1.0633391893386e-05    2.41080649987659    2.41075523032117
28.4000000000001    1.06293651454562e-05    2.45754422970388    2.45749198598924
28.5000000000001    1.06253710994998e-05    2.50518389398831    2.50513065753688
28.6000000000001    1.06214113715592e-05    2.55374281713734    2.55368856900753
28.7000000000001    1.06174878113754e-05    2.60323865466606    2.60318337554362
28.8000000000001    1.06136021764901e-05    2.6536893995012    2.65363306969189
28.9000000000001    1.06097562149319e-05    2.70511338841405    2.70505598783589
29.0000000000001    1.06059507107149e-05    2.75752930858331    2.75747081676381
29.1000000000001    1.06021855214436e-05    2.81095620428762    2.81089660036121
29.2000000000001    1.05984606086303e-05    2.86541348372684    2.8653527464267
29.3000000000001    1.05947740948266e-05    2.92092092597114    2.92085903363216
29.4000000000001    1.05911244007708e-05    2.97749868803668    2.97743561858664
29.5000000000001    1.05875088568638e-05    3.03516731208736    3.03510304304622
29.6000000000002    1.05839243012952e-05    3.09394773276302    3.09388224123899
29.7000000000002    1.05803685147828e-05    3.15386128463523    3.15379454731206
29.8000000000002    1.05768387922743e-05    3.21492970979363    3.21486170292639
29.9000000000002    1.05733329057715e-05    3.27717516556677    3.27710586497147
30.0000000000002    1.05698496114073e-05    3.34062023238261    3.34054961342211
30.1000000000002    1.05663880649607e-05    3.40528792177487    3.40521595934794
30.2000000000002    1.05629486940496e-05    3.47120168454198    3.47112835306598
30.3000000000002    1.05595318165305e-05    3.53838541906561    3.53831069246787
30.4000000000002    1.05561391484978e-05    3.6068634797952    3.60678733149346
30.5000000000002    1.05527719598384e-05    3.6766606859043    3.67658308879958
30.6000000000002    1.05494320653675e-05    3.74780233012339    3.74772325658542
30.7000000000002    1.05461206890523e-05    3.82031418775199    3.82023360961279
30.8000000000002    1.05428388084944e-05    3.89422252585198    3.89414041439691
30.9000000000002    1.05395864381887e-05    3.96955411262203    3.96947043858654
31.0000000000002    1.05363634264178e-05    4.04633622695259    4.04625096051293
31.1000000000002    1.0533168654793e-05    4.12459666815987    4.12450977893041
31.2000000000002    1.05299999514473e-05    4.20436376589774    4.20427522292959
31.3000000000002    1.05268555111191e-05    4.28566639024681    4.28557616201491
31.4000000000002    1.05237328880331e-05    4.36853396198113    4.36844201637968
31.5000000000002    1.05206297423476e-05    4.45299646301477    4.45290276734644
31.6000000000002    1.05175437559559e-05    4.53908444703209    4.53898896799773
31.7000000000002    1.05144738838781e-05    4.62682905030747    4.62673175398406
31.8000000000002    1.05114193144187e-05    4.71626200272206    4.71616285454923
31.9000000000002    1.05083796396741e-05    4.8074156389864    4.80731460375087
32.0000000000002    1.05053554931055e-05    4.90032291007795    4.90021995189116
32.1000000000002    1.050234801041e-05    4.99501739490253    4.99491247718241
32.2000000000002    1.04993585501629e-05    5.0915333121877    5.0914263976426
32.3000000000002    1.04963884106376e-05    5.18990553261457    5.18979658322957
32.4000000000002    1.04934387518735e-05    5.29016959119253    5.29005856821636
32.5000000000002    1.04905104038143e-05    5.39236169987983    5.39224856381366
32.6000000000002    1.04876036884452e-05    5.49651876045109    5.49640347103935
32.7000000000002    1.04847183661944e-05    5.60267837761169    5.6025608938337
32.8000000000002    1.04818534887973e-05    5.71087887235849    5.71075915242212
32.9000000000002    1.04790076455378e-05    5.82115929558625    5.82103729691914
33.0000000000002    1.04761794439368e-05    5.93355944193982    5.93343512117532
33.1000000000002    1.04733666367043e-05    6.04811986391414    6.04799317688738
33.2000000000002    1.04705677358064e-05    6.16488188620531    6.16475278793029
33.3000000000002    1.04677815187421e-05    6.28388762031858    6.28375606497027
33.4000000000002    1.04650063398953e-05    6.40517997944134    6.40504592034608
33.5000000000002    1.04622422883721e-05    6.52880269359041    6.5286660831884
33.6000000000002    1.04594893867092e-05    6.65480032504455    6.65466111487388
33.7000000000002    1.0456747880963e-05    6.78321828407356    6.78307642475011
33.8000000000002    1.04540191006175e-05    6.91410284497439    6.9139582861592
33.9000000000002    1.04513037941105e-05    7.04750116242398    7.04735385281228
34.0000000000002    1.04486032006677e-05    7.18346128815635    7.18331117545161
34.1000000000002    1.04459184048972e-05    7.32203218796937    7.32187921886569
34.2000000000002    1.04432495965401e-05    7.46326375906466    7.46310787924007
34.3000000000002    1.04405966746974e-05    7.60720684772215    7.60704800182356
34.4000000000002    1.04379594264328e-05    7.75391326730942    7.75375139893483
34.5000000000002    1.04353369044169e-05    7.90343581662597    7.90327086831636
34.6000000000002    1.04327275843345e-05    8.05582829858299    8.05566021181239
34.7000000000002    1.04301304887877e-05    8.2111455392203    8.21097425436795
34.8000000000002    1.04275437364714e-05    8.36944340706481    8.36926886341052
34.9000000000002    1.04249663417268e-05    8.53077883283711    8.53060096852694
35.0000000000002    1.04223974492194e-05    8.69520982951533    8.69502858153887
35.1000000000002    1.04198366013453e-05    8.862795512768    8.86261081693035
35.2000000000002    1.04172836627319e-05    9.03359612176902    9.03340791266306
35.3000000000002    1.04147392959754e-05    9.20767304040828    9.20748125137723
35.4000000000002    1.04122039570997e-05    9.38508881891153    9.38489338202859
35.5000000000002    1.04096791173446e-05    9.56590719588153    9.56570804190591
35.6000000000002    1.04071649520321e-05    9.75019312077045    9.74999017914625
35.7000000000002    1.04046624192082e-05    9.9380127767911    9.93780597560667
35.8000000000002    1.04021718399882e-05    10.1294336042717    10.1292228702458
35.9000000000002    1.03996931159355e-05    10.3245243244577    10.3243095829218
36.0000000000002    1.03972258956006e-05    10.5233549637623    10.52313613864
36.1000000000002    1.0394769437272e-05    10.7259968784675    10.7257738922563
36.2000000000002    1.03923224262357e-05    10.9325227798786    10.9322955536367
36.3000000000002    1.03898839972579e-05    11.143006759936    11.1427752132465
36.4000000000002    1.03874531898184e-05    11.3575243172924    11.3572883682389
36.5000000000002    1.03850292913178e-05    11.5761523838643    11.5759119489981
36.6000000000003    1.03826113505904e-05    11.7989693518715    11.798724346189
36.7000000000003    1.03801994061704e-05    12.0260551013784    12.0258054382699
36.8000000000003    1.03777938727838e-05    12.257491028354    12.2572366195637
36.9000000000003    1.03753947000755e-05    12.4933600732667    12.4931008288726
37.0000000000003    1.0373002865861e-05    12.733746750229    12.7334825785861
37.1000000000003    1.03706190929667e-05    12.9787371767075    12.97846798442
37.2000000000003    1.0368243593726e-05    13.2284191038085    13.2281447957093
37.3000000000003    1.03658772678508e-05    13.482881947148    13.4826024262465
37.4000000000003    1.03635198146318e-05    13.7422168183136    13.7419319857929
37.5000000000003    1.03611712086825e-05    14.0065165569219    14.006226312097
37.6000000000003    1.03588309605018e-05    14.2758757632751    14.2755800035711
37.7000000000003    1.03564981579643e-05    14.5503908316213    14.5500894525509
37.8000000000003    1.03541723846179e-05    14.830159984025    14.8298528791389
37.9000000000003    1.03518520750186e-05    15.1152833048543    15.1149703657401
38.0000000000003    1.03495373028305e-05    15.4058627758989    15.4055438920962
38.1000000000003    1.03472272151995e-05    15.7020023121321    15.701677371123
38.2000000000003    1.03449215293969e-05    16.0038077981361    16.0034766852898
38.3000000000003    1.03426207253191e-05    16.3113871252083    16.3110497237168
38.4000000000003    1.03403247752973e-05    16.6248502291708    16.6245064200245
38.5000000000003    1.03380341496404e-05    16.9443091289018    16.9439587908307
38.6000000000003    1.03357497415985e-05    17.2698779656053    17.2695209750217
38.7000000000003    1.03334716237304e-05    17.6016730428366    17.6013092738178
38.8000000000003    1.03312002892509e-05    17.9398128672931    17.9394421915228
38.9000000000003    1.03289358261902e-05    18.2844181903821    18.2840404771192
39.0000000000003    1.03266780718264e-05    18.6356120505722    18.6352271666142
39.1000000000003    1.0324426177266e-05    18.9935198165365    18.9931276261993
39.2000000000003    1.03221803022662e-05    19.3582692310937    19.3578695961281
39.3000000000003    1.03199392238302e-05    19.7299904559586    19.7295832355564
39.4000000000003    1.03177026196226e-05    20.1088161173148    20.1084011680267
39.5000000000003    1.03154697581954e-05    20.4948813522235    20.4944585279276
39.6000000000003    1.03132407976865e-05    20.8883238558902    20.8878930077061
39.7000000000003    1.03110149385352e-05    21.2892839298108    21.2888449060884
39.8000000000003    1.03087930782131e-05    21.697904530821    21.6974571770166
39.9000000000003    1.03065749302334e-05    22.1143313210727    22.1138754797453
40.0000000000003    1.03043611154359e-05    22.5387127189629    22.5382482296793
40.1000000000003    1.03021521500617e-05    22.9711999510337    22.9707266503158
40.2000000000003    1.02999481296234e-05    23.4119471048632    23.4114648261491
40.3000000000003    1.02977493412355e-05    23.8611111829627    23.8606197565393
40.4000000000003    1.02955556977314e-05    24.3188521576926    24.3183514106542
40.5000000000003    1.02933669963275e-05    24.7853330272088    24.784822783403
40.6000000000003    1.02911829543333e-05    25.2607198724509    25.2601999524219
40.7000000000003    1.02890030672418e-05    25.7451819151843    25.7446521361238
40.8000000000003    1.0286826541181e-05    26.2388915771122    26.2383517528127
40.9000000000003    1.02846534805707e-05    26.7420245400753    26.741474480821
41.0000000000003    1.02824833000414e-05    27.2547598073622    27.2541993199003
41.1000000000003    1.02803155693125e-05    27.7772797661576    27.7767086536255
41.2000000000003    1.02781506238878e-05    28.3097702511553    28.309188312971
41.3000000000003    1.02759888429259e-05    28.852420609367    28.8518276411557
41.4000000000003    1.0273830076874e-05    29.405423766156    29.4048195597093
41.5000000000003    1.02716750558176e-05    29.9689762925237    29.9683606356751
41.6000000000003    1.02695239364372e-05    30.543278473672    30.5426511502555
41.7000000000003    1.02673765817992e-05    31.1285343788657    31.1278951686589
41.8000000000003    1.02652332347535e-05    31.7249519326121    31.7243006112362
41.9000000000003    1.02630938257222e-05    32.3327429871752    32.3320793260366
42.0000000000003    1.02609579944451e-05    32.9521233964416    32.9514471626724
42.1000000000003    1.02588251646019e-05    33.5833130911573    33.5826240475512
42.2000000000003    1.0256695465045e-05    34.2265361555536    34.2258340604384
42.3000000000003    1.02545681473646e-05    34.8820209053889    34.881305512604
42.4000000000003    1.02524431318801e-05    35.5499999674341    35.5492710262015
42.5000000000003    1.02503200993534e-05    36.230710360432    36.2299676152882
42.6000000000003    1.02481994085635e-05    36.9243935775691    36.9236367682282
42.7000000000003    1.02460810737333e-05    37.6312956704916    37.63052453178
42.8000000000003    1.0243965203085e-05    38.3516673349062    38.350881596664
42.9000000000003    1.02418521436486e-05    39.085763997797    39.0849633847652
43.0000000000003    1.02397419366306e-05    39.8338459062903    39.8330301380387
43.1000000000003    1.02376349718361e-05    40.5961782181972    40.5953470089991
43.2000000000003    1.02355310667713e-05    41.3730310942581    41.3721841530369
43.3000000000003    1.02334300305399e-05    42.1646797921147    42.163816822345
43.4000000000003    1.0231331794657e-05    42.9714047620308    42.9705254616276
43.5000000000003    1.02292360930756e-05    43.7934917443896    43.7925958056216
43.6000000000003    1.02271426494457e-05    44.631231868995    44.6303189783814
43.7000000000004    1.02250509402746e-05    45.4849217562087    45.4839915944357
43.8000000000004    1.02229611504285e-05    46.3548636199595    46.3539158617085
43.9000000000004    1.02208728964018e-05    47.2413653726669    47.2403996865552
44.0000000000004    1.02187865055834e-05    48.1447407321208    48.1437567805218
44.1000000000004    1.0216702100626e-05    49.0653093303627    49.0643067693077
44.2000000000004    1.02146193531988e-05    50.0033968246126    50.0023753037171
44.3000000000004    1.02125393042335e-05    50.959335010283    50.9582941724892
44.4000000000004    1.02104614434082e-05    51.9334619361203    51.9324014177272
44.5000000000004    1.02083859744585e-05    52.9261220215088    52.9250414519762
44.6000000000004    1.02063129805799e-05    53.9376661759717    53.936565177804
44.7000000000004    1.02042419644969e-05    54.9684519209019    54.9673301095815
44.8000000000004    1.02021733518213e-05    56.0188435135545    56.0177004973107
44.9000000000004    1.02001065354213e-05    57.0892120733396    57.0880474531285
45.0000000000004    1.01980412715974e-05    58.1799357104531    58.1787490797833
45.1000000000004    1.01959774750177e-05    59.2913996568889    59.2901906016656
45.2000000000004    1.01939150104528e-05    60.423996399882    60.4227644982721
45.3000000000004    1.01918539574618e-05    61.5781258178351    61.5768706400971
45.4000000000004    1.01897943859463e-05    62.7541953187814    62.7529164271187
45.5000000000004    1.01877363730444e-05    63.9526199814405    63.9513169298502
45.6000000000004    1.01856801867113e-05    65.1738226989193    65.1724950330133
45.7000000000004    1.01836256887589e-05    66.41823432511    66.4168815820113
45.8000000000004    1.01815730569313e-05    67.6862938238339    67.684915531976
45.9000000000004    1.01795224597341e-05    68.9784484207736    68.977044099739
46.0000000000004    1.0177473539866e-05    70.2951537582427    70.2937229186704
46.1000000000004    1.01754264325592e-05    71.6368740528323    71.6354161961831
46.2000000000004    1.01733807357274e-05    73.0040822559827    73.002596874446
46.3000000000004    1.0171336541474e-05    74.3972602175299    74.3957467937806
46.4000000000004    1.01692932979053e-05    75.8168988522812    75.8153568593995
46.5000000000004    1.01672514261902e-05    77.2634983096784    77.2619272108254
46.6000000000004    1.01652108104224e-05    78.7375681466124    78.7359673949266
46.7000000000004    1.0163171105003e-05    80.2396275034588    80.2379965419071
46.8000000000004    1.01611327562318e-05    81.7702052833964    81.7685435444587
46.9000000000004    1.01590956407892e-05    83.3298403350806    83.3281472406455
47.0000000000004    1.01570600786992e-05    84.9190816387348    84.917356599828
47.1000000000004    1.01550260003831e-05    86.5384884957216    86.5367309123685
47.2000000000004    1.01529933962878e-05    88.188630721656    88.1868399826666
47.3000000000004    1.01509623151327e-05    89.8700888431142    89.8682643258646
47.4000000000004    1.0148932356661e-05    91.5834542980023    91.5815953683032
47.5000000000004    1.01469038537999e-05    93.3293296396392    93.3274356513881
47.6000000000004    1.01448764819755e-05    95.1083287446223    95.1063990397039
47.7000000000004    1.01428500772026e-05    96.921077024545    96.9191109325796
47.8000000000004    1.01408243526611e-05    98.7682116416374    98.7662084797794
47.9000000000004    1.01387997848318e-05    100.650381728411    100.648340800967
48.0000000000004    1.01367762209895e-05    102.56824861139    102.566169209702
48.1000000000004    1.013475342207e-05    104.522486039014    104.52036744124
48.2000000000004    1.01327318806372e-05    106.513780413791    106.511621884505
48.3000000000004    1.01307115609088e-05    108.542831028783    108.540631818836
48.4000000000004    1.01286924188523e-05    110.610350308515    110.608109654777
48.5000000000004    1.0126674452735e-05    112.717064054362    112.714781179454
48.6000000000004    1.01246575314091e-05    114.863711694505    114.861385806567
48.7000000000004    1.01226420491781e-05    117.051046538533    117.048676830829
48.8000000000004    1.01206271989442e-05    119.279836036758    119.277421687687
48.9000000000004    1.01186132810661e-05    121.550862044338    121.548402216894
49.0000000000004    1.01166003368777e-05    123.86492109029    123.862414931838
49.1000000000004    1.01145880952254e-05    126.222824651485    126.220271293552
49.2000000000004    1.01125764950949e-05    128.625399431738    128.622797989663
49.3000000000004    1.01105656928922e-05    131.073487646068    131.07083721865
49.4000000000004    1.01085559380943e-05    133.567947310265    133.565246979427
49.5000000000004    1.01065469779689e-05    136.109652535838    136.106901366448
49.6000000000004    1.01045389344186e-05    138.699493830467    138.696690869919
49.7000000000004    1.0102531969588e-05    141.33837840404    141.335522681917
49.8000000000004    1.01005260049874e-05    144.027230480386    144.0243210082
49.9000000000004    1.00985207082211e-05    146.7669916148    146.764027385726
50.0000000000004    1.00965166656352e-05    149.558621017446    149.555601005718
50.1000000000004    1.00945130799254e-05    152.403095882759    152.400019043729
50.2000000000004    1.00925102936852e-05    155.301411724945    155.298276994389
50.3000000000004    1.00905082077524e-05    158.254582719684    158.251389013578
50.4000000000004    1.00885067003215e-05    161.263642052175    161.260388266334
50.5000000000004    1.00865058628254e-05    164.329642271634    164.32632728127
50.6000000000004    1.00845055994921e-05    167.453655652374    167.450278311776
50.7000000000005    1.0082506293639e-05    170.636774561596    170.633333703582
50.8000000000005    1.00805075240483e-05    173.880111834026    173.876606269813
50.9000000000005    1.00785096915454e-05    177.184801153508    177.181229672032
51.0000000000005    1.00765126193833e-05    180.551997441696    180.548358809399
51.1000000000005    1.00745163648256e-05    183.98287725395    183.979170214281
51.2000000000005    1.007252090024e-05    187.478639182579    187.474862455597
51.3000000000005    1.00705259628728e-05    191.040504267546    191.036656549578
51.4000000000005    1.00685317091027e-05    194.669716414773    194.665796377817
51.5000000000005    1.00665379608508e-05    198.367542822185    198.363549113588
51.6000000000005    1.00645447056771e-05    202.135274413642    202.13120565558
51.7000000000005    1.00625522718383e-05    205.974226280904    205.970081069778
51.8000000000005    1.00605603149262e-05    209.885738133797    209.881515040028
51.9000000000005    1.00585688255e-05    213.871174758724    213.866872326138
52.0000000000005    1.00565779330002e-05    217.931926485693    217.927543230968
52.1000000000005    1.00545877127559e-05    222.069409664008    222.064944076192
52.2000000000005    1.00525983625304e-05    226.285067146789    226.280517686732
52.3000000000005    1.0050609538663e-05    230.580368784477    230.575733884553
52.4000000000005    1.00486212940054e-05    234.956811927479    234.952089990881
52.5000000000005    1.00466336691448e-05    239.415921938107    239.411111338313
52.6000000000005    1.00446466861685e-05    243.959252711994    243.954351792223
52.7000000000005    1.00426598801036e-05    248.588387209145    248.583394282041
52.8000000000005    1.00406738172514e-05    253.304937994813    253.299851341369
52.9000000000005    1.00386881047332e-05    258.110547790377    258.105365659827
53.0000000000005    1.00367029492357e-05    263.006890034424    263.001610643354
53.1000000000005    1.00347183338769e-05    267.99566945423    267.990290986086
53.2000000000005    1.00327340736102e-05    273.078622647822    273.07314325239
53.3000000000005    1.00307505552899e-05    278.257518676837    278.251936469311
53.4000000000005    1.00287673497506e-05    283.53415967037    283.528472731157
53.5000000000005    1.00267848593907e-05    288.910381439987    288.904587813601
53.6000000000005    1.0024802887185e-05    294.388054106135    294.382151800875
53.7000000000005    1.00228215909821e-05    299.969082736124    299.963069723193
53.8000000000005    1.00208403347234e-05    305.655407993903    305.649282207206
53.9000000000005    1.00188598176768e-05    311.449006801836    311.442766136481
54.0000000000005    1.00168796699487e-05    317.351893014706    317.34553532694
54.1000000000005    1.0014899956434e-05    323.366118106181    323.359641212402
54.2000000000005    1.00129206039035e-05    329.493771867971    329.487173544085
54.3000000000005    1.001094156374e-05    335.736983121924    335.73026110258
54.4000000000005    1.00089632385948e-05    342.097920445298    342.09107242282
54.5000000000005    1.00069852369044e-05    348.578792909454    348.571816533597
54.6000000000005    1.00050074781712e-05    355.181850832227    355.174743709186
54.7000000000005    1.00030305137841e-05    361.909386544196    361.902146235347
54.8000000000005    1.00010539103341e-05    368.763735169124    368.756359190901
54.9000000000005    9.9990778020039e-06    375.747275418814    375.739761241468
55.0000000000005    9.99710204630568e-06    382.862430402637    382.854775449591
55.1000000000005    9.99512644139049e-06    390.111668452002    390.103870099043
55.2000000000005    9.99315143564623e-06    397.497503960051    397.489559533936
55.3000000000005    9.99117663916712e-06    405.022498236854    405.014405015069
55.4000000000005    9.98920230711629e-06    412.689260380412    412.681015589747
55.5000000000005    9.98722824458951e-06    420.500448163748    420.492048979727
55.6000000000005    9.98525474521707e-06    428.458768938398    428.450212483925
55.7000000000005    9.98328180718054e-06    436.566980554599    436.558263899231
55.8000000000005    9.98130890240685e-06    444.827892298486    444.819012457916
55.9000000000005    9.97933648128622e-06    453.244365846593    453.235319780797
56.0000000000005    9.97736462330445e-06    461.819316237961    461.81010085049
56.1000000000005    9.97539293704554e-06    470.555712864205    470.546325001583
56.2000000000005    9.973421577634e-06    479.456580477827    479.447016927998
56.3000000000005    9.97145072675316e-06    488.525000219126    488.515257710336
56.4000000000005    9.96948012254381e-06    497.76411066205    497.754185862181
56.5000000000005    9.96750975990224e-06    507.177108879348    507.166998394559
56.6000000000005    9.96553985459242e-06    516.767251527372    516.756951900732
56.7000000000005    9.96357020497856e-06    526.5378559509    526.527363661654
56.8000000000005    9.96160099370661e-06    536.492301308364    536.481612770355
56.9000000000005    9.95963199607812e-06    546.634029717837    546.623141278737
57.0000000000005    9.95766341515188e-06    556.966547424168    556.955455363794
57.1000000000005    9.95569525081305e-06    567.493425987643    567.482126516925
57.2000000000005    9.953727393245e-06    578.218303494561    578.206792754402
57.3000000000005    9.95175981328224e-06    589.144885790127    589.133159850024
57.4000000000005    9.94979239987949e-06    600.276947734051    600.265002590878
57.5000000000005    9.94782556253008e-06    611.618334479288    611.606166055333
57.6000000000005    9.94585879177742e-06    623.172962774344    623.16056691705
57.7000000000005    9.94389237455925e-06    634.944822289586    634.932194769199
57.8000000000006    9.94192621421199e-06    646.937976967996    646.92511347662
57.9000000000006    9.93996049494878e-06    659.156566400839    659.14346255063
58.0000000000006    9.93799507873664e-06    671.604807228678    671.591458550799
58.1000000000006    9.93602989287486e-06    684.286994568237    684.273396511281
58.2000000000006    9.93406493177395e-06    697.207503465532    697.193651393919
58.3000000000006    9.93210051609604e-06    710.370790375781    710.356679567743
58.4000000000006    9.93013620068033e-06    723.781394670566    723.767020317648
58.5000000000006    9.92817220552977e-06    737.443940172741    737.429297377258
58.6000000000006    9.92620833847364e-06    751.363136719594    751.34822049359
58.7000000000006    9.92424488686972e-06    765.543781754773    765.528587017646
58.8000000000006    9.9222819161863e-06    779.990761949535    779.975283526652
58.9000000000006    9.92031890153608e-06    794.709054853844    794.693287475745
59.0000000000006    9.91835617678644e-06    809.703730577874    809.687668877185
59.1000000000006    9.9163938831451e-06    824.979953504457    824.963592014375
59.2000000000006    9.91443175248064e-06    840.542984033088    840.52631718623
59.3000000000006    9.9124700802133e-06    856.398180356019    856.381202481633
59.4000000000006    9.91050843275313e-06    872.551000267044    872.533705590351
59.5000000000006    9.90854728877867e-06    889.007003003555    888.989385642259
59.6000000000006    9.90658640428894e-06    905.771851122476    905.753905086048
59.7000000000006    9.90462546116101e-06    922.851312410718    922.833031598571
59.8000000000006    9.90266490815823e-06    940.251261830737    940.232640028792
59.9000000000006    9.90070458213053e-06    957.977683501883    957.95871438161
60.0000000000006    9.8987446896091e-06    976.036672718198    976.017349833808
60.1000000000006    9.89678490503452e-06    994.434438003326    994.414754790656
60.2000000000006    9.89482542495534e-06    1013.17730320322    1013.15725297653
60.3000000000006    9.89286615720034e-06    1032.27170961734    1032.25128556767
60.4000000000006    9.89090714138447e-06    1051.72421816901    1051.70341336163
60.5000000000006    9.88894846105619e-06    1071.54151161577    1071.52031898778
60.6000000000006    9.88699000296658e-06    1091.73039680019    1091.70880915859
60.7000000000006    9.88503168402472e-06    1112.29780694224    1112.27581696148
60.8000000000006    9.88307369967277e-06    1133.25080397359    1133.22840419254
60.9000000000006    9.88111598258786e-06    1154.59658091494    1154.57376373494
61.0000000000006    9.87915831375288e-06    1176.34246429692    1176.31922197966
61.1000000000006    9.87720098612349e-06    1198.49591662557    1198.47224128932
61.2000000000006    9.87524381688675e-06    1221.06453889299    1221.04042251107
61.3000000000006    9.87328688092543e-06    1244.05607313424    1244.03150753177
61.4000000000006    9.87133030669404e-06    1267.47840503116    1267.45338188218
61.5000000000006    9.8693739193899e-06    1291.33956656398    1291.31407738946
61.6000000000006    9.86741774942464e-06    1315.64773871174    1315.62177487623
61.7000000000006    9.86546188369275e-06    1340.41125420215    1340.38480691079
61.8000000000006    9.86350602118839e-06    1365.63860031206    1365.61166060867
61.9000000000006    9.86155071360479e-06    1391.33842171924    1391.31098048104
62.0000000000006    9.85959551564506e-06    1417.5195234065    1417.49157134383
62.1000000000006    9.85764036934441e-06    1444.19087361923    1444.16240127139
62.2000000000006    9.8556854765953e-06    1471.36160687704    1471.33260460844
62.3000000000006    9.85373097550601e-06    1499.0410270408    1499.0114850379
62.4000000000006    9.85177647237271e-06    1527.23861043596    1527.20851870559
62.5000000000006    9.84982233148798e-06    1555.96400903309    1555.93335739692
62.6000000000006    9.84786813121981e-06    1585.22705368696    1585.19583178047
62.7000000000006    9.84591447634701e-06    1615.03775743482    1615.00595470068
62.8000000000006    9.8439609043693e-06    1645.40631885536    1645.3739245433
62.9000000000006    9.84200770740104e-06    1676.34312548918    1676.31012865001
63.0000000000006    9.84005466164181e-06    1707.85875732198    1707.82514680566
63.1000000000006    9.83810176028217e-06    1739.96399033168    1739.9297547829
63.2000000000006    9.83614887632783e-06    1772.66980010046    1772.63492795535
63.3000000000006    9.83419657827672e-06    1805.98736549314    1805.95184497292
63.4000000000006    9.83224413449888e-06    1839.92807240289    1839.89189151464
63.5000000000006    9.83029209270258e-06    1874.50351756572    1874.46666409379
63.6000000000006    9.82834016010505e-06    1909.72551244481    1909.68797394985
63.7000000000006    9.82638860714447e-06    1945.60608718605    1945.5678509988
63.8000000000006    9.82443702842178e-06    1982.15749464615    1982.1185478658
63.9000000000006    9.82248578924304e-06    2019.3922144944    2019.35254398141
64.0000000000006    9.82053466340914e-06    2057.32295738976    2057.28254976375
64.1000000000006    9.81858385973913e-06    2095.96266923427    2095.92151086792
64.2000000000006    9.81663332833111e-06    2135.32453550453    2135.28261252007
64.3000000000006    9.81468258833082e-06    2175.42198566245    2175.37928392899
64.4000000000006    9.81273233899843e-06    2216.26869764675    2216.22520277051
64.5000000000006    9.81078235433225e-06    2257.87860244673    2257.83429977027
64.6000000000006    9.80883250601149e-06    2300.26588875988    2300.22076335687
64.7000000000006    9.80688276953838e-06    2343.44500773472    2343.39904440454
64.8000000000006    9.80493342966537e-06    2387.43067780041    2387.38386106172
64.9000000000006    9.80298388504847e-06    2432.23788958494    2432.19020367473
65.0000000000006    9.80103500156902e-06    2477.88191092316    2477.83333978453
65.1000000000006    9.79908598087777e-06    2524.37829195656    2524.32881924148
65.2000000000006    9.79713712313695e-06    2571.74287032639    2571.69247938499
65.3000000000006    9.79518865581068e-06    2619.99177646173    2619.94045033702
65.4000000000006    9.79324035589112e-06    2669.14143896433    2669.08916038899
65.5000000000006    9.79129208282966e-06    2719.20859009203    2719.15534148232
65.6000000000005    9.7893442915361e-06    2770.21027134245    2770.15603478918
65.7000000000005    9.78739644493133e-06    2822.16383913882    2822.10859640685
65.8000000000005    9.78544886853311e-06    2875.08697061985    2875.03070313737
65.9000000000005    9.78350153697554e-06    2928.99766953547    2928.94035838977
66.0000000000005    9.78155421117832e-06    2983.91427225036    2983.85589818292
66.1000000000005    9.77960721484471e-06    3039.85545385733    3039.79599725413
66.2000000000005    9.77766048733669e-06    3096.84023440235    3096.77967528969
66.3000000000005    9.77571368491385e-06    3154.88798522349    3154.82630326317
66.4000000000005    9.77376713377016e-06    3214.01843540565    3213.95560988419
66.5000000000005    9.77182091544834e-06    3274.25167835327    3274.18768817651
66.6000000000005    9.76987467972548e-06    3335.60817848324    3335.54300217224
66.7000000000005    9.76792884156751e-06    3398.10877804006    3398.04239371902
66.8000000000005    9.76598303643889e-06    3461.77470403557    3461.70708942982
66.9000000000005    9.76403757149939e-06    3526.62757531548    3526.55870773961
67.0000000000005    9.76209208311982e-06    3592.68940975503    3592.61926611009
67.1000000000005    9.76014690336272e-06    3659.98263158603    3659.91118834703
67.2000000000005    9.75820184789386e-06    3728.53007885778    3728.45731206965
67.3000000000005    9.7562571248102e-06    3798.35501103424    3798.28089630105
67.4000000000004    9.75431235470317e-06    3869.48111672993    3869.40562921133
67.5000000000004    9.75236786407383e-06    3941.93252158707    3941.85563598479
67.6000000000004    9.75042357148542e-06    4015.73379629659    4015.65548684921
67.7000000000004    9.74847942123849e-06    4090.90996476556    4090.83020523988
67.8000000000004    9.74653539920716e-06    4167.48651243373    4167.40527611586
67.9000000000004    9.74459161975063e-06    4245.48939474188    4245.40665442739
68.0000000000004    9.74264781789712e-06    4324.94504575478    4324.86077374299
68.1000000000004    9.74070451969895e-06    4405.88038694144    4405.79455501951
68.2000000000004    9.73876129482635e-06    4488.32283611564    4488.23541555758
68.3000000000004    9.73681825223055e-06    4572.30031653961    4572.2112780922
68.4000000000004    9.73487532709972e-06    4657.84126619372    4657.7505800685
68.5000000000004    9.7329325703507e-06    4744.97464721536    4744.88228307775
68.6000000000004    9.73098997587942e-06    4833.72995550989    4833.63588246983
68.7000000000004    9.72904757640296e-06    4924.13723053703    4924.04141713842
68.8000000000004    9.7271054048642e-06    5016.2270652756    5016.12947948603
68.9000000000004    9.72516336434698e-06    5110.03061637013    5109.93122557164
69.0000000000004    9.7232214505944e-06    5205.5796144624    5205.47838543993
69.1000000000003    9.7212798714537e-06    5302.90637471134    5302.80327363961
69.2000000000003    9.71933830459263e-06    5402.04380750481    5401.93879994281
69.3000000000003    9.71739683144932e-06    5503.02542936658    5502.9184802421
69.4000000000003    9.7154557085597e-06    5605.88537406203    5605.77644765818
69.5000000000003    9.71351452539915e-06    5710.65840390641    5710.54746385732
69.6000000000003    9.71157384256901e-06    5817.37992127908    5817.26693054705
69.7000000000003    9.70963313792393e-06    5926.08598034756    5925.97090122331
69.8000000000003    9.70769254424923e-06    6036.81329900531    6036.69609308821
69.9000000000003    9.70575248948498e-06    6149.59927102685    6149.47989920857
70.0000000000003    9.7038120899862e-06    6264.48197844444    6264.36040091229
70.1000000000003    9.70187226708864e-06    6381.5002041502    6381.37638035182
70.2000000000003    9.69993240490874e-06    6500.69344472764    6500.56733337691
70.3000000000003    9.69799271686685e-06    6622.10192351702    6621.97348257019
70.4000000000003    9.69605315616997e-06    6745.76660391853    6745.63579056376
70.5000000000003    9.69411380240045e-06    6871.72920293771    6871.59597357942
70.6000000000003    9.6921746429802e-06    7000.03220497745    6999.8965152233
70.7000000000003    9.69023571419179e-06    7130.71887588117    7130.58068052688
70.8000000000003    9.68829687748854e-06    7263.83327723156    7263.69253024864
70.9000000000002    9.68635822827374e-06    7399.42028090957    7399.27693542702
71.0000000000002    9.68441965534112e-06    7537.52558391844    7537.37959221045
71.1000000000002    9.68248123273792e-06    7678.19572347742    7678.04703694509
71.2000000000002    9.68054312372048e-06    7821.47809239018    7821.32666154419
71.3000000000002    9.6786051623022e-06    7967.4209546928    7967.26672914232
71.4000000000002    9.67666716197443e-06    8116.07346158651    8115.91639002334
71.5000000000002    9.67472968537863e-06    8267.48566766016    8267.3256978298
71.6000000000002    9.67279215383158e-06    8421.70854740773    8421.54562611091
71.7000000000002    9.67085496461353e-06    8578.79401204644    8578.62808510577
71.8000000000002    9.66891759620818e-06    8738.7949266405    8738.62593889836
71.9000000000002    9.66698058917249e-06    8901.76512753638    8901.59302281872
72.0000000000002    9.66504389011857e-06    9067.75944011486    9067.58416122299
72.1000000000002    9.66310726432049e-06    9236.8336968662    9236.65518556159
72.2000000000002    9.66117067661981e-06    9409.04475579368    9408.86295277553
72.3000000000002    9.65923425370746e-06    9584.45051915156    9584.2653640345
72.4000000000002    9.65729803267e-06    9763.10995252372    9762.92138381971
72.5000000000002    9.65536213631488e-06    9945.08310424897    9944.89105934554
72.6000000000002    9.65342611990886e-06    10130.4311251995    10130.2355403507
72.7000000000001    9.6514906052758e-06    10319.2162889183    10319.0170992026
72.8000000000001    9.64955499625405e-06    10511.5020121231    10511.2991514471
72.9000000000001    9.64761959460516e-06    10707.352875582    10707.1462766404
73.0000000000001    9.64568450992572e-06    10906.8346453691    10906.6242396266
73.1000000000001    9.64374938340363e-06    11110.0142945054    11109.8000121849
73.2000000000001    9.64181445167515e-06    11316.9600249935    11316.7417950402
73.3000000000001    9.63987981569584e-06    11527.7412902519    11527.5190403132
73.4000000000001    9.63794528035117e-06    11742.4288179566    11742.2024743653
73.5000000000001    9.63601077080883e-06    11961.0946332981    11960.8641210459
73.6000000000001    9.63407646480945e-06    12183.8120826597    12183.5773253669
73.7000000000001    9.63214263686811e-06    12410.6558577259    12410.4167776139
73.8000000000001    9.63020857601754e-06    12641.7020200292    12641.4585379196
73.9000000000001    9.62827477138885e-06    12877.0280259411    12876.7800612004
74.0000000000001    9.62634120844981e-06    13116.7127521172    13116.4602226432
74.1000000000001    9.62440794212709e-06    13360.8365214045    13360.5793435974
74.2000000000001    9.62247459945303e-06    13609.4811292179    13609.2192179652
74.3000000000001    9.62054138162362e-06    13862.729870396    13862.4631390294
74.4    9.618608666947e-06    14120.6675665432    14120.3959268051
74.5    9.61667567285872e-06    14383.3805938685    14383.1039559164
74.6    9.61474317541361e-06    14650.9569115289    14650.6751838617
74.7    9.61281073737172e-06    14923.4860904867    14923.19917995
74.8    9.61087841056179e-06    15201.0593428901    15200.7671546322
74.9    9.60894628332048e-06    15483.769551987    15483.4719894265
75    9.60701429550827e-06    15771.7113025802    15771.4082673796
75.1    9.60508246115736e-06    16064.9809120358    16064.6723040672
75.2    9.60315063640063e-06    16363.6764618524    16363.3621791704
75.3    9.60121929603776e-06    16667.8978298037    16667.5777685921
75.4    9.59928785310337e-06    16977.7467226627    16977.4207772358
75.5    9.59735676180573e-06    17293.3267095197    17292.9947722534
75.6    9.5954256326578e-06    17614.743255703    17614.4052170287
75.7    9.59349485615846e-06    17942.1037573147    17941.759505657
75.8    9.59156412380257e-06    18275.5175763925    18275.1669981576
75.9    9.58963342802174e-06    18615.096076708    18614.7390562365
76    9.58770309594002e-06    18960.952660213    18960.5890797298
76.1    9.58577295276601e-06    19313.2028041464    19312.8325437415
76.1999999999999    9.58384282428082e-06    19671.9640988135    19671.5870364033
76.2999999999999    9.58191285277304e-06    20037.3562860481    20036.972297324
76.3999999999999    9.57998311404129e-06    20409.5012983719    20409.1102567625
76.4999999999999    9.57805357474403e-06    20788.5232988626    20788.125075497
76.5999999999999    9.57612414668617e-06    21174.5487217435    21174.1431854124
76.6999999999999    9.5741949538369e-06    21567.7063137083    21567.2933308124
76.7999999999999    9.5722658276235e-06    21968.1271759928    21967.7066105125
76.8999999999999    9.57033670120089e-06    22375.9448072092    22375.5165206565
76.9999999999999    9.56840798903759e-06    22791.2951469542    22790.8589983064
77.0999999999999    9.56647941284541e-06    23214.3166202072    23213.8724658921
77.1999999999999    9.56455086835864e-06    23645.1501825309    23644.6978763736
77.2999999999999    9.56262230920531e-06    24083.9393660905    24083.4787592633
77.3999999999999    9.56069430355802e-06    24530.8303265037    24530.3612674487
77.4999999999999    9.55876626217416e-06    24985.9718905398    24985.4942249754
77.5999999999999    9.5568385055129e-06    25449.5156046801    25449.0291755074
77.6999999999999    9.55491064906415e-06    25921.6157845572    25921.1204318448
77.7999999999999    9.55298316975115e-06    26402.4295652875    26401.9251261759
77.8999999999998    9.55105580653853e-06    26892.1169527145    26891.6032614012
77.9999999999998    9.5491286433376e-06    27390.8408755771    27390.3177632461
78.0999999999998    9.54720162397639e-06    27898.7672386228    27898.2345333969
78.1999999999998    9.54527460314051e-06    28416.0649766791    28415.5225035705
78.2999999999998    9.54334780617982e-06    28942.9061097027    28942.3536905356
78.3999999999998    9.54142134091991e-06    29479.4657988236    29478.9032521829
78.4999999999998    9.53949487637754e-06    30025.9224034017    30025.3495446007
78.5999999999998    9.53756855680614e-06    30582.4575391144    30581.8741801074
78.6999999999998    9.53564229212346e-06    31149.2561370928    31148.6620864291
78.7999999999998    9.53371645513056e-06    31726.5065041273    31725.9015668604
78.8999999999998    9.53179070945727e-06    32314.4003839593    32313.7843616284
78.9999999999998    9.52986496790665e-06    32913.1330196811    32912.5057102325
79.0999999999998    9.52793966621217e-06    33522.9032172614    33522.2644149492
79.1999999999998    9.52601423221836e-06    34143.9134102188    34143.2629056053
79.2999999999998    9.52408897598081e-06    34776.3697254624    34775.7073052923
79.3999999999998    9.52216395126753e-06    35420.482050321    35419.8074974696
79.4999999999998    9.52023907378656e-06    36076.4641007822    36075.7771941954
79.5999999999998    9.51831420744683e-06    36744.5334909637    36743.8340055913
79.6999999999997    9.51638983660491e-06    37424.9118038375    37424.1995105153
79.7999999999997    9.51446546205746e-06    38117.8246632312    38117.0993286798
79.8999999999997    9.51254119209278e-06    38823.501807128    38822.7631938338
79.9999999999997    9.51061701393579e-06    39542.1771622896    39541.4250284371
80.0999999999997    9.50869328491686e-06    40274.0889202243    40273.3230195893
80.1999999999997    9.50676942316872e-06    41019.479614527    41018.6996964724
80.2999999999997    9.50484571653206e-06    41778.596199613    41777.8020089394
80.3999999999997    9.50292233312194e-06    42551.6901308719    42550.8814077442
80.4999999999997    9.50099909301524e-06    43339.0174462675    43338.1939261609
80.5999999999997    9.49907584737354e-06    44140.8388494088    44140.0002630222
80.6999999999997    9.4971530600095e-06    44957.4197941184    44956.5658672343
80.7999999999997    9.49523011462774e-06    45789.0305705261    45788.1610240186
80.8999999999997    9.49330731442584e-06    46635.9463927144    46635.0609423783
80.9999999999997    9.49138486335586e-06    47498.447487943    47497.5458444098
81.0999999999997    9.48946241528828e-06    48376.819187482    48375.9010561797
81.1999999999997    9.48754036796367e-06    49271.3520190826    49270.4171000701
81.2999999999997    9.48561818493694e-06    50182.3418011127    50181.3897890752
81.3999999999997    9.48369624427904e-06    51110.08973839    51109.1203224515
81.4999999999996    9.48177461903894e-06    52054.90251974    52053.9153833928
81.5999999999996    9.47985302853067e-06    53017.0924173132    53016.0872383539
81.6999999999996    9.47793162021785e-06    53996.9773876901    53995.9538380725
81.7999999999996    9.4760102621034e-06    54994.8811748075    54993.8389205672
81.8999999999996    9.47408918863202e-06    56011.1334147383    56010.0721158461
81.9999999999996    9.47216843050288e-06    57046.0697423577    57044.9890526324
82.0999999999996    9.47024738787194e-06    58100.0318999315    58098.9314670022
82.1999999999996    9.46832675266353e-06    59173.3678476575    59172.2473127034
82.2999999999996    9.46640637868872e-06    60266.4318761971    60265.290873928
82.3999999999996    9.46448598234857e-06    61379.584721234    61378.4228797918
82.4999999999996    9.46256574220792e-06    62513.1936800936    62512.0106208785
82.5999999999996    9.46064576685535e-06    63667.6327304608    63666.4280680176
82.6999999999996    9.45872589466869e-06    64843.2826512349    64842.0559931642
82.7999999999996    9.45680624161933e-06    66040.5311455591    66039.2820923568
82.8999999999996    9.454886643561e-06    67259.7729660626    67258.5011110297
82.9999999999996    9.45296723793764e-06    68501.4100423571    68500.1149714296
83.0999999999996    9.45104797369472e-06    69765.8516108252    69764.5329024673
83.1999999999995    9.44912874117036e-06    71053.5143467441    71052.171571823
83.2999999999995    9.44720983496908e-06    72364.8224987855    72363.4552203769
83.3999999999995    9.44529125812608e-06    73700.208025933    73698.8157992218
83.4999999999995    9.44337256718227e-06    75060.1107368635    75058.6931090694
83.5999999999995    9.44145408277411e-06    76444.9784318332    76443.5349419544
83.6999999999995    9.43953566936385e-06    77855.267047114    77853.7972258477
83.7999999999995    9.4376177180205e-06    79291.4408020263    79289.9441715377
83.8999999999995    9.43569957975677e-06    80753.972348616    80752.4484225494
83.9999999999995    9.43378153572406e-06    82243.3429240208    82241.7912071995
84.0999999999995    9.43186400678788e-06    83760.042505572    83758.4624938143
84.1999999999995    9.42994642890457e-06    85304.5699686877    85302.9611488089
84.2999999999995    9.42802913237728e-06    86877.4332475998    86875.7950971011
84.3999999999995    9.42611198617662e-06    88479.1494989696    88477.4814859492
84.4999999999995    9.42419496310307e-06    90110.2452684421    90108.5468514091
84.5999999999995    9.42227807560415e-06    91771.2566601922    91769.5272878876
84.6999999999995    9.42036131482399e-06    93462.7295095154    93460.9686207407
84.7999999999995    9.41844463691944e-06    95185.2195585187    95183.4265819644
84.8999999999995    9.41652818193326e-06    96939.2926349652    96937.4669889943
84.9999999999994    9.41461185310151e-06    98725.5248343304    98723.6659268387
85.0999999999994    9.41269568342154e-06    100544.502705128    100542.60993333
85.1999999999994    9.41077982050586e-06    102396.823437558    102394.896187776
85.2999999999994    9.40886400373985e-06    104283.09505555    104281.132703095
85.3999999999994    9.40694832545017e-06    106203.936612244    106201.938521152
85.4999999999994    9.40503276748674e-06    108159.97838898    108157.943911832
85.5999999999994    9.40311737617841e-06    110151.862097868    110149.79057557
85.6999999999994    9.40120222247846e-06    112180.24108798    112178.131849545
85.7999999999994    9.39928718005887e-06    114245.780555248    114243.632917633
85.8999999999994    9.3973722114749e-06    116349.157756129    116346.971023995
85.9999999999994    9.39545756249537e-06    118491.062225096    118488.835690522
86.0999999999994    9.39354295405611e-06    120672.195996035    120669.928938417
86.1999999999994    9.39162850588519e-06    122893.273827611    122890.965513343
86.2999999999994    9.38971436048426e-06    125155.023432677    125152.673114904
86.3999999999994    9.38780016768916e-06    127458.18571179    127455.792630301
86.4999999999994    9.38588623745149e-06    129803.514990921    129801.078371741
86.5999999999994    9.38397235641293e-06    132191.779263425    132189.298318702
86.6999999999993    9.38205867787348e-06    134623.760436343    134621.234364003
86.7999999999993    9.38014523841037e-06    137100.254581122    137097.682564647
86.8999999999993    9.37823184580171e-06    139622.072188832    139619.453397064
86.9999999999993    9.37631860770045e-06    142190.03842995    142187.372016745
87.0999999999993    9.37440568139548e-06    144804.993418802    144802.278522747
87.1999999999993    9.37249287262388e-06    147467.792482742    147465.028226982
87.2999999999993    9.37058025569657e-06    150179.306436153    150176.491928039
87.3999999999993    9.36866750700105e-06    152940.421859358    152937.556190284
87.4999999999993    9.366755171785e-06    155752.041382525    155749.123627376
87.5999999999993    9.3648429720221e-06    158615.083974652    158612.113191764
87.6999999999993    9.36293080835162e-06    161530.485237737    161527.460468544
87.7999999999993    9.36101873831519e-06    164499.197706208    164496.117974893
87.8999999999993    9.35910709212866e-06    167522.191151713    167519.055464806
87.9999999999993    9.35719550847196e-06    170600.45289337    170597.260239661
88.0999999999993    9.35528401989988e-06    173734.988113573    173731.737463668
88.1999999999993    9.35337267343149e-06    176926.820179442    176923.510485429
88.2999999999993    9.35146148436577e-06    180176.990970034    180173.621165164
88.3999999999993    9.34955053067956e-06    183486.561209405    183483.130207732
88.4999999999992    9.34763961583403e-06    186856.610805634    186853.117501773
88.5999999999992    9.34572897946936e-06    190288.239195909    190284.682464526
88.6999999999992    9.34381848313594e-06    193782.565697791    193778.94439339
88.7999999999992    9.34190799914869e-06    197340.729866763    197337.042823321
88.8999999999992    9.33999780778539e-06    200963.891860161    200960.137890605
88.9999999999992    9.33808775989007e-06    204653.232807635    204649.41070363
89.0999999999992    9.33617772152866e-06    208409.955188214    208406.063719785
89.1999999999992    9.33426821457642e-06    212235.283214128    212231.321128995
89.2999999999992    9.3323584432806e-06    216130.463221484    216126.429245223
89.3999999999992    9.33044896987084e-06    220096.764067932    220092.656903003
89.4999999999992    9.32853977918476e-06    224135.477537436    224131.295863008
89.5999999999992    9.32663054673579e-06    228247.918752278    228243.661223964
89.6999999999992    9.32472154778248e-06    232435.426592435    232431.091841593
89.7999999999992    9.32281276041695e-06    236699.364122434    236694.950755874
89.8999999999992    9.32090409499084e-06    241041.119025854    241036.625625429
89.9999999999992    9.31899529248909e-06    245462.104047575    245457.529169824
90.0999999999992    9.31708726101888e-06    249963.757443937    249959.099619054
90.1999999999992    9.3151790149196e-06    254547.543440933    254542.801173239
90.2999999999991    9.31327085772959e-06    259214.952700602    259210.124467439
90.3999999999991    9.31136285612866e-06    263967.502795727    263962.587047098
90.4999999999991    9.30945517490636e-06    268806.738693033    268801.733851056
90.5999999999991    9.30754750760764e-06    273734.233244998    273729.137703664
90.6999999999991    9.30563997624194e-06    278751.587690457    278746.399814898
90.7999999999991    9.303732748826e-06    283860.432164133    283855.150290076
90.8999999999991    9.30182590292328e-06    289062.426215268    289057.048648562
90.9999999999991    9.29991880409595e-06    294359.259335516    294353.78435201
91.0999999999991    9.29801209431695e-06    299752.65149625    299747.077340521
91.1999999999991    9.29610538724961e-06    305244.353695461    305238.678580856
91.2999999999991    9.29419894027315e-06    310836.148514416    310830.370622113
91.3999999999991    9.29229253759445e-06    316529.850684249    316523.968162972
91.4999999999991    9.29038626321687e-06    322327.307662657    322321.318627915
91.5999999999991    9.28848022553117e-06    328230.40022089    328224.302754362
91.6999999999991    9.28657441816442e-06    334241.043041201    334234.835190211
91.7999999999991    9.28466861459787e-06    340361.185324968    340354.865102019
91.8999999999991    9.28276317024595e-06    346592.811411639    346586.3767934
91.999999999999    9.28085753803229e-06    352937.941408739    352931.39033603
92.099999999999    9.27895236326869e-06    359398.631833087    359391.962209405
92.199999999999    9.27704732114282e-06    365976.976263458    365970.185954997
92.299999999999    9.27514216127618e-06    372675.106004882    372668.192839826
92.399999999999    9.27323749611959e-06    379495.190764774    379488.152531976
92.499999999999    9.27133289645152e-06    386439.439341117    386432.273790178
92.599999999999    9.2694284007372e-06    393510.100322921    393502.805163143
92.699999999999    9.26752389384495e-06    400709.462803152    400702.03570294
92.799999999999    9.26561989827137e-06    408039.85710436    408032.295689982
92.899999999999    9.26371594199978e-06    415503.655517249    415495.957372888
92.999999999999    9.26181195816479e-06    423103.273052401    423095.435719082
93.099999999999    9.25990815656492e-06    430841.168205379    430833.189179969
93.199999999999    9.25800463214377e-06    438719.843735464    438711.720469978
93.299999999999    9.2561013497702e-06    446741.847458264    446733.577359178
93.399999999999    9.2541981041767e-06    454909.773052438    454901.353480035
93.499999999999    9.25229503651987e-06    463226.260880775    463217.689148015
93.599999999999    9.25039204310084e-06    471693.998825904    471685.272197801
93.699999999999    9.2484892106996e-06    480315.723140865    480306.838833465
93.7999999999989    9.24658653593699e-06    489094.219314839    489085.174494427
93.8999999999989    9.24468412927393e-06    498032.322954272    498023.114736375
93.9999999999989    9.24278176614251e-06    507132.920679687    507123.546128509
94.0999999999989    9.24087966757727e-06    516398.951038458    516389.407165518
94.1999999999989    9.23897762971619e-06    525833.405433818    525823.689197446
94.2999999999989    9.23707581850234e-06    535439.329070398    535429.437374411
94.3999999999989    9.23517411789121e-06    545219.821916593    545209.751609618
94.4999999999989    9.23327258118409e-06    555178.039684033    555167.787558351
94.5999999999989    9.23137115590157e-06    565317.194824494    565306.757615152
94.6999999999989    9.22947007121884e-06    575640.557544519    575629.931927992
94.7999999999989    9.22756894758507e-06    586151.456838095    586140.63943195
94.8999999999989    9.22566813946361e-06    596853.281537692    596842.268898684
94.9999999999989    9.22376724232598e-06    607749.481383982    607738.270007877
95.0999999999989    9.22186663126711e-06    618843.568114578    618832.154434132
95.1999999999989    9.21996616637546e-06    630139.116572123    630127.496956586
95.2999999999989    9.21806580048546e-06    641639.765832086    641627.936585965
95.3999999999989    9.21616578661261e-06    653349.220350583    653337.177712107
95.4999999999988    9.21426578330132e-06    665271.251132614    665258.991273328
95.5999999999988    9.21236591876647e-06    677409.69692105    677397.21594402
95.6999999999988    9.21046631550341e-06    689768.465406738    689755.759345334
95.7999999999988    9.20856683416885e-06    702351.534460112    702338.599277135
95.8999999999988    9.20666735352433e-06    715162.953384691    715149.784971097
95.9999999999988    9.20476828305609e-06    728206.844192813    728193.438365685
96.0999999999988    9.20286920754725e-06    741487.402904057    741473.755406477
96.1999999999988    9.20097023805227e-06    755008.900866708    754995.007365689
96.2999999999988    9.19907143543948e-06    768775.686102683    768761.542187886
96.3999999999988    9.19717288295877e-06    782792.184676343    782777.785858664
96.4999999999988    9.19527448917146e-06    797062.902087603    797048.243798051
96.5999999999988    9.19337615600921e-06    811592.424689778    811577.502278074
96.6999999999988    9.191478027327e-06    826385.42113258    826370.229865329
96.7999999999988    9.18958005191025e-06    841446.643830742    841431.178890272
96.8999999999988    9.1876822777099e-06    856780.930458689    856765.186941394
96.9999999999988    9.18578478732984e-06    872393.205471743    872377.178386493
97.0999999999988    9.18388704411897e-06    888288.481654318    888272.165922003
97.1999999999988    9.18198986118845e-06    904471.861695565    904455.252145146
97.2999999999987    9.18009252508269e-06    920948.539792986    920931.631162596
97.3999999999987    9.17819554144676e-06    937723.803284482    937706.590217606
97.4999999999987    9.17629877211944e-06    954803.034309345    954785.511354318
97.5999999999987    9.17440200925593e-06    972191.711498718    972173.873107192
97.6999999999987    9.17250550089225e-06    989895.411696015    989877.252220365
97.7999999999987    9.17060896371876e-06    1007919.81170785    1007901.32540046
97.8999999999987    9.16871280254569e-06    1026270.69008602    1026251.87109614
97.9999999999987    9.16681664831179e-06    1044953.92894104    1044934.77131451
98.0999999999987    9.16492078424197e-06    1063975.51578786    1063956.01346396
98.1999999999987    9.16302498106415e-06    1083341.54542429    1083321.69223492
98.2999999999987    9.16112930901265e-06    1103058.22184272    1103038.01150986
98.3999999999987    9.15923375440861e-06    1123131.86017564    1123111.28630959
98.4999999999987    9.15733862867215e-06    1143568.88867574    1143547.94477241
98.5999999999987    9.15544332939389e-06    1164375.85073104    1164354.53017201
98.6999999999987    9.15354838933586e-06    1185559.40691571    1185537.70296358
98.7999999999987    9.1516534837096e-06    1207126.33707719    1207104.2428755
98.8999999999987    9.14975867286052e-06    1229083.54246038    1229061.05103057
98.9999999999986    9.14786414850117e-06    1251438.0478693    1251415.15210824
99.0999999999986    9.14596973638154e-06    1274197.00386714    1274173.69654583
99.1999999999986    9.14407560686431e-06    1297367.68901521    1297343.96277569
99.2999999999986    9.142181551582e-06    1320957.51215158    1320933.35950559
99.3999999999986    9.14028772253911e-06    1344974.01470997    1344949.42803575
99.4999999999986    9.13839376428347e-06    1369424.87307979    1369399.84462107
99.5999999999986    9.13650039254762e-06    1394317.90100783    1394292.42286852
99.6999999999986    9.1346067259332e-06    1419661.0520426    1419635.11618872
99.7999999999986    9.13271355285179e-06    1445462.42202175    1445436.02027436
99.8999999999986    9.13082039208509e-06    1471730.25160365    1471703.37563987
99.9999999999986    9.12892736428167e-06    1498472.92884372    1498445.57019242
100.099999999999    9.12703441642046e-06    1525698.99181624    1525671.14185601
100.199999999999    9.12514183791853e-06    1553417.13128266    1553388.78123805
100.299999999999    9.12324924971305e-06    1581636.19340706    1581607.33434792
100.399999999999    9.12135691660267e-06    1610365.18251959    1610335.80535636
100.499999999999    9.11946467938844e-06    1639613.26392882    1639583.35941104
100.599999999999    9.11757266285003e-06    1669389.76678383    1669359.32549638
100.699999999999    9.11568074853394e-06    1699704.18698683    1699673.19934783
100.799999999999    9.1137889433972e-06    1730566.19015736    1730534.64641482
100.899999999999    9.11189748835934e-06    1761985.61464879    1761953.50487677
100.999999999999    9.1100058884642e-06    1793972.47461822    1793939.78871637
101.099999999999    9.10811478603894e-06    1826536.96315057    1826503.69083697
101.199999999999    9.10622353199589e-06    1859689.45543791    1859655.58625057
101.299999999999    9.10433257935846e-06    1893440.51201495    1893406.03530455
101.399999999999    9.10244182714224e-06    1927800.88205167    1927765.78698035
101.499999999999    9.10055119798226e-06    1962781.50670418    1962745.78224211
101.599999999999    9.09866077294469e-06    1998393.5225247    1998357.15744607
101.699999999998    9.09677023205935e-06    2034648.26493181    2034611.247813
101.799999999998    9.09488013565168e-06    2071557.27174194    2071519.59095448
101.899999999998    9.09298998479199e-06    2109132.28676329    2109093.93047455
101.999999999998    9.09110011925208e-06    2147385.26345313    2147346.21961923
102.099999999998    9.0892104634512e-06    2186328.36863968    2186288.62500355
102.199999999998    9.08732098760486e-06    2225973.9863098    2225933.53039719
102.299999999998    9.08543149689786e-06    2266334.72146338    2266293.5405798
102.399999999998    9.08354218156525e-06    2307423.40403585    2307381.48526098
102.499999999998    9.08165312695622e-06    2349253.0928899    2349210.42307402
102.599999999998    9.07976422150717e-06    2391837.07987762    2391793.64563851
102.699999999998    9.07787548504509e-06    2435188.89397433    2435144.68169256
102.799999999998    9.07598685154443e-06    2479322.30548536    2479277.30130053
102.899999999998    9.07409835618954e-06    2524251.33032697    2524205.52013297
102.999999999998    9.07220994720331e-06    2569990.23438288    2569943.60382398
103.099999999998    9.07032189669937e-06    2616553.53793751    2616506.07240234
103.199999999998    9.06843383372652e-06    2663956.02018757    2663907.70480791
103.299999999998    9.06654606640303e-06    2712212.72383304    2712163.54347573
103.399999999998    9.06465833542258e-06    2761338.9597492    2761288.89901455
103.499999999998    9.06277072121891e-06    2811350.311741    2811299.35495623
103.599999999998    9.0608834975565e-06    2862262.64138123    2862210.77259454
103.699999999998    9.05899607736096e-06    2914092.09293399    2914039.2959146
103.799999999998    9.05710904923161e-06    2966855.09836492    2966801.35659135
103.899999999998    9.05522233923681e-06    3020568.38243973    3020513.67909849
103.999999999998    9.05333525208486e-06    3075248.9679126    3075193.28589693
104.099999999998    9.05144877435767e-06    3130914.18080596    3130857.50270033
104.199999999998    9.04956252516259e-06    3187581.65578326    3187523.96386635
104.299999999998    9.04767605381149e-06    3245269.34161651    3245210.6178564
104.399999999998    9.04579000780934e-06    3303995.50675002    3303935.73279164
104.499999999998    9.04390388024586e-06    3363778.7449621    3363717.90212907
104.599999999998    9.04201801384298e-06    3424637.98112663    3424576.05040998
104.699999999998    9.04013231135751e-06    3486592.47707587    3486529.43913113
104.799999999998    9.03824671858475e-06    3549661.8375667    3549597.67270773
104.899999999998    9.03636163440799e-06    3613866.01635174    3613800.70454148
104.999999999998    9.03447624074391e-06    3679225.32235749    3679158.84321058
105.099999999998    9.03259110752934e-06    3745760.42597112    3745692.7587377
105.199999999998    9.03070646644987e-06    3813492.36543785    3813423.48899953
105.299999999998    9.02882161403074e-06    3882442.55337112    3882372.44624162
105.399999999998    9.02693703952586e-06    3952632.78337712    3952561.42368673
105.499999999998    9.02505252031035e-06    4024085.236796    4024012.60229031
105.599999999998    9.02316828536682e-06    4096822.48956157    4096748.55759115
105.699999999998    9.02128418890185e-06    4170867.51918179    4170792.26669825
105.799999999998    9.01940037352963e-06    4246243.71184197    4246167.11538858
105.899999999998    9.01751636033979e-06    4322974.86963295    4322896.90534277
105.999999999998    9.01563297311833e-06    4401085.21790633    4401005.86148377
106.099999999998    9.0137493331825e-06    4480599.41275912    4480518.63948725
106.199999999998    9.01186600217734e-06    4561542.54864991    4561460.3333704
106.299999999998    9.00998280047197e-06    4643940.16614901    4643856.48326094
106.399999999998    9.00809967100165e-06    4727818.25982476    4727733.08327582
106.499999999998    9.00621699914161e-06    4813203.28626854    4813116.58954284
106.599999999998    9.00433432400599e-06    4900122.17226076    4900033.9283788
106.699999999998    9.0024516669467e-06    4988602.32308043    4988512.50458641
106.799999999998    9.00056932500324e-06    5078671.63096065    5078580.2099113
106.899999999998    8.99868706440706e-06    5170358.48369274    5170265.43165407
106.999999999998    8.9968050312114e-06    5263691.77338152    5263597.06141636
107.099999999998    8.99492309961708e-06    5358700.90535437    5358604.50401637
107.199999999998    8.99304114761415e-06    5455415.80722684    5455317.68655158
107.299999999998    8.99115958194006e-06    5553866.93812737    5553767.06761744
107.399999999998    8.98927826420036e-06    5654085.29808409    5653983.64670571
107.499999999998    8.98739678423115e-06    5756102.43757652    5755998.97375332
107.599999999998    8.98551576039238e-06    5859950.46725484    5859845.15884653
107.699999999998    8.98363468846229e-06    5965662.06782982    5965554.88213535
107.799999999998    8.98175394795205e-06    6073270.50013649    6073161.40387378
107.899999999998    8.97987330483896e-06    6182809.61537429    6182698.57467739
107.999999999998    8.97799258596198e-06    6294313.8655271    6294200.84593535
108.099999999998    8.97611222321847e-06    6407818.31396599    6407703.28040596
108.199999999998    8.97423206002897e-06    6523358.6462381    6523241.56302023
108.299999999998    8.9723519583038e-06    6640971.18104483    6640852.01185249
108.399999999998    8.9704720635332e-06    6760692.88141262    6760571.58928742
108.499999999998    8.9685925144084e-06    6882561.36605966    6882437.91339016
108.599999999998    8.96671284225624e-06    7006614.92096203    7006489.26948072
108.699999999998    8.96483331940642e-06    7132892.51112269    7132764.6218843
108.799999999998    8.96295404393909e-06    7261433.79254679    7261303.62591872
108.899999999998    8.96107491933104e-06    7392279.12442702    7392146.6400801
108.999999999998    8.95919595499471e-06    7525469.58154266    7525334.73843748
109.099999999998    8.95731718441852e-06    7661046.96687596    7660909.72325
109.199999999998    8.95543855652752e-06    7799053.82444964    7798914.13780595
109.299999999998    8.95356006702971e-06    7939533.45238955    7939391.27948317
109.399999999998    8.95168167495889e-06    8082529.91621611    8082385.21304157
109.499999999998    8.94980355067262e-06    8228088.06236875    8227940.78414335
109.599999999998    8.9479254429302e-06    8376253.53196738    8376103.63312447
109.699999999998    8.94604760825489e-06    8527072.77481491    8526920.20898177
109.799999999998    8.94416985776903e-06    8680593.06364513    8680437.78363632
109.899999999998    8.94229239350341e-06    8836862.50862013    8836704.4664166
109.999999999998    8.94041499590636e-06    8995930.07208173    8995769.21882359
110.099999999998    8.93853757828127e-06    9157845.58356128    9157681.86953088
110.199999999998    8.9366606991085e-06    9322659.75505213    9322493.12964712
110.299999999998    8.93478378496792e-06    9490424.19654976    9490254.60828854
110.399999999998    8.93290691096085e-06    9661191.43186396    9661018.82835839
110.499999999998    8.93103034969436e-06    9835014.91470772    9834839.24264327
110.599999999998    8.92915389643088e-06    10011949.0450678    10011770.2501966
110.699999999998    8.9272775144171e-06    10192049.185862    10191867.2129835
110.799999999998    8.92540136583864e-06    10375371.6798877    10375186.4728276
110.899999999998    8.92352526939581e-06    10561973.8670672    10561785.3686679
110.999999999998    8.92164957962185e-06    10751914.1019949    10751722.2540866
111.099999999998    8.91977370251971e-06    10945251.771791    10945056.5151948
111.199999999998    8.91789834151536e-06    11142047.3142685    11141848.5887501
111.299999999998    8.91602291304021e-06    11342362.2364166    11342159.9806968
111.399999999998    8.9141475492464e-06    11546259.1332093    11546053.2849291
111.499999999998    8.91227260181168e-06    11753801.7067406    11753592.202438
111.599999999998    8.91039778148939e-06    11965054.7856967    11964841.5608014
111.699999999998    8.90852306752815e-06    12180084.3451669    12179867.3339754
111.799999999998    8.90664843387331e-06    12398957.5268018    12398736.6624577
111.899999999998    8.90477398152549e-06    12621742.659324    12621517.8737944
111.999999999998    8.90289964908955e-06    12848509.2793964    12848280.5034556
112.099999999998    8.90102546150067e-06    13079328.1528563    13079095.316063
112.199999999998    8.89915152719957e-06    13314271.2963202    13314034.3269935
112.299999999998    8.89727764721675e-06    13553411.999166    13553170.8243726
112.399999999998    8.89540412905381e-06    13796824.8458996    13796579.3914176
112.499999999998    8.89353061368037e-06    14044585.7389121    14044335.9292274
112.599999999998    8.89165722472399e-06    14296771.9216348    14296517.6799047
112.699999999998    8.88978404016698e-06    14553462.0020981    14553203.2501299
112.799999999998    8.8879110348812e-06    14814735.9769028    14814472.6351326
112.899999999998    8.88603821189013e-06    15080675.2556094    15080407.2430778
112.999999999998    8.88416555921445e-06    15351362.6855532    15351089.9198812
113.099999999998    8.88229303714946e-06    15626882.5770936    15626604.9744587
113.199999999998    8.88042047539443e-06    15907320.7293032    15907038.2044187
113.299999999998    8.87854835894187e-06    16192764.4561057    16192476.922174
113.399999999998    8.87667607639358e-06    16483302.6128708    16483009.9815925
113.499999999998    8.8748042278145e-06    16779025.6234722    16778727.8049802
113.599999999998    8.87293251444654e-06    17080025.507818    17079722.41068
113.699999999998    8.87106082896888e-06    17386395.909863    17386087.441048
113.799999999998    8.86918933472315e-06    17698232.1261074    17697918.1909485
113.899999999998    8.86731798507265e-06    18015631.1345949    18015311.636768
113.999999999998    8.86544683127799e-06    18338691.6244151    18338366.4659066
114.099999999998    8.86357597137743e-06    18667514.0257215    18667183.1067971
114.199999999998    8.86170511003077e-06    19002200.5402729    19001863.7594621
114.299999999998    8.85983425721498e-06    19342855.1725074    19342512.4265623
114.399999999998    8.85796397400103e-06    19689583.7611575    19689234.945
114.499999999998    8.85609341530098e-06    20042494.011418    20042139.0181634
114.599999999998    8.85422324678718e-06    20401695.5276738    20401334.2485391
114.699999999998    8.85235321613052e-06    20767299.846798    20766932.1711056
114.799999999998    8.85048330663986e-06    21139420.472031    21139046.2871667
114.899999999998    8.84861357766562e-06    21518172.9074503    21517792.098826
114.999999999998    8.84674396197672e-06    21903674.6930402    21903287.144065
115.099999999998    8.84487450935867e-06    22296045.4403732    22295651.0324137
115.199999999998    8.84300523888325e-06    22695406.8689134    22695005.4812592
115.299999999998    8.84113625040209e-06    23101882.8429515    23101474.3527753
115.399999999998    8.83926703738691e-06    23515599.4091843    23515183.6915335
115.499999999998    8.83739842245963e-06    23936684.8349481    23936261.7626454
115.599999999998    8.83552969263002e-06    24365269.6471181    24364839.0907954
115.699999999998    8.83366120517672e-06    24801486.6716854    24801048.4996948
115.799999999998    8.83179295142178e-06    25245471.0740236    25245025.1524149
115.899999999998    8.82992472890901e-06    25697360.3998556    25696906.5923465
115.999999999998    8.8280565846781e-06    26157294.6169346    26156832.7848577
116.099999999998    8.82618867194845e-06    26625416.1574498    26624946.1597052
116.199999999998    8.82432111527588e-06    27101869.9611713    27101391.6541853
116.299999999998    8.82245363067752e-06    27586803.5193446    27586316.7570493
116.399999999998    8.82058615644118e-06    28080366.9193508    28079871.5531287
116.499999999998    8.81871882935705e-06    28582712.8901422    28582208.7687712
116.599999999998    8.81685185461692e-06    29093996.8484696    29093483.8180728
116.699999999998    8.81498483674943e-06    29614376.9459132    29613854.849948
116.799999999998    8.8131181325671e-06    30144014.116732    30143482.7958998
116.899999999998    8.81125163136793e-06    30683072.126546    30682531.4187716
116.999999999998    8.80938508082014e-06    31231717.6218638    31231167.3622567
117.099999999998    8.80751857257947e-06    31790120.1804734    31789560.2012576
117.199999999998    8.80565254106977e-06    32358452.362707    32357882.4931485
117.299999999998    8.80378662327838e-06    32936889.7635991    32936309.8300056
117.399999999998    8.80192077532149e-06    33525611.0659506    33525020.8916002
117.499999999998    8.80005516671751e-06    34124798.0943157    34124197.4993894
117.599999999998    8.7981895084732e-06    34734635.8699264    34734024.6714861
117.699999999998    8.79632408839292e-06    35355312.666573    35354690.6784673
117.799999999998    8.79445894337185e-06    35987020.0674538    35986387.1002795
117.899999999998    8.79259391041402e-06    36629953.023015    36629308.8840748
117.999999999998    8.79072910782241e-06    37284309.9097935    37283654.4030191
118.099999999998    8.78886437496063e-06    37950292.5902836    37949625.5161973
118.199999999998    8.78699989015486e-06    38628106.4738426    38627427.629473
118.299999999998    8.78513534476029e-06    39317960.578655    39317269.7575136
118.399999999998    8.78327107960553e-06    40020067.5947721    40019364.5867422
118.499999999998    8.78140688751876e-06    40734643.9482475    40733928.5395639
118.599999999998    8.779543023414e-06    41461909.8663853    41461181.839534
118.699999999998    8.77767930178125e-06    42202089.4441216    42201348.5778107
118.799999999998    8.77581563264086e-06    42955410.7115591    42954656.7806458
118.899999999998    8.77395212193072e-06    43722105.7026726    43721338.4780799
118.999999999998    8.77208884510391e-06    44502410.5252083    44501629.7738592
119.099999999998    8.77022566374969e-06    45296565.4317958    45295770.9165626
119.199999999998    8.76836276091612e-06    46104814.8922942    46104006.3718996
119.299999999997    8.76649981205665e-06    46927407.6673939    46926584.8963858
119.399999999997    8.7646370597634e-06    47764596.8834949    47763759.6121213
119.499999999997    8.76277461055306e-06    48616640.1088841    48615788.083031
119.599999999997    8.76091213014679e-06    49483799.431235    49482932.3923937
119.699999999997    8.75905000047125e-06    50366341.5364508    50365459.2215713
119.799999999997    8.75718775409917e-06    51264537.788875    51263639.9303726
119.899999999997    8.75532599713859e-06    52178664.3128933    52177750.6384605
