0    -8.39750426304011e-17    0.0103288037828801    0.0103288037828801
0.1    -0.000103473645547541    0.0105382966646663    0.0105404777623
0.2    -4.69733009661065e-05    0.0107521128145344    0.010753122986448
0.3    -3.59312587936276e-05    0.0109702115493746    0.0109709999247223
0.4    -6.1818923508759e-05    0.0111927513298962    0.0111941352631261
0.5    -3.26242317771348e-05    0.0114198299878944    0.0114205751385652
0.6    -4.19224600227196e-05    0.011651504981902    0.0116524819423622
0.7    -3.33740372485334e-05    0.0118878883856318    0.0118886819057743
0.8    -3.15976977169412e-05    0.0121290681843361    0.0121298347098167
0.9    -2.72520327271762e-05    0.012375143871268    0.0123758183853015
1    -2.79351677279767e-05    0.0126262178301906    0.0126269232809232
1.1    -2.04786804252983e-05    0.0128823824840796    0.012882910123273
1.2    -2.07383167069382e-05    0.013143741806384    0.0131442869758504
1.3    -1.9547383081851e-05    0.0134104091983471    0.0134109334854073
1.4    -1.41578483283001e-05    0.0136824829770371    0.0136828704115599
1.5    -1.50358563192591e-05    0.0139600728917701    0.0139604927013827
1.6    -1.18265878395685e-05    0.0142432937480459    0.0142436306511596
1.7    -1.00438581464504e-05    0.0145322553690176    0.0145325472917725
1.8    -9.1115770450251e-06    0.0148270759424021    0.0148273461409536
1.9    -7.1914911817454e-06    0.0151278732875727    0.0151280908730722
2    -5.78572310889443e-06    0.015434765370731    0.0154349439743217
2.1    -4.19844838834638e-06    0.0157478758108774    0.0157480080447202
2.2    -3.70902554839602e-06    0.0160673323217551    0.0160674515104893
2.3    -2.15545643601796e-06    0.016393261341411    0.0163933320114847
2.4    -6.58339292872163e-07    0.0167257906277695    0.0167258126502744
2.5    -4.56512162077912e-07    0.0170650558626865    0.0170650714435047
2.6    8.5581223229015e-07    0.0174111929567188    0.0174111631553205
2.7    1.96113241244012e-06    0.0177643380591808    0.0177642683828791
2.8    2.25652892452584e-06    0.0181246340577169    0.0181245522603795
2.9    3.24749727573427e-06    0.0184922248867533    0.0184921047802435
3    4.11653170467496e-06    0.0188672555510084    0.0188671002163365
3.1    4.5476679623834e-06    0.0192498770345552    0.0192497019512533
3.2    5.17095043153674e-06    0.019640243085137    0.0196400399687404
3.3    5.7601024347292e-06    0.0200385086347316    0.0200382777883366
3.4    6.32706316643024e-06    0.0204448319640996    0.0204445732542499
3.5    6.86498656544052e-06    0.0208593754841469    0.0208590890874481
3.6    7.18390258639329e-06    0.0212823055517713    0.0212819997739482
3.7    7.62130310285053e-06    0.021713790777521    0.0217134598052814
3.8    8.16365698190872e-06    0.0221540021939272    0.0221536404815307
3.9    8.43550599174667e-06    0.0226031158477829    0.0226027345135613
4    8.6872656854495e-06    0.0230613116464878    0.0230609109704859
4.1    9.13605346987601e-06    0.0235287713376542    0.0235283414213559
4.2    9.45589171353806e-06    0.0240056808781265    0.0240052268921815
4.3    9.61042185089135e-06    0.0244922315102393    0.0244917607534097
4.4    9.87397429317484e-06    0.0249886172131653    0.0249881237441098
4.5    1.01887033031285e-05    0.0254950346835372    0.0254945151661422
4.6    1.03892960636567e-05    0.0260116856296269    0.0260111451490359
4.7    1.05538890000786e-05    0.0265387765710766    0.0265382164023843
4.8    1.07520065736185e-05    0.0270765175055155    0.0270759352579874
4.9    1.09297508287091e-05    0.0276251222401042    0.0276245183752989
5    1.10858080457957e-05    0.0281848090530442    0.0281841841572057
5.1    1.12457866018277e-05    0.0287558007017353    0.028755153945812
5.2    1.13781269823915e-05    0.0293383245570671    0.0293376569342988
5.3    1.14828533110782e-05    0.0299326125989775    0.0299319251832716
5.4    1.16064064936086e-05    0.0305389011069778    0.0305381922214052
5.5    1.17360538537927e-05    0.0311574309953502    0.0311566996733568
5.6    1.18227747869493e-05    0.0317884484909929    0.0317876968445448
5.7    1.18850542894299e-05    0.0324322048808062    0.032431433972937
5.8    1.19732884214303e-05    0.03308895588795    0.0330881635302123
5.9    1.20741268372371e-05    0.0337589621127921    0.0337581469026541
5.99999999999999    1.21417374907948e-05    0.0344424899664437    0.0344416535932553
6.09999999999999    1.2181017326839e-05    0.035139811599602    0.0351389555327218
6.19999999999999    1.22304125976041e-05    0.035851204180722    0.0358503272414088
6.29999999999999    1.22949577419368e-05    0.0365769499316759    0.0365760505186267
6.39999999999999    1.23486542597599e-05    0.0373173368992349    0.0373164152728332
6.49999999999999    1.23827248555578e-05    0.0380726593234847    0.0380717164486302
6.59999999999999    1.24124510347974e-05    0.0388432173547595    0.0388422530876616
6.69999999999999    1.24467661531767e-05    0.0396293168812874    0.0396283303798861
6.79999999999999    1.24789670329193e-05    0.0404312698146525    0.0404302607462784
6.89999999999999    1.25037177131799e-05    0.0412493944208421    0.0412483628921727
6.99999999999999    1.2524434693702e-05    0.0420840154064165    0.0420829612626138
7.09999999999999    1.25438925184402e-05    0.0429354639463571    0.0429343868041787
7.19999999999999    1.25598220830129e-05    0.0438040778215547    0.0438029774925268
7.29999999999999    1.25714363007673e-05    0.0446902015651878    0.0446890779392689
7.39999999999999    1.2582227392612e-05    0.0455941865527994    0.0455930392143895
7.49999999999999    1.25939191158801e-05    0.0465163911523326    0.0465152195197526
7.59999999999999    1.26029719961418e-05    0.047457180973    0.0474559847850299
7.69999999999999    1.26059304302782e-05    0.0484169290497674    0.0484157083842765
7.79999999999999    1.26050312682484e-05    0.0493960158587002    0.0493947705977479
7.89999999999999    1.26054637554328e-05    0.0503948293175557    0.0503935588331819
7.99999999999999    1.26085653567775e-05    0.0514137649807605    0.0514124684894754
8.09999999999999    1.26105113159353e-05    0.0524532263893755    0.0524519034820482
8.19999999999999    1.26075926668231e-05    0.0535136253341772    0.0535122759952085
8.29999999999999    1.26006458770622e-05    0.0545953819064774    0.0545940060496662
8.39999999999999    1.25934946994576e-05    0.0556989244774101    0.0556975216068568
8.49999999999999    1.2588298338562e-05    0.0568246898196172    0.0568232591853295
8.59999999999999    1.25836699612234e-05    0.0579731234016889    0.0579716643907456
8.69999999999999    1.25770404337038e-05    0.0591446796951057    0.0591431919837608
8.79999999999998    1.25676984003327e-05    0.060339822352226    0.0603383057059091
8.89999999999998    1.25571073014323e-05    0.0615590242820535    0.0615574782949201
8.99999999999998    1.25469003510584e-05    0.0628027677548568    0.0628011918144924
9.09999999999998    1.25372615668447e-05    0.0640715446103369    0.064069938067051
9.19999999999998    1.25272183183814e-05    0.0653658565242139    0.0653642188400191
9.29999999999998    1.25159973247858e-05    0.0666862152443867    0.0666845459762961
9.39999999999998    1.25037732132692e-05    0.0680331427652816    0.0680314414445782
9.49999999999998    1.24912470682298e-05    0.069407171482784    0.0694054375401885
9.59999999999998    1.24788269238741e-05    0.0708088443833969    0.0708070771828221
9.69999999999998    1.2466348964471e-05    0.0722387152756601    0.0722369141920463
9.79999999999998    1.24534627421654e-05    0.0736973490310518    0.0736955134795301
9.89999999999998    1.2440104231654e-05    0.0751853218059495    0.0751834512027401
9.99999999999998    1.24265474087106e-05    0.0767032212495431    0.0767013149608012
10.1    1.241307149381e-05    0.0782516467228512    0.078249704060395
10.2    1.23996687242076e-05    0.0798312095421508    0.0798292298055946
10.3    1.23860865151958e-05    0.0814425332344951    0.0814405157509585
10.4    1.23721180903964e-05    0.0830862537832039    0.0830841979027525
10.5    1.23578274316314e-05    0.0847630198563074    0.0847609249086524
10.6    1.23435044236009e-05    0.0864734930335692    0.0864713582880319
10.7    1.23294248967178e-05    0.0882183480549738    0.0882161727188008
10.8    1.23156392340622e-05    0.089998273099421    0.0899960563541953
10.9    1.23019648305853e-05    0.0918139700808702    0.091811711124198
11    1.22881546531491e-05    0.0936661549392743    0.0936638529991655
11.1    1.22740954463139e-05    0.0955555579125395    0.0955532122252542
11.2    1.22598787700013e-05    0.0974829237947683    0.0974805335664164
11.3    1.22457210640099e-05    0.0994490121997142    0.0994465765798132
11.4    1.22318076744193e-05    0.101454597847156    0.101452115931257
11.5    1.22181831893015e-05    0.103500470876418    0.103497941731893
11.6    1.22047534052914e-05    0.10558743717654    0.105584859870728
11.7    1.21913704035433e-05    0.107716318716829    0.107713692329768
11.8    1.21779361992971e-05    0.109887953867199    0.109885277482809
11.9    1.21644551051325e-05    0.112103197709229    0.112100470393774
12    1.21510144218819e-05    0.114362922348208    0.114360143130941
12.1    1.21377217464616e-05    0.116668017238059    0.116665185104575
12.2    1.21246444008066e-05    0.119019389525551    0.119016503424995
12.3    1.21117857531261e-05    0.121417964412044    0.121415023270924
12.4    1.20990997279721e-05    0.123864685525528    0.123861688259426
12.5    1.20865287282005e-05    0.126360515295349    0.12635746081227
12.6    1.2074036905441e-05    0.128906435325886    0.128903322521355
12.7    1.20616231477782e-05    0.131503446770503    0.13150027451873
12.8    1.20493136670286e-05    0.134152570710382    0.134149337856528
12.9    1.20371412428056e-05    0.136854848543094    0.136851553900469
13    1.20251283529047e-05    0.139611342383526    0.139607984735279
13.1    1.20132794288067e-05    0.142423135476898    0.142419713580159
13.2    1.20015848501615e-05    0.145291332621631    0.145287845210973
13.3    1.19900311070775e-05    0.14821706059966    0.148213506387941
13.4    1.1978610007919e-05    0.151201468612969    0.151197846289509
13.5    1.19673216228894e-05    0.15424572872677    0.154242036954461
13.6    1.19561724794418e-05    0.157351036320771    0.157347273733497
13.7    1.19451698804877e-05    0.160518610550044    0.160514775751707
13.8    1.19343173034036e-05    0.163749694816272    0.163745786381284
13.9    1.1923612424096e-05    0.16704555724925    0.167041573723784
14    1.19130478675371e-05    0.170407491197881    0.17040343110105
14.1    1.19026167259152e-05    0.173836815729962    0.173832677553236
14.2    1.18923136006793e-05    0.177334876140534    0.177330658346775
14.3    1.18821377858031e-05    0.180903044469259    0.18089874549054
14.4    1.18720930742899e-05    0.184542720027787    0.184538338263111
14.5    1.1862184136546e-05    0.188255329938186    0.188250863752388
14.6    1.18524158840343e-05    0.19204232968322    0.192037777406058
14.7    1.18427892964613e-05    0.195905203668742    0.195900563595595
14.8    1.18333030850082e-05    0.199845465797947    0.19984073618998
14.9    1.18239510099737e-05    0.203864660056963    0.203859839142459
15    1.18147271520838e-05    0.207964361111243    0.207959447084933
15.1    1.1805624778418e-05    0.212146174912517    0.212141165935373
15.2    1.17966400589799e-05    0.216411739316503    0.216406633513948
15.3    1.17877709551164e-05    0.220762724711946    0.220757520172427
15.4    1.1779017533252e-05    0.225200834661801    0.225195529435132
15.5    1.17703814136955e-05    0.229727806557387    0.229722398653231
15.6    1.17618635922374e-05    0.234345412286143    0.234339899673436
15.7    1.17534651494614e-05    0.239055458913363    0.2390498395194
15.8    1.17451842861182e-05    0.243859789377956    0.243854061088903
15.9    1.17370182439386e-05    0.248760283202106    0.248754443862678
16    1.17289633264349e-05    0.253758857214616    0.253752904627774
16.1    1.17210142870284e-05    0.258857466287795    0.258851398214797
16.2    1.17131660389059e-05    0.264058104087913    0.264051918247535
16.3    1.17054149197236e-05    0.269362803839435    0.269356497906483
16.4    1.16977573746595e-05    0.274773639103429    0.2747672107079
16.5    1.16901909582475e-05    0.280292724570674    0.280286171296334
16.6    1.16827130807235e-05    0.285922216870013    0.285915536253614
16.7    1.16753231766688e-05    0.291664315392459    0.291657504921691
16.8    1.16680188957705e-05    0.29752126313153    0.297514320245099
16.9    1.16607993380667e-05    0.303495347540168    0.303488269626007
17    1.16536628231675e-05    0.309588901404572    0.309581685799319
17.1    1.16466079983258e-05    0.315804303735276    0.315796947723089
17.2    1.1639634481782e-05    0.322143980675853    0.32213648148677
17.3    1.16327419472053e-05    0.328610406429779    0.328602761238595
17.4    1.16259321431337e-05    0.335206104206135    0.335198310129906
17.5    1.16192079524674e-05    0.341933647185049    0.341925701281069
17.6    1.16125746580422e-05    0.348795659503939    0.348787558766737
17.7    1.16060401174207e-05    0.355794817265815    0.35578655862382
17.8    1.15996127972762e-05    0.362933849570935    0.362925429884348
17.9    1.15933044205491e-05    0.370215539573091    0.370206955629704
18    1.15871259552201e-05    0.377642725561596    0.377633974075347
18.1    1.15810885897088e-05    0.385218302069702    0.385209379678467
18.2    1.15752021568692e-05    0.392945221009545    0.392936124274102
18.3    1.15694719073217e-05    0.400826492833074    0.400817218238679
18.4    1.15638992274195e-05    0.408865187717469    0.408855731675161
18.5    1.15584790750049e-05    0.417064436772771    0.417054795623077
18.6    1.1553200129021e-05    0.425427433268735    0.425417603285749
18.7    1.1548044859727e-05    0.433957433877613    0.433947411273527
18.8    1.15429906791486e-05    0.442657759929755    0.44264754085892
18.9    1.1538013502018e-05    0.451531798679778    0.451521379240018
19    1.15330889851905e-05    0.460583004582546    0.460572380815517
19.1    1.15281960958622e-05    0.469814900580218    0.469804068468488
19.2    1.15233206073703e-05    0.479231079403742    0.479220034864266
19.3    1.15184552169376e-05    0.488835204894233    0.488823943771111
19.4    1.15136010276269e-05    0.498631013351062    0.498619531406165
19.5    1.15087667686876e-05    0.508622314913988    0.508610607817531
19.6    1.15039664561282e-05    0.518812994986147    0.518801058308883
19.7    1.14992161276286e-05    0.529207015703191    0.529194844911446
19.8    1.14945326348347e-05    0.539808417451518    0.539796007903218
19.9    1.14899283983293e-05    0.550621320435818    0.550608667382108
20    1.14854105013327e-05    0.561649926293428    0.561637024881683
20.1    1.14809800672431e-05    0.572898519750684    0.572885365028741
20.2    1.14766303168237e-05    0.584371470315048    0.58435805723832
20.3    1.14723498190096e-05    0.596073233996366    0.596059557431952
20.4    1.14681217640455e-05    0.608008355051291    0.607994409783518
20.5    1.14639286111282e-05    0.620181467746537    0.620167248477402
20.6    1.14597529670252e-05    0.632597298138759    0.632582799487381
20.7    1.14555796660414e-05    0.645260665871298    0.645245882370725
20.8    1.14513975687767e-05    0.658176485990171    0.658161412081565
20.9    1.14471994467802e-05    0.671349770783386    0.671334400809879
21    1.14429837206241e-05    0.684785631648744    0.684769959846406
21.1    1.14387520063348e-05    0.698489280995741    0.698473301487198
21.2    1.14345110602863e-05    0.712466034187102    0.712449740971911
21.3    1.1430270179197e-05    0.726721311525123    0.726704698473144
21.4    1.14260417712565e-05    0.741260640287434    0.741243701130903
21.5    1.14218399001511e-05    0.756089656815995    0.756072385143249
21.6    1.14176794137966e-05    0.771214108662294    0.771196497912463
21.7    1.14135749643761e-05    0.786639856790484    0.786621900249481
21.8    1.14095386346139e-05    0.802372877838907    0.802354568639109
21.9    1.14055803820863e-05    0.818419266438843    0.818400597558314
22    1.14017051465867e-05    0.834785237587781    0.834766201854542
22.1    1.13979127142868e-05    0.851477129073003    0.851457719170244
22.2    1.1394197538244e-05    0.868501403939921    0.868481612412312
22.3    1.13905481639102e-05    0.885864652998905    0.885844472260781
22.4    1.13869482445476e-05    0.903573597364256    0.903553019706996
22.5    1.13833790046219e-05    0.921635091020115    0.921614108615876
22.6000000000001    1.13798210427401e-05    0.940056123410416    0.940034728312979
22.7000000000001    1.13762576385899e-05    0.958843822053539    0.958822006193012
22.8000000000001    1.1372677177793e-05    0.978005455186527    0.977983210358871
22.9000000000001    1.13690759057821e-05    0.99754843444793    0.997525752298063
23.0000000000001    1.13654577727362e-05    1.01748031761173    1.01745718961542
23.1000000000001    1.13618342129137e-05    1.03780881138655    1.03778522883117
23.2000000000001    1.13582230476039e-05    1.05854177429378    1.05851772825974
23.3000000000001    1.1354644367343e-05    1.07968721963596    1.07966270098555
23.4000000000001    1.1351118126695e-05    1.10125331856174    1.10122831793251
23.5000000000001    1.13476608858695e-05    1.12324840322832    1.12322291103366
23.6000000000001    1.13442826478264e-05    1.14568097005625    1.14565497649363
23.7000000000001    1.13409859359638e-05    1.16855968306621    1.16853317812894
23.8000000000001    1.13377647633055e-05    1.19189337728415    1.1918663507771
23.9000000000001    1.13346056362527e-05    1.21569106219987    1.21566350375471
24.0000000000001    1.13314894603513e-05    1.2399619252653    1.23993382435275
24.1000000000001    1.1328393816938e-05    1.26471533542168    1.26468668135952
24.2000000000001    1.13252965048933e-05    1.28996084665053    1.2899316286033
24.3000000000001    1.13221789450437e-05    1.31570820154886    1.31567840851878
24.4000000000001    1.13190282994012e-05    1.3419673349367    1.34193695574808
24.5000000000001    1.1315840276408e-05    1.36874837751096    1.36871740078545
24.6000000000001    1.1312619644054e-05    1.39606165956428    1.39603007369249
24.7000000000001    1.13093785142307e-05    1.42391771478962    1.42388550790504
24.8000000000001    1.13061355161313e-05    1.45232728419036    1.45229444414348
24.9000000000001    1.1302911908302e-05    1.48130132011115    1.48126783445297
25.0000000000001    1.12997283498531e-05    1.51085099039817    1.51081684637245
25.1000000000001    1.12966012085404e-05    1.54098768268958    1.54095286723624
25.2000000000001    1.12935409124765e-05    1.57172300882817    1.57168750859288
25.3000000000001    1.1290548751942e-05    1.60306880938198    1.60303261073759
25.4000000000001    1.12876192207487e-05    1.63503715825442    1.63500024731735
25.5000000000001    1.12847387139767e-05    1.66764036736411    1.6676027300172
25.6000000000001    1.12818894767106e-05    1.70089099137762    1.70085261328224
25.7000000000001    1.12790506881331e-05    1.73480183248314    1.73476269908893
25.8000000000001    1.12762037047959e-05    1.76938594520119    1.76934604173845
25.9000000000001    1.12733340466803e-05    1.80465664123747    1.80461595270185
26.0000000000001    1.1270433972275e-05    1.84062749439259    1.8405860055189
26.1000000000001    1.12675036430463e-05    1.87731234555054    1.87727004077983
26.2000000000001    1.1264552221625e-05    1.91472530777257    1.91468217121204
26.3000000000001    1.12615942657917e-05    1.95288077152344    1.95283678691698
26.4000000000001    1.12586485491051e-05    1.99179341005302    1.99174856075399
26.5000000000001    1.12557338539926e-05    2.0314781849478    2.03143245390698
26.6000000000001    1.12528665150213e-05    2.07195035185665    2.0719037216199
26.7000000000001    1.1250055900084e-05    2.11322546638298    2.11317791910864
26.8000000000001    1.12473043037478e-05    2.15531939012566    2.15527090760485
26.9000000000001    1.12446056231982e-05    2.19824829684355    2.19819886052913
27.0000000000001    1.12419468034653e-05    2.2420286787165    2.24197826974892
27.1000000000001    1.12393098928715e-05    2.28667735267823    2.28662595190515
27.2000000000001    1.1236675976173e-05    2.33221146680473    2.33215905478454
27.3000000000001    1.12340279540425e-05    2.37864850675348    2.37859506374622
27.4000000000001    1.12313541910244e-05    2.42600630226229    2.42595180820223
27.5000000000001    1.12286507392753e-05    2.47430303372959    2.47424746818434
27.6000000000001    1.12259216873346e-05    2.52355723890738    2.52350058103155
27.7000000000001    1.12231782618738e-05    2.57378781974264    2.573730048232
27.8000000000001    1.12204361552269e-05    2.62501404940011    2.62495514245598
27.9000000000001    1.12177128109994e-05    2.67725557949129    2.67719551479665
28.0000000000001    1.12150237279921e-05    2.73053244752045    2.73047120223494
28.1000000000001    1.12123786507968e-05    2.78486508454374    2.7848026353203
28.2000000000001    1.12097811584312e-05    2.84027432302299    2.84021064602961
28.3000000000001    1.12072276171938e-05    2.89678140484656    2.89671647579711
28.4000000000001    1.12047070806365e-05    2.95440798948586    2.95434178367544
28.5000000000001    1.12022058053535e-05    3.01317616225926    3.0131086545765
28.6000000000001    1.11997074156165e-05    3.07310844268439    3.07303960762449
28.7000000000001    1.11971983103164e-05    3.13422779291363    3.13415760455925
28.8000000000001    1.11946686552955e-05    3.1965576262631    3.19648605825736
28.9000000000001    1.119211495234e-05    3.26012181586048    3.26004884136097
29.0000000000001    1.11895409792991e-05    3.32494470344741    3.32487029506998
29.1000000000001    1.11869560701292e-05    3.39105110837726    3.39097523814646
29.2000000000001    1.11843735585538e-05    3.45846633684576    3.45838897615209
29.3000000000001    1.1181807905234e-05    3.52721619138219    3.52713731095643
29.4000000000001    1.11792722232105e-05    3.59732698061373    3.59724655051769
29.5000000000001    1.11767737869793e-05    3.66882552929773    3.66874351894833
29.6000000000002    1.11743150864542e-05    3.74173918860004    3.74165556678913
29.7000000000002    1.11718910383355e-05    3.81609584658568    3.81601058152427
29.8000000000002    1.11694912078157e-05    3.891923938884    3.89183699823465
29.9000000000002    1.11671022757097e-05    3.96925245949493    3.96916381038854
30.0000000000002    1.11647103267492e-05    4.04811097171618    4.04802058075263
30.1000000000002    1.11623046577233e-05    4.12852961919008    4.12843745240808
30.2000000000002    1.11598792830827e-05    4.21053913708907    4.21044515992087
30.3000000000002    1.11574350354826e-05    4.29417086347642    4.29407504068067
30.4000000000002    1.11549779823094e-05    4.37945675088925    4.37935904649187
30.5000000000002    1.11525186101471e-05    4.46642937819123    4.46632975542875
30.6000000000002    1.11500693919047e-05    4.55512196273319    4.55502038401385
30.7000000000002    1.11476411271029e-05    4.64556837284255    4.64546479973904
30.8000000000002    1.11452418167285e-05    4.73780314064189    4.73769753389554
30.9000000000002    1.11428734583205e-05    4.83186147517691    4.83175379473481
31.0000000000002    1.11405332300498e-05    4.92777927582013    4.92766948086576
31.1000000000002    1.11382133241477e-05    5.02559314591092    5.02548119490078
31.2000000000002    1.11359032630121e-05    5.12534040659698    5.12522625727822
31.3000000000002    1.11335920583087e-05    5.22705911085546    5.2269427202637
31.4000000000002    1.11312705766263e-05    5.33078805769182    5.33066938212432
31.5000000000002    1.11289339809534e-05    5.43656680653585    5.43644580149636
31.6000000000002    1.11265821242995e-05    5.5444356918734    5.54431231200808
31.7000000000002    1.1124219775554e-05    5.65443583816393    5.65431003718943
31.8000000000002    1.11218559743267e-05    5.76660917509578    5.76648090572896
31.9000000000002    1.11195005394131e-05    5.88099845322258    5.88086766714591
32.0000000000002    1.11171626716429e-05    5.99764726000601    5.99751390784804
32.1000000000002    1.11148488963259e-05    6.11660003626666    6.1164640676076
32.2000000000002    1.1112560574329e-05    6.23790209302201    6.23776345643289
32.3000000000002    1.11102944510057e-05    6.36159962867338    6.36145827175379
32.4000000000002    1.11080435196056e-05    6.48773974649635    6.48759561590646
32.5000000000002    1.11057986455038e-05    6.61637047239587    6.6162235138715
32.6000000000002    1.11035501171956e-05    6.74754077290402    6.74739093125352
32.7000000000002    1.11012918278019e-05    6.88130057342299    6.88114779246741
32.8000000000002    1.10990207847152e-05    7.01770077674161    7.01754499925702
32.9000000000002    1.10967385823898e-05    7.15679328187463    7.15663444950888
33.0000000000002    1.10944511952513e-05    7.29863100328303    7.29846905646883
33.1000000000002    1.10921661315389e-05    7.44326789053162    7.44310276843517
33.2000000000002    1.10898918869556e-05    7.59075894842408    7.59059058889901
33.3000000000002    1.10876344650074e-05    7.741160257632    7.74098859722477
33.4000000000002    1.10853971896998e-05    7.89452899580801    7.89435396976916
33.5000000000002    1.10831785788987e-05    8.05092345915135    8.05074500148438
33.6000000000002    1.10809744506161e-05    8.21040308438248    8.21022112786513
33.7000000000002    1.10787778260786e-05    8.37302847108471    8.37284294729576
33.8000000000002    1.10765810395562e-05    8.53886140438478    8.53867224369938
33.9000000000002    1.10743781335383e-05    8.70796487796762    8.70777200951185
34.0000000000002    1.10721657942845e-05    8.88040311744692    8.88020646903297
34.1000000000002    1.10699438299595e-05    9.0562416041377    9.05604110218551
34.2000000000002    1.10677162500945e-05    9.23554709929091    9.23534266872407
34.3000000000002    1.10654889610528e-05    9.41838766885284    9.41817923302973
34.4000000000002    1.10632686790552e-05    9.6048327088    9.60462018946141
34.5000000000002    1.10610612230491e-05    9.79495297107649    9.79473628832426
34.6000000000002    1.10588696444897e-05    9.98882059013314    9.98859966244674
34.7000000000002    1.10566939849878e-05    10.1865091100408    10.1862838543034
34.8000000000002    1.10545305805371e-05    10.3880935121338    10.3878638436779
34.9000000000002    1.10523740970681e-05    10.5936502431367    10.5934160757538
35.0000000000002    1.10502177654441e-05    10.8032572437402    10.8030184896882
35.1000000000002    1.10480570074671e-05    11.0169939776163    11.0167505475507
35.2000000000002    1.10458886951534e-05    11.2349414608963    11.2346932638121
35.3000000000002    1.10437128757651e-05    11.4571822921586    11.4569292352901
35.4000000000002    1.10415327188135e-05    11.6838006829959    11.6835426717097
35.5000000000002    1.10393537176816e-05    11.9148824892277    11.9146194269272
35.6000000000002    1.10371811065732e-05    12.1505152428137    12.1502470308995
35.7000000000002    1.10350187573186e-05    12.3907881844954    12.390514722353
35.8000000000002    1.10328694102509e-05    12.6357922971625    12.635513482146
35.9000000000002    1.10307320119249e-05    12.8856203399161    12.8853360674023
36.0000000000002    1.10286036081632e-05    13.1403668827838    13.1400770461851
36.1000000000002    1.10264793707893e-05    13.4001283420442    13.3998328328252
36.2000000000002    1.10243547714067e-05    13.6650030161336    13.6647017237728
36.3000000000002    1.10222255768264e-05    13.935091122137    13.9347839340873
36.4000000000002    1.10200904418233e-05    14.2104948328943    14.2101816344692
36.5000000000002    1.10179500976326e-05    14.4913183147813    14.4909989890555
36.6000000000003    1.10158072560229e-05    14.7776677662378    14.7773421939446
36.7000000000003    1.10136669593939e-05    15.0696514571131    15.0693195165243
36.8000000000003    1.10115331084813e-05    15.3673797688805    15.3670413357849
36.9000000000003    1.10094085046184e-05    15.6709652357445    15.6706201834274
37.0000000000003    1.10072945825014e-05    15.9805225866297    15.9801707858627
37.1000000000003    1.10051893436088e-05    16.2961687880163    16.2958101071175
37.2000000000003    1.10030900925755e-05    16.6180230875762    16.6176573923896
37.3000000000003    1.10009921814135e-05    16.9462070585694    16.9458342124883
37.4000000000003    1.09988924280719e-05    17.280844644985    17.2804645088635
37.5000000000003    1.09967881860427e-05    17.6220622074442    17.6216746395352
37.6000000000003    1.09946795772515e-05    17.9699885699145    17.9695934257263
37.7000000000003    1.09925678743108e-05    18.3247550673102    18.324352199511
37.8000000000003    1.09904567628952e-05    18.6864955940579    18.6860848523283
37.9000000000003    1.09883495931116e-05    19.0553466536938    19.054927884674
38.0000000000003    1.09862492955182e-05    19.4314474095337    19.4310204567734
38.1000000000003    1.09841572739398e-05    19.8149397364191    19.8145044403716
38.2000000000003    1.09820727138037e-05    20.2059682735162    20.2055244715644
38.3000000000003    1.09799936500594e-05    20.6046804781252    20.6042280045717
38.4000000000003    1.09779171136561e-05    21.0112266804608    21.0107653665151
38.5000000000003    1.09758394851445e-05    21.425760139385    21.425289813139
38.6000000000003    1.0973758769602e-05    21.8484370991035    21.8479575854092
38.7000000000003    1.09716746393116e-05    22.2794168468717    22.2789279672099
38.8000000000003    1.09695876268875e-05    22.7188617717858    22.7183633441634
38.9000000000003    1.09675005924858e-05    23.1669374247434    23.1664292635168
39.0000000000003    1.09654163417305e-05    23.6238125796482    23.6232944954482
39.1000000000003    1.09633372425552e-05    24.0896592959141    24.0891310955871
39.2000000000003    1.09612645354066e-05    24.5646529822813    24.564114468865
39.3000000000003    1.0959198355785e-05    25.0489724619315    25.0484234346328
39.4000000000003    1.0957136972215e-05    25.5428000388619    25.5422402930777
39.5000000000003    1.09550774645367e-05    26.0463215654807    26.0457508927916
39.6000000000003    1.09530176908445e-05    26.559726511401    26.5591446994649
39.7000000000003    1.09509554964817e-05    27.0832080334451    27.0826148659291
39.8000000000003    1.09488905948405e-05    27.6169630469086    27.6163583033159
39.9000000000003    1.09468236250909e-05    28.1611922981623    28.1605757537012
40.0000000000003    1.09447566301239e-05    28.7161004386845    28.7154718641027
40.1000000000003    1.09426920672111e-05    29.2818961006053    29.2812552620735
40.2000000000003    1.09406317829449e-05    29.8587919738216    29.8581386328726
40.3000000000003    1.09385768737686e-05    30.4470048847006    30.4463387981796
40.4000000000003    1.09365268096539e-05    31.0467558763606    31.0460767964314
40.5000000000003    1.09344805314935e-05    31.6582702904951    31.657577964585
40.6000000000003    1.09324353314729e-05    32.2817778507071    32.281072021526
40.7000000000003    1.093038977064e-05    32.917512747344    32.9167931527203
40.8000000000003    1.09283422763115e-05    33.5657137238546    33.5649800966552
40.9000000000003    1.09262926412614e-05    34.2266241647296    34.2258762326782
41.0000000000003    1.0924241508978e-05    34.9004921851154    34.8997296706344
41.1000000000003    1.09221911044525e-05    35.587570722196    35.58679334219
41.2000000000003    1.09201431260127e-05    36.2881176284332    36.2873250942112
41.3000000000003    1.09180985275888e-05    37.0023957667183    37.0015877839345
41.4000000000003    1.0916058725178e-05    37.7306731074556    37.7298493759608
41.5000000000003    1.09140224713106e-05    38.4732228275626    38.472383041491
41.6000000000003    1.09119885798382e-05    39.2303234113586    39.2294672590188
41.7000000000003    1.0909955363681e-05    40.0022587533157    40.0013859171234
41.8000000000003    1.09079215437095e-05    40.7893182626748    40.7884284190143
41.9000000000003    1.09058858252591e-05    41.5917969699692    41.5908897890847
42.0000000000003    1.09038488272415e-05    42.4099956355308    42.4090707812529
42.1000000000003    1.090181133109e-05    43.2442208600847    43.2432779896898
42.2000000000003    1.08997747953998e-05    44.0947851975341    44.0938239615548
42.3000000000003    1.08977406720433e-05    44.96200727002    44.9610273121086
42.4000000000003    1.08957101758977e-05    45.8462118853046    45.8452128421151
42.5000000000003    1.08936828589239e-05    46.7477301564906    46.7467116576924
42.6000000000003    1.08916582692434e-05    47.6668996240597    47.6658612922059
42.7000000000003    1.08896348988797e-05    48.6040643802085    48.6030058307043
42.8000000000003    1.08876113960627e-05    49.5595751954791    49.5584960364372
42.9000000000003    1.08855868831795e-05    50.5337896477122    50.5326894797727
43.0000000000003    1.08835611024305e-05    51.5270722533946    51.5259506695228
43.1000000000003    1.08815344912001e-05    52.539794601501    52.5386511867689
43.2000000000003    1.08795085189854e-05    53.5723354899467    53.5711698212679
43.3000000000003    1.08774837799685e-05    54.625081064756    54.6238927108158
43.4000000000003    1.08754616812676e-05    55.6984249620196    55.6972134830223
43.5000000000003    1.08734425605554e-05    56.792768452677    56.7915334002951
43.6000000000003    1.08714255606042e-05    57.9085205901285    57.9072615074747
43.7000000000004    1.08694103797525e-05    59.0460983606598    59.0448147820627
43.8000000000004    1.08673954509624e-05    60.2059268366757    60.2046182876654
43.9000000000004    1.08653797410158e-05    61.3884393327684    61.3871053298528
44.0000000000004    1.08633631085122e-05    62.5940775646817    62.5927176150692
44.1000000000004    1.08613457964243e-05    63.823291811277    63.8219054126507
44.2000000000004    1.08593286941112e-05    65.0765410796253    65.0751277198737
44.3000000000004    1.08573124703767e-05    66.3542932733442    66.3528524303962
44.4000000000004    1.08552982434377e-05    67.6570253642756    67.6555565058433
44.5000000000004    1.08532864353735e-05    68.9852235675612    68.9837261510307
44.6000000000004    1.08512765170439e-05    70.3393835201375    70.3378569925011
44.7000000000004    1.08492680237538e-05    71.7200104626486    71.7184542602999
44.8000000000004    1.08472599939384e-05    73.127619424781    73.1260329733883
44.9000000000004    1.08452516229046e-05    74.5627354140514    74.5611181283367
45.0000000000004    1.08432425014415e-05    76.0258936081172    76.0242448915931
45.1000000000004    1.08412328589406e-05    77.5176395507187    77.5159587953781
45.2000000000004    1.08392232176045e-05    79.0385293513882    79.0368159374354
45.3000000000004    1.08372143436799e-05    80.5891298890614    80.587383184642
45.4000000000004    1.08352069190554e-05    82.1700190197017    82.1682383806781
45.5000000000004    1.08332014975086e-05    83.7817857880144    83.7799705577446
45.6000000000004    1.08311976989571e-05    85.4250306432852    85.4231801525376
45.7000000000004    1.08291950883544e-05    87.1003656593605    87.0984792260851
45.8000000000004    1.08271931326995e-05    88.8084147587797    88.8064916878844
45.9000000000004    1.08251907382793e-05    90.5498139411061    90.5478535243136
46.0000000000004    1.08231877723437e-05    92.3252115155326    92.3232130309619
46.1000000000004    1.08211845119447e-05    94.135268337886    94.1332310497163
46.2000000000004    1.08191812689484e-05    95.9806580521799    95.978581210374
46.3000000000004    1.08171787476701e-05    97.862067336864    97.8599501768157
46.4000000000004    1.08151775368949e-05    99.780196155897    99.7780378981668
46.5000000000004    1.08131778214952e-05    101.735758014733    101.733557864839
46.6000000000004    1.08111795906981e-05    103.72948022127    103.727237369439
46.7000000000004    1.08091820930322e-05    105.7621041518    105.759817772829
46.8000000000004    1.08071851382352e-05    107.834385521979    107.83205477483
46.9000000000004    1.08051877720197e-05    109.947094662897    109.944718690564
47.0000000000004    1.08031902719657e-05    112.101016802337    112.098594731275
47.1000000000004    1.08011921535274e-05    114.296952351373    114.294483291352
47.2000000000004    1.07991943865231e-05    116.535717196472    116.533200239928
47.3000000000004    1.07971972389316e-05    118.818142997269    118.815577219121
47.4000000000004    1.07952012361774e-05    121.145077490145    121.142461947399
47.5000000000004    1.07932066585854e-05    123.517384797722    123.51471852918
47.6000000000004    1.07912129860793e-05    125.935945744335    125.933227770439
47.7000000000004    1.07892200495027e-05    128.401658177517    128.39888749992
47.8000000000004    1.07872272738053e-05    130.915437295577    130.912612896892
47.9000000000004    1.07852343964473e-05    133.478215981339    133.475336824699
48.0000000000004    1.07832410898889e-05    136.090945142189    136.088010170894
48.1000000000004    1.07812477228186e-05    138.754594056583    138.751602193537
48.2000000000004    1.0779254675747e-05    141.470150727228    141.467100874536
48.3000000000004    1.07772624457551e-05    144.238622241098    144.23551327963
48.4000000000004    1.07752711431206e-05    147.06103513644    147.057865925533
48.5000000000004    1.07732807134959e-05    149.938435776897    149.935205153985
48.6000000000004    1.07712912775741e-05    152.871890732797    152.868597512943
48.7000000000004    1.07693023111297e-05    155.862487169717    155.859130145384
48.8000000000004    1.07673131615237e-05    158.911333244384    158.907911185051
48.9000000000004    1.07653238020033e-05    162.019558508055    162.016070159589
49.0000000000004    1.07633346430636e-05    165.188314317538    165.1847584016
49.1000000000004    1.07613451508449e-05    168.418774254077    168.415149467965
49.2000000000004    1.07593562625748e-05    171.712134550284    171.708439565979
49.3000000000004    1.07573680961177e-05    175.069614525348    175.065847989294
49.4000000000004    1.07553806654463e-05    178.49245702865    178.488617561302
49.5000000000004    1.07533943185611e-05    181.981928891931    181.978015087138
49.6000000000004    1.07514081710521e-05    185.539321390103    185.535331815045
49.7000000000004    1.07494223581172e-05    189.165950710802    189.161883905118
49.8000000000004    1.07474367295372e-05    192.863158432825    192.859012908193
49.9000000000004    1.07454506763359e-05    196.632312013623    196.62808625341
50.0000000000004    1.07434646124828e-05    200.474805286068    200.470497744394
50.1000000000004    1.07414788519835e-05    204.392058964729    204.387668065936
50.2000000000004    1.07394936692673e-05    208.385521161895    208.381045299993
50.3000000000004    1.07375090040208e-05    212.456667913563    212.452105451783
50.4000000000004    1.07355251960436e-05    216.607003715548    216.602352985584
50.5000000000004    1.07335420913085e-05    220.838062069861    220.833321371476
50.6000000000004    1.07315590060462e-05    225.151406041494    225.146573642155
50.7000000000005    1.07295759121812e-05    229.548628825751    229.543702959727
50.8000000000005    1.07275931157312e-05    234.031354326319    234.026333193892
50.9000000000005    1.07256101169053e-05    238.601237744321    238.596119511518
51.0000000000005    1.07236271185883e-05    243.259966178621    243.254748976228
51.1000000000005    1.07216445667882e-05    248.009259237629    248.003941160394
51.2000000000005    1.0719662581585e-05    252.850869662898    252.845448768996
51.3000000000005    1.07176811337176e-05    257.786583964705    257.781058275113
51.4000000000005    1.07157002097642e-05    262.81822306982    262.8125905676
51.5000000000005    1.07137195737426e-05    267.94764298162    267.941901611317
51.6000000000005    1.07117392785961e-05    273.176735452733    273.170883119487
51.7000000000005    1.07097589992137e-05    278.507428670427    278.501463239434
51.8000000000005    1.07077783975786e-05    283.941687955007    283.935607250773
51.9000000000005    1.07057981197509e-05    289.481516471504    289.475318276511
52.0000000000005    1.07038180589297e-05    295.128955954987    295.122638009316
52.1000000000005    1.0701838322544e-05    300.886087449794    300.879647450191
52.2000000000005    1.06998591798878e-05    306.755032062952    306.748467661899
52.3000000000005    1.06978805461008e-05    312.737951732028    312.73126053711
52.4000000000005    1.06959021857255e-05    318.837050007622    318.830229580773
52.5000000000005    1.06939240246247e-05    325.05457285073    325.047620707263
52.6000000000005    1.06919460022782e-05    331.392809445216    331.385723052935
52.7000000000005    1.068996772932e-05    337.85409302571    337.846869804223
52.8000000000005    1.06879896528164e-05    344.440801721249    344.433439040492
52.9000000000005    1.06860117794277e-05    351.155359415026    351.147854594609
53.0000000000005    1.06840342480279e-05    358.000236620621    357.992586928773
53.1000000000005    1.06820572055595e-05    364.977951375006    364.970154027587
53.2000000000005    1.06800804522736e-05    372.091070148654    372.083122308408
53.3000000000005    1.06781041540595e-05    379.342208772982    379.334107548257
53.4000000000005    1.06761279741329e-05    386.734033385434    386.725775829528
53.5000000000005    1.06741518979118e-05    394.269261392478    394.260844502352
53.6000000000005    1.06721756975825e-05    401.950662450875    401.942083166251
53.7000000000005    1.06701998892059e-05    409.781059467596    409.772314669274
53.8000000000005    1.06682239916827e-05    417.76332961882    417.75441612836
53.9000000000005    1.06662483286267e-05    425.900405388402    425.891319966335
54.0000000000005    1.06642732166752e-05    434.1952756262    434.186014970861
54.1000000000005    1.06622984622898e-05    442.650986626635    442.641547373411
54.2000000000005    1.06603239802989e-05    451.270643227793    451.26102194784
54.3000000000005    1.06583495688093e-05    460.057409931407    460.047603130537
54.4000000000005    1.06563753654922e-05    469.014512044081    469.004516161217
54.5000000000005    1.06544008827543e-05    478.145236840174    478.135048246661
54.6000000000005    1.06524266918156e-05    487.452934746767    487.442549744087
54.7000000000005    1.06504527170448e-05    496.94102055122    496.930435370272
54.8000000000005    1.06484791443328e-05    506.61297463178    506.602185431279
54.9000000000005    1.06465058043551e-05    516.472344211699    516.461347077159
55.0000000000005    1.06445326224958e-05    526.522744637272    526.511535579523
55.1000000000005    1.06425596671592e-05    536.7678606802    536.756435633822
55.2000000000005    1.06405869460807e-05    547.211447864686    547.19980268662
55.3000000000005    1.06386144395939e-05    557.857333819701    557.845464287802
55.4000000000005    1.0636641880772e-05    568.709419656895    568.697321468716
55.5000000000005    1.06346693231391e-05    579.771681374693    579.759350145603
55.6000000000005    1.06326970678097e-05    591.04817128911    591.035602550434
55.7000000000005    1.06307250115155e-05    602.543019491848    602.53020868974
55.8000000000005    1.06287531376907e-05    614.260435336209    614.247377829935
55.9000000000005    1.06267816793685e-05    626.204708951303    626.191400011277
56.0000000000005    1.06248104384158e-05    638.38021278505    638.366647591681
56.1000000000005    1.06228391544285e-05    650.791403176466    650.777576818544
56.2000000000005    1.06208681529583e-05    663.44282195775    663.428729429947
56.3000000000005    1.061889711163e-05    676.33909808676    676.324734288698
56.4000000000005    1.06169262118451e-05    689.484949310506    689.470309044278
56.5000000000005    1.06149554924633e-05    702.885183860275    702.870261828786
56.6000000000005    1.06129849314495e-05    716.544702179061    716.529492984223
56.7000000000005    1.06110147232254e-05    730.468498681877    730.452996822379
56.8000000000005    1.06090447146335e-05    744.661663549564    744.645863419416
56.9000000000005    1.0607074798087e-05    759.129384556663    759.113280443154
57.0000000000005    1.06051051877235e-05    773.87694893395    773.86053501513
57.1000000000005    1.06031353090451e-05    788.909745266267    788.893015610103
57.2000000000005    1.06011657696554e-05    804.233265426344    804.216213986781
57.3000000000005    1.05991962986205e-05    819.853106545331    819.835727161514
57.4000000000005    1.05972270913998e-05    835.774973020809    835.757259414151
57.5000000000005    1.05952580128055e-05    852.00467856299    851.986624335484
57.6000000000005    1.05932891547919e-05    868.548148279837    868.529746911408
57.7000000000005    1.05913206235516e-05    885.411420801783    885.392665647942
57.8000000000006    1.05893519472269e-05    902.600650446773    902.581534737285
57.9000000000006    1.05873835364108e-05    920.122109426314    920.102626261244
58.0000000000006    1.05854152344772e-05    937.982190093323    937.962332441595
58.1000000000006    1.05834468969071e-05    956.187407232615    956.16716792952
58.2000000000006    1.0581478937977e-05    974.744400394845    974.723772138437
58.3000000000006    1.05795109555086e-05    993.659936274807    993.638911624874
58.4000000000006    1.05775433268822e-05    1012.94091113493    1012.91948250884
58.5000000000006    1.05755758244258e-05    1032.5943532748    1032.57251294601
58.6000000000006    1.0573608415937e-05    1052.6274255475    1052.60516564246
58.7000000000006    1.05716413355843e-05    1073.04742792373    1073.02474041849
58.8000000000006    1.05696740986318e-05    1093.86180010433    1093.83867682327
58.9000000000006    1.05677069984731e-05    1115.07812418246    1115.05455679372
59.0000000000006    1.05657401950198e-05    1136.70412735606    1136.68010736887
59.1000000000006    1.05637732572414e-05    1158.74768469196    1158.72320345497
59.2000000000006    1.05618065671302e-05    1181.21682194231    1181.19187063867
59.3000000000006    1.05598404410358e-05    1204.11971841451    1204.09428805885
59.4000000000006    1.05578738241086e-05    1227.46470989562    1227.43879133421
59.5000000000006    1.05559078362963e-05    1251.26029163215    1251.23387553436
59.6000000000006    1.0553941800463e-05    1275.51512136621    1275.48819822564
59.7000000000006    1.05519759654605e-05    1300.23802242919    1300.21058255801
59.8000000000006    1.05500100214058e-05    1325.43798689404    1325.410020421
59.9000000000006    1.05480442666061e-05    1351.12417878724    1351.09567565259
60.0000000000006    1.05460787432578e-05    1377.30593736163    1377.27688731426
60.1000000000006    1.05441132379556e-05    1403.99278043145    1403.96317302591
60.2000000000006    1.05421479892367e-05    1431.19440777044    1431.16423236206
60.3000000000006    1.05401829735572e-05    1458.92070457445    1458.88995031626
60.4000000000006    1.05382181023322e-05    1487.18174498945    1487.15040082859
60.5000000000006    1.05362531959485e-05    1515.98779570643    1515.9558503805
60.6000000000006    1.05342883581482e-05    1545.34931962417    1545.31676165645
60.7000000000006    1.05323237354148e-05    1575.27697958141    1575.24379727666
60.8000000000006    1.0530359253064e-05    1605.78164215975    1605.74782360072
60.9000000000006    1.0528394747316e-05    1636.8743815585    1636.8399146021
61.0000000000006    1.052643064129e-05    1668.56648354305    1668.5313558141
61.1000000000006    1.05244665687123e-05    1700.86944946787    1700.83364835734
61.2000000000006    1.05225024664291e-05    1733.79500037575    1733.75851303535
61.3000000000006    1.05205386664666e-05    1767.35508117442    1767.31789451071
61.4000000000006    1.05185749485357e-05    1801.56186489227    1801.52396556391
61.5000000000006    1.05166111790624e-05    1836.42775701443    1836.38913142728
61.6000000000006    1.05146475341134e-05    1871.96539990101    1871.92603420218
61.7000000000006    1.05126842841262e-05    1908.18767728891    1908.14755736147
61.8000000000006    1.05107210329509e-05    1945.10771887884    1945.06683033939
61.9000000000006    1.05087578152346e-05    1982.73890500919    1982.69723320118
62.0000000000006    1.05067950411037e-05    2021.0948714182    2021.05240140528
62.1000000000006    1.05048319568032e-05    2060.18951409623    2060.14623066163
62.2000000000006    1.05028691732201e-05    2100.03699422962    2099.99288186531
62.3000000000006    1.05009065576635e-05    2140.65174323801    2140.60678614224
62.4000000000006    1.0498943988484e-05    2182.04846790693    2182.00264997868
62.5000000000006    1.04969814342662e-05    2224.24215561743    2224.19546045036
62.6000000000006    1.04950193259042e-05    2267.24807967455    2267.20049054917
62.7000000000006    1.04930569280432e-05    2311.08180473666    2311.03330461969
62.8000000000006    1.04910949794979e-05    2355.75919234732    2355.70976387901
62.9000000000006    1.04891331428879e-05    2401.29640657165    2401.24603206459
63.0000000000006    1.04871712082976e-05    2447.70991973917    2447.65858117158
63.1000000000006    1.04852094840371e-05    2495.01651829507    2494.96419730195
63.2000000000006    1.04832478857394e-05    2543.23330876197    2543.17998663054
63.3000000000006    1.04812861366607e-05    2592.37772381441    2592.32338147859
63.4000000000006    1.04793250101291e-05    2642.46752846806    2642.41214649631
63.5000000000006    1.0477363760278e-05    2693.52082638591    2693.46438498228
63.6000000000006    1.04754025585724e-05    2745.5560663036    2745.49854529607
63.7000000000006    1.04734415641605e-05    2798.59204857592    2798.53342740932
63.8000000000006    1.04714806574131e-05    2852.647931847    2852.58818957731
63.9000000000006    1.04695198180057e-05    2907.74323984627    2907.68235513275
64.0000000000006    1.04675588960552e-05    2963.89786831279    2963.8358194113
64.1000000000006    1.0465598416396e-05    3021.1320920502    3021.06885680152
64.2000000000006    1.04636379253149e-05    3079.46657211496    3079.40212794285
64.3000000000006    1.04616776044953e-05    3138.92236314028    3138.85668703978
64.4000000000006    1.04597173739028e-05    3199.52092079827    3199.45398932923
64.5000000000006    1.04577572345845e-05    3261.2841094029    3261.21589868126
64.6000000000006    1.04557972557534e-05    3324.23420965627    3324.16469534524
64.7000000000006    1.04538373878857e-05    3388.39392654106    3388.32308384341
64.8000000000006    1.04518775530812e-05    3453.78639736182    3453.71420101137
64.9000000000006    1.04499179497426e-05    3520.43519993796    3520.36162418884
65.0000000000006    1.04479581724258e-05    3588.36436095127    3588.28937957317
65.1000000000006    1.0445998825951e-05    3657.598364451    3657.52195071277
65.2000000000006    1.04440393357323e-05    3728.16216051927    3728.08428718807
65.3000000000006    1.04420802633367e-05    3800.08117409991    3800.00181342334
65.4000000000006    1.04401209824127e-05    3873.38131399364    3873.30043769894
65.5000000000006    1.04381620298868e-05    3948.08898202288    3948.0065612982
65.6000000000005    1.04362030950433e-05    4024.23108236917    4024.14708785999
65.7000000000005    1.04342441481635e-05    4101.83503108669    4101.7494328835
65.8000000000005    1.04322855251789e-05    4180.92876579514    4180.84153341988
65.9000000000005    1.04303269706927e-05    4261.54075555524    4261.45185795551
66.0000000000005    1.04283684319697e-05    4343.70001093048    4343.60941646709
66.1000000000005    1.04264100938274e-05    4427.43609423832    4427.34377067216
66.2000000000005    1.04244518949728e-05    4512.77912999449    4512.68504447738
66.3000000000005    1.04224936529612e-05    4599.75981555409    4599.66393461844
66.4000000000005    1.04205355746958e-05    4688.409431953    4688.31172149664
66.5000000000005    1.04185777136666e-05    4778.75985495356    4778.66028022914
66.6000000000005    1.04166196578835e-05    4870.84356629839    4870.74209190572
66.7000000000005    1.04146618474775e-05    4964.69366517607    4964.59025504165
66.8000000000005    1.04127042890497e-05    5060.34387990278    5060.23849727126
66.9000000000005    1.04107468393216e-05    5157.82857982393    5157.72118724679
67.0000000000005    1.04087893973005e-05    5257.18278743974    5257.07334676197
67.1000000000005    1.0406832090825e-05    5358.44219075909    5358.33066310344
67.2000000000005    1.04048748356765e-05    5461.64315588581    5461.5295016415
67.3000000000005    1.040291774623e-05    5566.82273984199    5566.70691864873
67.4000000000004    1.04009606978201e-05    5674.01870363257    5673.90067436911
67.5000000000004    1.03990038998742e-05    5783.26952555585    5783.14924632194
67.6000000000004    1.03970471180291e-05    5894.61441476457    5894.49184287133
67.7000000000004    1.03950904503967e-05    6008.09332508195    6007.96841703328
67.8000000000004    1.03931338890907e-05    6123.74696907776    6123.61968055638
67.9000000000004    1.03911774521896e-05    6241.61683240902    6241.48711826072
68.0000000000004    1.0389221057414e-05    6361.74518843052    6361.61300264968
68.1000000000004    1.03872647748884e-05    6484.17511308012    6484.04040879184
68.2000000000004    1.03853086017206e-05    6608.95050004402    6608.81322948866
68.3000000000004    1.03833526691345e-05    6736.11607620728    6735.97619072208
68.4000000000004    1.03813964553565e-05    6865.71741739491    6865.57486740586
68.5000000000004    1.03794408303423e-05    6997.80096440873    6997.65569939439
68.6000000000004    1.03774850511059e-05    7132.4140393658    7132.26600786185
68.7000000000004    1.0375529320077e-05    7269.60486234398    7269.45401191235
68.8000000000004    1.03735737025831e-05    7409.42256834021    7409.26884555265
68.9000000000004    1.03716181889756e-05    7551.91722454759    7551.76057496821
69.0000000000004    1.03696630762595e-05    7697.1398479572    7696.98021611878
69.1000000000003    1.03677078848731e-05    7845.14242329076    7844.97975268736
69.2000000000003    1.03657525678462e-05    7995.97792127025    7995.81215433121
69.3000000000003    1.03637976711063e-05    8149.70031723053    8149.53139529087
69.4000000000003    1.03618428750129e-05    8306.36461008175    8306.1924733755
69.5000000000003    1.03598880621972e-05    8466.026841628    8465.85142926443
69.6000000000003    1.03579333055033e-05    8628.74411624867    8628.56536618802
69.7000000000003    1.03559787108625e-05    8794.57462094945    8794.39246998071
69.8000000000003    1.03540241365119e-05    8963.57764579005    8963.39202951334
69.9000000000003    1.03520698333018e-05    9135.81360469543    9135.62445749265
70.0000000000003    1.0350115462247e-05    9311.34405665781    9311.15131168056
70.1000000000003    1.03481613524159e-05    9490.23172733672    9490.03531647083
70.2000000000003    1.03462074012658e-05    9672.54053106433    9672.34038491422
70.3000000000003    1.03442532603659e-05    9858.33559326414    9858.13164113366
70.4000000000003    1.03422994389286e-05    10047.6832732901    10047.4754431413
70.5000000000003    1.03403455107132e-05    10240.6511876944    10240.4394061412
70.6000000000003    1.03383919153848e-05    10437.3082339325    10437.0924261975
70.7000000000003    1.03364383635878e-05    10637.724614512    10637.5047044155
70.8000000000003    1.03344849554781e-05    10841.9718615956    10841.7477715212
70.9000000000002    1.03325314525415e-05    11050.1228620647    11049.89451294
71.0000000000002    1.03305784056219e-05    11262.2518830537    11262.0191943054
71.1000000000002    1.03286251261288e-05    11478.4345979634    11478.1974875165
71.2000000000002    1.03266720683175e-05    11698.7481129614    11698.5064971857
71.3000000000002    1.0324719072149e-05    11923.2709939803    11923.0247876755
71.4000000000002    1.03227663752586e-05    12152.0832942223    12151.8324105784
71.5000000000002    1.03208134414244e-05    12385.2665821786    12385.0109327655
71.6000000000002    1.03188607924103e-05    12622.9039701756    12622.643464886
71.7000000000002    1.03169082526222e-05    12865.0801434545    12864.8146904901
71.8000000000002    1.03149558452242e-05    13111.881389797    13111.610895632
71.9000000000002    1.03130034252256e-05    13363.3956297065    13363.1199990593
72.0000000000002    1.03110511111796e-05    13619.7124471542    13619.4315829479
72.1000000000002    1.03090990043566e-05    13880.9231209018    13880.6369242308
72.2000000000002    1.03071470083711e-05    14147.120656411    14146.8290265121
72.3000000000002    1.03051949390801e-05    14418.3998183514    14418.1026525721
72.4000000000002    1.03032431643977e-05    14694.8571637167    14694.5543574633
72.5000000000002    1.03012914994909e-05    14976.5910755616    14976.2825222794
72.6000000000002    1.02993398470494e-05    15263.7017973706    15263.3873885045
72.7000000000001    1.02973881994827e-05    15556.2914680704    15555.9710930251
72.8000000000001    1.02954369424657e-05    15854.4641576985    15854.1377037875
72.9000000000001    1.02934853948954e-05    16158.3259037388    16157.9932561795
73.0000000000001    1.02915342340409e-05    16467.984748139    16467.6457899698
73.1000000000001    1.02895831655107e-05    16783.5507750193    16783.2053870902
73.2000000000001    1.02876320199616e-05    17105.1361490892    17104.7842100171
73.3000000000001    1.02856812047458e-05    17432.8551547811    17432.4965408885
73.4000000000001    1.02837302016237e-05    17766.8242361182    17766.4588214221
73.5000000000001    1.02817795921865e-05    18107.1620373276    18106.7896934577
73.6000000000001    1.02798289535397e-05    18453.9894442137    18453.6100404039
73.7000000000001    1.02778784599351e-05    18807.4296263063    18807.043029328
73.8000000000001    1.02759279190402e-05    19167.6080797966    19167.2141539265
73.9000000000001    1.02739775188107e-05    19534.6526712771    19534.2512782362
74.0000000000001    1.0272027288088e-05    19908.6936822991    19908.2846812108
74.1000000000001    1.02700773565037e-05    20289.8638547642    20289.4471021016
74.2000000000001    1.02681271824118e-05    20678.298437165    20677.8737867289
74.3000000000001    1.02661771744623e-05    21074.13523169    21073.70253452
74.4    1.02642274783082e-05    21477.5146422096    21477.0737465431
74.5    1.02622777745175e-05    21888.5797231598    21888.1304743997
74.6    1.02603281317145e-05    22307.47622934    22307.0184699849
74.7    1.02583784941668e-05    22734.3526666407    22733.8862362366
74.8    1.02564292608754e-05    23169.3603437206    23168.8850787844
74.9    1.02544799067553e-05    23612.6534246493    23612.169158655
75    1.02525304660101e-05    24064.3889825339    24063.8955458305
75.1    1.02505815705178e-05    24524.7270541476    24524.2242738711
75.2    1.02486325067132e-05    24993.8306955796    24993.3183956585
75.3    1.02466835650657e-05    25471.8660389251    25471.3440399716
75.4    1.02447346604132e-05    25959.0023500331    25958.4704692999
75.5    1.02427860184735e-05    26455.4120873351    26454.8701386361
75.6    1.0240837391511e-05    26961.2709617704    26960.7187554419
75.7    1.0238888860489e-05    27476.7579978331    27476.1953406513
75.8    1.02369403567844e-05    28002.0555957574    28001.4822908803
75.9    1.02349920797781e-05    28537.3495948651    28536.7654417498
76    1.02330438048609e-05    29082.8293380963    29082.2341324539
76.1    1.02310958608933e-05    29638.6877377442    29638.0812714381
76.1999999999999    1.02291476885178e-05    30205.1213424178    30204.5034034445
76.2999999999999    1.0227199659208e-05    30782.3304052547    30781.700777616
76.3999999999999    1.0225251840977e-05    31370.5189534064    31369.8774170529
76.4999999999999    1.02233042277769e-05    31969.8948588214    31969.2411895815
76.5999999999999    1.02213565393058e-05    32580.6699103492    32580.00387987
76.6999999999999    1.02194090679633e-05    33203.0598871898    33202.3812628224
76.7999999999999    1.02174616707625e-05    33837.2846337137    33836.5931784611
76.8999999999999    1.02155143787512e-05    34483.568135678    34482.8636081029
76.9999999999999    1.02135670443879e-05    35142.1385978643    35141.4207520188
77.0999999999999    1.02116200029457e-05    35813.228523165    35812.4971084724
77.1999999999999    1.02096730778735e-05    36497.0747931447    36496.3295543495
77.2999999999999    1.02077261068044e-05    37193.9187501045    37193.1594271846
77.3999999999999    1.02057793027138e-05    37904.0062806768    37903.2326087271
77.4999999999999    1.02038325802301e-05    38627.5879009783    38626.799610142
77.5999999999999    1.02018859682338e-05    39364.9188433515    39364.1156587191
77.6999999999999    1.01999394293058e-05    40116.2591447235    40115.4407862439
77.7999999999999    1.01979930145794e-05    40881.8737366114    40881.0399189891
77.8999999999998    1.01960466369286e-05    41662.0325368058    41661.1829694145
77.9999999999998    1.0194100430734e-05    42457.0105427636    42456.1449295288
78.0999999999998    1.01921541375665e-05    43267.0879267414    43266.205966072
78.1999999999998    1.01902083894839e-05    44092.5501327006    44091.6515173091
78.2999999999998    1.01882623018811e-05    44933.6879750206    44932.7723919502
78.3999999999998    1.01863166627292e-05    45790.797739049    45789.8648694195
78.4999999999998    1.01843708182379e-05    46664.1812835266    46663.2308025544
78.5999999999998    1.01824251610303e-05    47554.1461449198    47553.1777217123
78.6999999999998    1.01804796207178e-05    48461.0056436964    48460.0189411808
78.7999999999998    1.01785342902329e-05    49385.0789925814    49384.0736673742
78.8999999999998    1.01765888829531e-05    50326.6914068289    50325.6671091561
78.9999999999998    1.01746436896845e-05    51286.1742165471    51285.1305900679
79.0999999999998    1.01726986344583e-05    52263.8649811154    52262.8016628363
79.1999999999998    1.01707536467545e-05    53260.1076057311    53259.0242258826
79.2999999999998    1.01688087047543e-05    54275.2524601272    54274.1486420324
79.3999999999998    1.01668638744574e-05    55309.6564994984    55308.5318594353
79.4999999999998    1.01649191448525e-05    56363.6833876794    56362.5375347583
79.5999999999998    1.01629745512021e-05    57437.7036226155    57436.53615864
79.6999999999997    1.01610299493714e-05    58532.0946641681    58530.9051835207
79.7999999999997    1.01590856403883e-05    59647.2410642983    59646.0291537498
79.8999999999997    1.01571412885934e-05    60783.5345996735    60782.2998383172
79.9999999999997    1.01551970074867e-05    61941.3744067408    61940.1163657964
80.0999999999997    1.01532529533546e-05    63121.167119313    63119.885361974
80.1999999999997    1.01513090148951e-05    64323.327008714    64322.0210900322
80.2999999999997    1.01493649582871e-05    65548.2761265324    65546.9455932829
80.3999999999997    1.01474212462984e-05    66796.4444500277    66795.0888404645
80.4999999999997    1.01454774752027e-05    68068.2700302422    68066.888874054
80.5999999999997    1.01435338435339e-05    69364.1991428671    69362.7919609378
80.6999999999997    1.01415903737967e-05    70684.6864419125    70683.2527461813
80.7999999999997    1.01396469419662e-05    72030.1951162361    72028.7344095519
80.8999999999997    1.01377036591717e-05    73401.19704898    73399.7088248993
80.9999999999997    1.01357605334628e-05    74798.1729799724    74796.6567226015
81.0999999999997    1.01338173586178e-05    76221.6126711478    76220.0678549996
81.1999999999997    1.01318742667999e-05    77672.0150750411    77670.4411648062
81.2999999999997    1.01299314869115e-05    79149.8885064118    79148.2849567601
81.3999999999997    1.01279886192913e-05    80655.7508170597    80654.1170725535
81.4999999999996    1.01260459045511e-05    82190.1295738868    82188.4650686917
81.5999999999996    1.01241033812736e-05    83753.5622402675    83751.866397991
81.6999999999996    1.01221607731066e-05    85346.5963607887    85344.8685943378
81.7999999999996    1.01202182029306e-05    86969.789749421    86968.0294607369
81.8999999999996    1.01182760269288e-05    88623.710681184    88621.9172609959
81.9999999999996    1.01163338572142e-05    90308.9380873721    90307.1109151204
82.0999999999996    1.01143916227447e-05    92026.0617544061    92024.2001979785
82.1999999999996    1.01124496897469e-05    93775.6825263754    93773.7859418112
82.2999999999996    1.01105077693407e-05    95558.4125113411    95556.480242733
82.3999999999996    1.01085660667659e-05    97374.8752914699    97372.9066706496
82.4999999999996    1.01066241836453e-05    99225.7061370687    99223.7004834965
82.5999999999996    1.010468263494e-05    101111.55222459    101109.508844946
82.6999999999996    1.01027411130534e-05    103033.072858685    103030.991046795
82.7999999999996    1.01007998182489e-05    104990.939698377    104988.818734871
82.8999999999996    1.009885839e-05    106985.836987433    106983.67613962
82.9999999999996    1.00969172140693e-05    109018.461789007    109016.260310468
83.0999999999996    1.00949761044481e-05    111089.524224637    111087.281355094
83.1999999999995    1.00930351712356e-05    113199.74771768    113197.462682672
83.2999999999995    1.00910942383795e-05    115349.869241254    115347.541251944
83.3999999999995    1.00891533564468e-05    117540.63957079    117538.267823642
83.4999999999995    1.00872129034677e-05    119772.823541254    119770.407217686
83.5999999999995    1.00852721143526e-05    122047.200309153    122044.738575529
83.6999999999995    1.00833315944517e-05    124364.563619389    124362.055626411
83.7999999999995    1.00813913261144e-05    126725.722077062    126723.16695963
83.8999999999995    1.00794507935815e-05    129131.499424319    129128.896301369
83.9999999999995    1.0077510804709e-05    131582.734822328    131580.08279619
84.0999999999995    1.00755705013416e-05    134080.283138477    134077.581295008
84.1999999999995    1.00736306138524e-05    136625.015238905    136622.262646762
84.2999999999995    1.00716907161041e-05    139217.818286445    139215.013997073
84.3999999999995    1.00697508558056e-05    141859.59604409    141856.739091281
84.4999999999995    1.00678111985711e-05    144551.269184088    144548.358583618
84.5999999999995    1.00658716195668e-05    147293.775602754    147290.810352131
84.6999999999995    1.00639320046291e-05    150088.070741123    150085.049819248
84.7999999999995    1.00619925911804e-05    152935.127911535    152932.050278255
84.8999999999995    1.00600534110867e-05    155835.938630273    155832.803226083
84.9999999999994    1.00581142645197e-05    158791.512956359    158788.318702124
85.0999999999994    1.00561751661625e-05    161802.87983663    161799.625633151
85.1999999999994    1.00542362055097e-05    164871.087457198    164867.772184817
85.2999999999994    1.00522971962728e-05    167997.203601415    167993.826119729
85.3999999999994    1.00503584759326e-05    171182.31601447    171178.87516177
85.4999999999994    1.00484197016552e-05    174427.532774735    174424.027367845
85.5999999999994    1.00464810867189e-05    177733.982671985    177730.411505672
85.6999999999994    1.00445425563765e-05    181102.81559261    181099.177439277
85.7999999999994    1.00426042439313e-05    184535.202911968    184531.496521166
85.8999999999994    1.00406660830975e-05    188032.33789399    188028.561992067
85.9999999999994    1.00387279013497e-05    191595.436098184    191591.589387899
86.0999999999994    1.0036789661831e-05    195225.735794163    195221.816954202
86.1999999999994    1.0034851629235e-05    198924.498383848    198920.506068257
86.2999999999994    1.00329138504644e-05    202693.008831474    202688.941669288
86.3999999999994    1.00309760780582e-05    206532.576101558    206528.43269646
86.4999999999994    1.00290382648693e-05    210444.533604958    210440.312534731
86.5999999999994    1.00271007678084e-05    214430.239653189    214425.939469066
86.6999999999993    1.00251634110344e-05    218491.07792113    218486.697147528
86.7999999999993    1.00232259928566e-05    222628.457918298    222623.995052338
86.8999999999993    1.00212886657133e-05    226843.815468827    226839.268979675
86.9999999999993    1.0019351488801e-05    231138.613200317    231133.981528706
87.0999999999993    1.00174144458004e-05    235514.341041726    235509.622599469
87.1999999999993    1.00154774198552e-05    239972.516730466    239967.709899963
87.2999999999993    1.00135405678486e-05    244514.686328855    244509.789462428
87.3999999999993    1.00116037321892e-05    249142.424750136    249137.436169621
87.4999999999993    1.00096670899374e-05    253857.336294193    253852.254290213
87.5999999999993    1.00077304332089e-05    258661.055193179    258655.878024763
87.6999999999993    1.00057940736033e-05    263555.246167218    263549.97206095
87.7999999999993    1.00038577053649e-05    268541.604990374    268536.232140114
87.8999999999993    1.00019214469305e-05    273621.85906707    273616.385633134
87.9999999999993    9.99998526635253e-06    278797.768019163    278792.192127776
88.0999999999993    9.99804916511191e-06    284071.124283842    284065.444026499
88.1999999999993    9.9961133369856e-06    289443.753722587    289437.967155296
88.2999999999993    9.99417743117474e-06    294917.516241356    294911.621384301
88.3999999999993    9.99224155836718e-06    300494.306422234    300488.301258846
88.4999999999992    9.99030581352157e-06    306176.054166728    306169.936643017
88.5999999999992    9.98837042117459e-06    311964.725350949    311958.493374726
88.6999999999992    9.9864348705504e-06    317862.322492881    317855.973933518
88.7999999999992    9.98449958231023e-06    323870.885431967    323864.418119099
88.8999999999992    9.98256446053497e-06    329992.492021228    329985.90374435
88.9999999999992    9.98062924302697e-06    336229.258832167    336222.547340006
89.0999999999992    9.97869426369548e-06    342583.341872664    342576.504872032
89.1999999999992    9.97675913958393e-06    349056.937318122    349049.972473629
89.2999999999992    9.97482432395422e-06    355652.282256097    355645.187188798
89.3999999999992    9.97288970617613e-06    362371.655444667    362364.427731643
89.4999999999992    9.97095488020178e-06    369217.378084782    369210.015258561
89.5999999999992    9.96902036580797e-06    376191.814606865    376184.314153915
89.6999999999992    9.96708599770548e-06    383297.373471904    383289.732832291
89.7999999999992    9.96515157826521e-06    390536.50798733    390528.724553895
89.8999999999992    9.96321730071536e-06    397911.717137929    397903.788255117
89.9999999999992    9.9612832154242e-06    405425.546432066    405417.469395142
90.0999999999992    9.9593491509945e-06    413080.58876352    413072.360817843
90.1999999999992    9.95741535626264e-06    420879.485289193    420871.103628953
90.2999999999991    9.95548139694093e-06    428824.926323001    428816.38809085
90.3999999999991    9.9535475612252e-06    436919.652246231    436910.954531726
90.4999999999991    9.95161422401734e-06    445166.454434675    445157.594273208
90.5999999999991    9.94968058768728e-06    453568.176202851    453559.150575698
90.6999999999991    9.94774723085937e-06    462127.713765612    462118.519597704
90.7999999999991    9.94581381408928e-06    470848.017217468    470838.651377191
90.8999999999991    9.94388052759016e-06    479732.091529954    479722.550827618
90.9999999999991    9.94194741295095e-06    488782.997567352    488773.27875426
91.0999999999991    9.94001451383893e-06    498003.853121138    497993.95288849
91.1999999999991    9.93808153167874e-06    507397.833963461    507387.748941601
91.2999999999991    9.93614882482453e-06    516968.174920028    516957.901676657
91.3999999999991    9.9342160574639e-06    526718.170962737    526707.706002474
91.4999999999991    9.93228340871565e-06    536651.178322423    536640.518085114
91.5999999999991    9.93035079263861e-06    546770.615622092    546759.756481895
91.6999999999991    9.92841848124037e-06    557079.965031002    557068.903294787
91.7999999999991    9.92648606968782e-06    567582.773439999    567571.505346864
91.8999999999991    9.92455406625315e-06    578282.653658463    578271.175377456
91.999999999999    9.92262194207941e-06    589183.285633295    589171.593263318
92.099999999999    9.92068973300537e-06    600288.417690327    600276.507258203
92.199999999999    9.91875792914536e-06    611601.867798554    611589.735257143
92.299999999999    9.91682616422001e-06    623127.524857641    623115.166085516
92.399999999999    9.91489444718202e-06    634869.350009108    634856.760808742
92.499999999999    9.91296292316566e-06    646831.377971623    646818.554067811
92.599999999999    9.91103130243244e-06    659017.718400858    659004.655439854
92.699999999999    9.9090999395056e-06    671432.557274341    671419.250821571
92.799999999999    9.90716871500632e-06    684080.15830178    684066.603840981
92.899999999999    9.90523757013451e-06    696964.86436131    696951.057292953
92.999999999999    9.90330633892932e-06    710091.09896215    710077.03460207
93.099999999999    9.90137539768801e-06    723463.367734132    723449.041311202
93.199999999999    9.8994444885423e-06    737086.259944616    737071.666600055
93.299999999999    9.89751376127945e-06    750964.450043285    750949.584828457
93.399999999999    9.89558316142501e-06    765102.699235321    765087.557110387
93.499999999999    9.89365250327033e-06    779505.857083494    779490.432915947
93.599999999999    9.8917220658417e-06    794178.863139676    794163.15170192
93.699999999999    9.88979169476727e-06    809126.748606336    809110.744574615
93.7999999999989    9.88786144698056e-06    824354.638028551    824338.335980855
93.8999999999989    9.88593116424797e-06    839867.751017104    839851.145431718
93.9999999999989    9.88400124507115e-06    855671.404003208    855654.489255949
94.0999999999989    9.88207117150306e-06    871771.012025481    871753.782389373
94.1999999999989    9.88014150614686e-06    888172.090549709    888154.540191236
94.2999999999989    9.87821166219542e-06    904880.25732204    904862.380301211
94.3999999999989    9.87628201888381e-06    921901.234256193    921883.024522871
94.4999999999989    9.87435249472339e-06    939240.849355305    939222.300748013
94.5999999999989    9.87242306758508e-06    956905.038669067    956886.144912839
94.6999999999989    9.87049375264415e-06    974899.84828677    974880.602991007
94.7999999999989    9.86856450207999e-06    993231.436366939    993211.833023405
94.8999999999989    9.86663523575247e-06    1011906.0752042    1011886.10718494
94.9999999999989    9.86470616714669e-06    1030930.15333408    1030909.81388864
95.0999999999989    9.86277719403004e-06    1050310.17767641    1050289.45993021
95.1999999999989    9.86084843166084e-06    1070052.77571807    1070031.67266969
95.2999999999989    9.8589197047411e-06    1090164.69773576    1090143.20225524
95.3999999999989    9.85699123444389e-06    1110652.81905954    1110630.92388516
95.4999999999988    9.85506259880262e-06    1131524.14237791    1131501.84011519
95.5999999999988    9.85313423124619e-06    1152785.80008509    1152763.08320247
95.6999999999988    9.85120587760919e-06    1174445.05667145    1174421.91749931
95.7999999999988    9.8492775180873e-06    1196509.31115765    1196485.74188527
95.8999999999988    9.84734964630463e-06    1218986.0995735    1218962.09224524
95.9999999999988    9.84542156925667e-06    1241883.09748223    1241858.64399771
96.0999999999988    9.84349370968167e-06    1265208.12255098    1265183.21465977
96.1999999999988    9.84156584399186e-06    1288969.13716853    1288943.76646895
96.2999999999988    9.83963824790898e-06    1313174.25111082    1313148.40904592
96.3999999999988    9.83771057587609e-06    1337831.72425548    1337805.40211182
96.4999999999988    9.83578290075816e-06    1362949.96934604    1362923.15824974
96.5999999999988    9.83385571139307e-06    1388537.55480672    1388510.24571934
96.6999999999988    9.83192829950381e-06    1414603.2076089    1414575.39132776
96.7999999999988    9.83000119220049e-06    1441155.81619    1441127.48334173
96.8999999999988    9.82807414715472e-06    1468204.43342592    1468175.57446547
96.9999999999988    9.82614713374689e-06    1495758.27965777    1495728.88486474
97.0999999999988    9.82422029563151e-06    1523826.7457742    1523796.80524906
97.1999999999988    9.82229339389943e-06    1552419.39635007    1552388.90001205
97.2999999999987    9.82036664297221e-06    1581545.97284258    1581514.91042499
97.3999999999987    9.81844021973922e-06    1611216.39684594    1611184.75789283
97.4999999999987    9.8165137596434e-06    1641440.77340564    1641408.54727011
97.5999999999987    9.81458711071064e-06    1672229.39439337    1672196.5702334
97.6999999999987    9.81266109141125e-06    1703592.74194367    1703559.30871531
97.7999999999987    9.8107349331487e-06    1735541.4919535    1735507.4384125
97.8999999999987    9.80880901589907e-06    1768086.5176459    1768051.83234018
97.9999999999987    9.80688289633739e-06    1801238.89319878    1801203.56446746
98.0999999999987    9.80495704308385e-06    1835009.89744011    1834973.9134065
98.1999999999987    9.80303136187236e-06    1869411.01761075    1869374.36618038
98.2999999999987    9.8011057338044e-06    1904453.95319606    1904416.62205283
98.3999999999987    9.79918003856599e-06    1940150.61982768    1940112.59642982
98.4999999999987    9.79725472095331e-06    1976513.15325651    1976474.4248303
98.5999999999987    9.79532939197574e-06    2013553.91339852    2013514.46693725
98.6999999999987    9.79340424955597e-06    2051285.48845444    2051245.31071187
98.7999999999987    9.79147910663612e-06    2089720.69910475    2089679.77659231
98.8999999999987    9.78955399135731e-06    2128872.60278145    2128830.92176292
98.9999999999986    9.78762902814766e-06    2168754.49801786    2168712.04450442
99.0999999999986    9.78570434392012e-06    2209379.92887789    2209336.68862349
99.1999999999986    9.78377959701035e-06    2250762.68946637    2250718.6479651
99.2999999999986    9.78185498905278e-06    2292916.8285217    2292871.97100065
99.3999999999986    9.77993047128561e-06    2335856.65409249    2335810.96550799
99.4999999999986    9.77800606098975e-06    2379596.73829963    2379550.20333199
99.5999999999986    9.77608162093778e-06    2424151.92218532    2424104.52523457
99.6999999999986    9.77415756394653e-06    2469537.32065075    2469489.04582883
99.7999999999986    9.77223348906763e-06    2515768.32748391    2515719.1586134
99.8999999999986    9.77030953419299e-06    2562860.6204793    2562810.54108548
99.9999999999986    9.7683855322106e-06    2610830.1666511    2610779.1599581
100.099999999999    9.76646184449722e-06    2659693.22754148    2659641.27646401
100.199999999999    9.7645380635779e-06    2709466.36462597    2709413.45176774
100.299999999999    9.76261460148501e-06    2760166.4448174    2760112.55246106
100.399999999999    9.76069120314834e-06    2811810.64607037    2811755.75617525
100.499999999999    9.75876779504092e-06    2864416.46308803    2864360.55728334
100.599999999999    9.75684449181461e-06    2918001.71313304    2917944.77271071
100.699999999999    9.754921204972e-06    2972584.5419445    2972526.54785426
100.799999999999    9.75299830017439e-06    3028183.42976294    3028124.36260333
100.899999999999    9.75107534064195e-06    3084817.19746523    3084757.03748204
100.999999999999    9.74915255951498e-06    3142505.01281143    3142443.73988721
101.099999999999    9.7472297379967e-06    3201266.3968056    3201203.99045584
101.199999999999    9.74530719866721e-06    3261121.23017259    3261057.66953561
101.299999999999    9.74338454212237e-06    3322089.75995311    3322025.02378783
101.399999999999    9.74146221888936e-06    3384192.60621892    3384126.67289237
101.499999999999    9.73953981330162e-06    3447450.76891059    3447383.61639659
101.599999999999    9.73761746511193e-06    3511885.63479996    3511817.24066817
101.699999999998    9.73569547065117e-06    3577518.98457942    3577449.32598685
101.799999999998    9.73377348839725e-06    3644373.00008063    3644302.05376863
101.899999999998    9.73185147290869e-06    3712470.27162469    3712398.01390933
101.999999999998    9.7299296944831e-06    3781833.80550634    3781760.21226831
102.099999999998    9.72800807731839e-06    3852487.0316146    3852412.07829382
102.199999999998    9.72608645362073e-06    3924453.81119224    3924377.47278061
102.299999999998    9.72416487576384e-06    3997758.44473673    3997680.69576827
102.399999999998    9.72224341971631e-06    4072425.68004506    4072346.49458738
102.499999999998    9.72032222387096e-06    4148480.72040519    4148400.07205044
102.599999999998    9.71840100414822e-06    4225949.23293676    4225867.09479647
102.699999999998    9.7164799529113e-06    4304857.35708368    4304773.7017761
102.799999999998    9.71455902122139e-06    4385231.71326145    4385146.51290454
102.899999999998    9.71263816753698e-06    4467099.41166196    4467012.63786427
102.999999999998    9.71071724934453e-06    4550488.06121861    4550399.68507098
103.099999999998    9.70879666995015e-06    4635425.77873472    4635335.77079586
103.199999999998    9.70687616522436e-06    4721941.19817811    4721849.52847099
103.299999999998    9.70495568052936e-06    4810063.48014496    4809970.11814524
103.399999999998    9.70303526933631e-06    4899822.3214959    4899727.23612092
103.499999999998    9.70111502543917e-06    4991247.96516747    4991151.12476567
103.599999999998    9.69919484481517e-06    5084371.21016226    5084272.58250481
103.699999999998    9.69727495273624e-06    5179223.42172073    5179122.97398768
103.799999999998    9.69535501364218e-06    5275836.54167829    5275734.2404536
103.899999999998    9.6934350662719e-06    5374243.0990107    5374138.91026762
103.999999999998    9.69151543849649e-06    5474476.22057137    5474370.10965813
104.099999999998    9.68959576424866e-06    5576569.64202402    5576461.57365999
104.199999999998    9.68767621828454e-06    5680557.71897422    5680447.65723262
104.299999999998    9.68575679696538e-06    5786475.43830333    5786363.3466014
104.399999999998    9.68383767174209e-06    5894358.42970861    5894244.27079368
104.499999999998    9.68191830294569e-06    6004242.97745328    6004126.71339898
104.599999999998    9.67999922984188e-06    6116166.03233012    6116047.62451134
104.699999999998    9.67808029184314e-06    6230165.22384254    6230044.6329311
104.799999999998    9.67616135262981e-06    6346278.87260733    6346156.05855898
104.899999999998    9.67424247016995e-06    6464546.00298265    6464420.9250217
104.999999999998    9.67232402524344e-06    6585006.35592564    6584878.97252737
105.099999999998    9.67040524084202e-06    6707700.40208377    6707570.67097608
105.199999999998    9.66848681679078e-06    6832669.35512403    6832537.23325428
105.299999999998    9.66656840296677e-06    6959955.18530432    6959820.62883926
105.399999999998    9.66465026248637e-06    7089600.6332915    7089463.59759466
105.499999999998    9.66273197129847e-06    7221649.22423044    7221509.66385728
105.599999999998    9.6608140572713e-06    7356145.28206868    7356003.15073829
105.699999999998    9.65889617360262e-06    7493133.94414125    7492989.1947338
105.799999999998    9.65697830953945e-06    7632661.17602046    7632513.76055721
105.899999999998    9.6550606082178e-06    7774773.78663534    7774623.65626061
105.999999999998    9.65314292040719e-06    7919519.44366562    7919366.54863544
106.099999999998    9.65122519042896e-06    8066946.68921529    8066790.9788799
106.199999999998    9.64930799147359e-06    8217104.95577062    8216946.37854775
106.299999999998    9.64739059930142e-06    8370044.58244801    8369883.08582719
106.399999999998    9.64547339750483e-06    8525816.83153681    8525652.36204432
106.499999999998    9.64355631623856e-06    8684473.90534222    8684306.40853112
106.599999999998    9.64163923192936e-06    8846068.96333404    8845898.38376758
106.699999999998    9.63972232192892e-06    9010656.13960657    9010482.42083492
106.799999999998    9.63780568690787e-06    9178290.56065528    9178113.64519843
106.899999999998    9.63588878415643e-06    9349028.36347619    9348848.19281719
106.999999999998    9.63397224939086e-06    9522926.71399341    9522743.22853771
107.099999999998    9.63205575070505e-06    9700043.82582103    9699856.96489506
107.199999999998    9.63013930946635e-06    9880438.97936546    9880248.68119044
107.299999999998    9.62822317113953e-06    10064172.541274    10063978.7429414
107.399999999998    9.62630708598053e-06    10251305.9842363    10251108.6216973
107.499999999998    9.62439100372133e-06    10441901.9071449    10441700.9151858
107.599999999998    9.62247490490931e-06    10636024.0556212    10635819.3678417
107.699999999998    9.62055914383811e-06    10833737.3429136    10833528.8916973
107.799999999998    9.61864321996477e-06    11035107.8711746    11034895.5876854
107.899999999998    9.61672777053044e-06    11240202.9531231    11239986.7672583
107.999999999998    9.61481235151164e-06    11449091.1341004    11448870.9744915
108.099999999998    9.61289680355067e-06    11661842.2145249    11661618.0085087
108.199999999998    9.61098134864725e-06    11878527.272754    11878298.9463403
108.299999999998    9.60906606580189e-06    12099218.6883605    12098986.1662114
108.399999999998    9.60715107003382e-06    12323990.1658303    12323753.3712346
108.499999999998    9.60523608071939e-06    12552916.75869    12552675.6135483
108.599999999998    9.6033211933672e-06    12786074.8940709    12785829.3188612
108.699999999998    9.60140635790323e-06    13023542.3977188    13023292.3114744
108.799999999998    9.59949174238169e-06    13265398.5194553    13265143.8397331
108.899999999998    9.59757716503979e-06    13511723.9591023    13511464.6019648
108.999999999998    9.59566266652225e-06    13762600.8928735    13762336.7728567
109.099999999998    9.59374808867152e-06    14018113.000246    14017844.0303368
109.199999999998    9.59183414832542e-06    14278345.4913168    14278071.5829003
109.299999999998    9.58991994294311e-06    14543385.1346552    14543106.1975319
109.399999999998    9.58800577237098e-06    14813320.2856596    14813036.2279823
109.499999999998    9.58609194315632e-06    15088240.9154268    15087951.6436704
109.599999999998    9.58417791781979e-06    15368238.6401442    15367944.0591007
109.699999999998    9.58226430309569e-06    15653406.7510142    15653106.7637273
109.799999999998    9.58035068136468e-06    15943840.2447189    15943534.7524841
109.899999999998    9.57843698994492e-06    16239635.8544377    16239324.75676
109.999999999998    9.57652375634395e-06    16540892.0814245    16540575.2759664
110.099999999998    9.574610230861e-06    16847709.2271566    16847386.6097473
110.199999999998    9.5726972256622e-06    17160189.4260656    17159860.8906151
110.299999999998    9.57078398027275e-06    17478436.6788593    17478102.1173778
110.399999999998    9.5688710738074e-06    17802556.8864471    17802216.188964
110.499999999998    9.5669581444181e-06    18132657.8844782    18132310.9390394
110.599999999998    9.56504543174791e-06    18468849.4785045    18468496.1711152
110.699999999998    9.56313269923639e-06    18811243.4797791    18810883.6943845
110.799999999998    9.56122010196514e-06    19159953.7417021    19159587.3601354
110.899999999998    9.55930755209361e-06    19515096.196925    19514723.0988786
110.999999999998    9.55739515998277e-06    19876788.8951257    19876408.958105
111.099999999998    9.55548296495346e-06    20245152.0414662    20244765.1407523
111.199999999998    9.55357084854347e-06    20620308.0357452    20619914.0443617
111.299999999998    9.55165880635038e-06    21002381.5122581    21001980.3009257
111.399999999998    9.54974673649211e-06    21391499.3803774    21391090.8174763
111.499999999998    9.54783487328386e-06    21787790.8658656    21787374.817379
111.599999999998    9.54592328454337e-06    22191387.5529345    22190963.8824125
111.699999999998    9.54401154722839e-06    22602423.4270648    22601991.995602
111.799999999998    9.54210013634741e-06    23021034.9185983    23020595.5847496
111.899999999998    9.54018865968958e-06    23447360.9471171    23446913.5668912
111.999999999998    9.53827723105066e-06    23881542.9666252    23881087.3934155
112.099999999998    9.53636619665574e-06    24323725.0115441    24323261.0960702
112.199999999998    9.53445503492542e-06    24774053.7435406    24773581.3338419
112.299999999998    9.5325439846088e-06    25232678.4991988    25232197.4405493
112.399999999998    9.53063321196587e-06    25699751.3385524    25699261.4734138
112.499999999998    9.52872249842939e-06    26175427.0944933    26174928.2624844
112.599999999998    9.52681160562957e-06    26659863.4230725    26659355.4609192
112.699999999998    9.52490110599498e-06    27153220.8547067    27152703.5961468
112.799999999998    9.52299063678882e-06    27655662.8463106    27655136.1220899
112.899999999998    9.52108040626067e-06    28167355.8343688    28166819.4721561
112.999999999998    9.51917005243834e-06    28688469.2889656    28687923.1133294
113.099999999998    9.51725985193375e-06    29219175.7687889    29218619.6011052
113.199999999998    9.51534980994064e-06    29759650.9771257    29759084.6355361
113.299999999998    9.51343993483252e-06    30310073.8188683    30309497.1182214
113.399999999998    9.51153007300812e-06    30870626.4585485    30870039.2103502
113.499999999998    9.50962044644071e-06    31441494.3794167    31440896.3917477
113.599999999998    9.50771092421488e-06    32022866.4435879    32022257.5210631
113.699999999998    9.50580112697896e-06    32614934.953271    32614314.8969943
113.799999999998    9.50389199272231e-06    33217895.7131015    33217264.320516
113.899999999998    9.50198267456081e-06    33831948.0935981    33831305.158538
113.999999999998    9.50007345073326e-06    34457295.0957633    34456640.4083142
114.099999999998    9.49816443210107e-06    35094143.4168469    35093476.7632893
114.199999999998    9.4962554035002e-06    35742703.5172954    35742024.680059
114.299999999998    9.49434653562729e-06    36403189.6889075    36402498.4464745
114.399999999998    9.49243780372279e-06    37075820.1242164    37075116.2510648
114.499999999998    9.49052906689967e-06    37760816.9871237    37760100.2536635
114.599999999998    9.48862055456205e-06    38458406.4848034    38457676.6572759
114.699999999998    9.48671215294911e-06    39168818.9409024    39168075.7813312
114.799999999998    9.48480380893377e-06    39892288.8700584    39891532.1361691
114.899999999998    9.48289551834035e-06    40629055.0537604    40628284.4988993
114.999999999998    9.48098744892065e-06    41379360.6175731    41378575.9906149
115.099999999998    9.47907936982887e-06    42143453.1097543    42142654.1550538
115.199999999998    9.47717146459657e-06    42921584.5812848    42920771.0385617
115.299999999998    9.47526380380977e-06    43714011.6673404    43713183.2716047
115.399999999998    9.4733560652945e-06    44520995.6702297    44520152.151732
115.499999999998    9.47144844194864e-06    45342802.6438248    45341943.7279251
115.599999999998    9.46954109237361e-06    46179703.4795099    46178828.8865924
115.699999999998    9.46763367998438e-06    47031973.9936778    47031083.4391072
115.799999999998    9.46572628493738e-06    47899895.0168002    47898988.2107931
115.899999999998    9.4638191673474e-06    48783752.4840992    48782829.131614
115.999999999998    9.46191219081501e-06    49683837.5278509    49682897.328531
116.099999999998    9.46000530325505e-06    50600446.5713484    50599489.2194191
116.199999999998    9.45809816084646e-06    51533881.4245556    51532906.6087572
116.299999999998    9.45619175192623e-06    52484449.3814789    52483456.7848304
116.399999999998    9.45428501028946e-06    53452463.3192917    53451452.6192017
116.499999999998    9.45237846270064e-06    54438241.7992408    54437212.6672399
116.599999999998    9.45047206054115e-06    55442109.1693649    55441061.2710607
116.699999999998    9.44856567201914e-06    56464395.6690617    56463328.6640421
116.799999999998    9.44665958641507e-06    57505437.5355328    57504351.0772106
116.899999999998    9.44475344315017e-06    58565577.1121424    58564470.8477187
116.999999999998    9.44284756000465e-06    59645162.9587232    59644036.5289968
117.099999999998    9.44094172159345e-06    60744549.9638631    60743403.0031793
117.199999999998    9.43903593532243e-06    61864099.4592113    61862931.595319
117.299999999998    9.43713029932006e-06    63004179.3358356    63002990.1897582
117.399999999998    9.43522463132208e-06    64165164.1626714    64163953.348621
117.499999999998    9.4333192283113e-06    65347435.3070972    65346202.4322913
117.599999999998    9.43141385515988e-06    66551381.0576759    66550125.7222807
117.699999999998    9.42950864635009e-06    67777396.7491006    67776118.5460561
117.799999999998    9.42760351471166e-06    69025884.8893831    69024583.404303
117.899999999998    9.42569843741589e-06    70297255.2893268    70295930.1003589
117.999999999998    9.42379358230569e-06    71591925.1943228    71590575.8719881
118.099999999998    9.42188875891282e-06    72910319.4185129    72908945.5256197
118.199999999998    9.4199840424235e-06    74252870.4813605    74251471.5728281
118.299999999998    9.41807947854134e-06    75620018.7466715    75618594.3693929
118.399999999998    9.41617499004649e-06    77012212.5641113    77010762.2568279
118.499999999998    9.4142707651973e-06    78429908.4132604    78428431.7063747
118.599999999998    9.41236619483869e-06    79873571.0502551    79872067.4658074
118.699999999998    9.41046213572939e-06    81343673.6570584    81342142.7083434
118.799999999998    9.40855819191952e-06    82840697.9934076    82839139.1850182
118.899999999998    9.40665430415173e-06    84365134.5514905    84363547.3791084
118.999999999998    9.40475032512322e-06    85917482.7133935    85915866.6636451
119.099999999998    9.40284677919132e-06    87498250.9113719    87496605.4615503
119.199999999998    9.40094304842662e-06    89107956.790997    89106281.4090932
119.299999999997    9.39903963582555e-06    90747127.3772267    90745421.521566
119.399999999997    9.39713624868027e-06    92416299.2434535    92414562.362664
119.499999999997    9.395232770992e-06    94116018.683584    94114250.2163932
119.599999999997    9.3933294287617e-06    95846841.8872013    95845041.262194
119.699999999997    9.39142649789013e-06    97609335.1178663    97607501.7532917
119.799999999997    9.38952349897283e-06    99404074.8946174    99402208.1983506
119.899999999997    9.3876207447102e-06    101231648.17672    101229747.545922
