0    1    0.0797144372653917    0.0797144372653917
0.1    1.00800243265718    0.0803375253182159    0.0796997335675468
0.2    1.01606750506364    0.0809661088323873    0.0796857575199355
0.3    1.02419565442365    0.0815991501513553    0.0796714473439879
0.4    1.03238733509391    0.0822373011102807    0.0796574098836651
0.5    1.04064311464571    0.0828806495168322    0.0796436822099662
0.6    1.04896346499728    0.0835289618556316    0.0796300010847834
0.7    1.05734890701683    0.0841824341560316    0.0796165140923452
0.8    1.06579995182849    0.0848410430464106    0.0796031590176536
0.9    1.07431711562612    0.0855048600203558    0.0795899635002307
1    1.08290092383256    0.0861739417466905    0.0795769399122011
1.1    1.09155190397546    0.0868482552904695    0.0795640179584373
1.2    1.10027057489065    0.087527877816143    0.0795512302279299
1.3    1.10905747953868    0.0882128927827014    0.0795386122091651
1.4    1.11791315344719    0.0889032686521038    0.0795260959028544
1.5    1.1268381332691    0.089599076635889    0.0795137065302808
1.6    1.13583296877437    0.090300361594445    0.0795014443821651
1.7    1.14489820558799    0.0910071483478735    0.079489292501017
1.8    1.15403439844394    0.091719498955375    0.0794772660841358
1.9    1.16324210537907    0.09243743908252    0.0794653483183513
2    1.17252188626045    0.0931610002730522    0.0794535277888695
2.1    1.18187430543368    0.0938902438251481    0.0794418182995322
2.2    1.19129993502548    0.0946252168464491    0.0794302207734321
2.3    1.20079934880297    0.0953659354085448    0.07941871013139
2.4    1.21037312210719    0.0961124555496201    0.0794072949854455
2.5    1.22002183991289    0.0968648312909361    0.0793959813849333
2.6    1.22974608836537    0.0976230873686738    0.0793847512850707
2.7    1.23954645738663    0.0983872798495745    0.0793736122299178
2.8    1.24942354433529    0.0991574531250956    0.0793625616986822
2.9    1.25937794801165    0.0999336388835056    0.0793515870603298
3    1.26941027211199    0.100715892325664    0.0793406942879843
3.1    1.27952112647678    0.101504262992565    0.0793298843545172
3.2    1.2897111247105    0.102298789254437    0.0793191492997315
3.3    1.29998088432767    0.103099512796052    0.0793084837161847
3.4    1.31033102726971    0.103906485888724    0.0792978901714858
3.5    1.32076218150541    0.104719759798819    0.0792873700240712
3.6    1.33127497922948    0.105539373077681    0.0792769147804204
3.7    1.34187005612095    0.106365374355964    0.079266523513792
3.8    1.35254805410067    0.107197817633433    0.0792561989264849
3.9    1.36330961964763    0.108036743502733    0.0792459335324405
4    1.37415540280122    0.108882200848072    0.0792357259056113
4.1    1.38508605981725    0.109734246690361    0.0792255801815225
4.2    1.39610225213929    0.110592925399838    0.0792154910074626
4.3    1.40720464489722    0.111458281864054    0.0792054533562136
4.4    1.4183939085121    0.112330370563626    0.079195468825343
4.5    1.42967071900994    0.113209243965582    0.0791855372431357
4.6    1.44103575730522    0.114094951352959    0.0791756559645126
4.7    1.45248970928053    0.114987542312969    0.0791658223657407
4.8    1.46403326576781    0.115887068314859    0.0791560349238934
4.9    1.47566712294351    0.116793583873783    0.0791462939425085
5    1.48739198254257    0.117707141010646    0.0791365977443525
5.1    1.49920855114563    0.118627789653019    0.0791269430542994
5.2    1.51111754047317    0.119555585431316    0.079117330207073
5.3    1.5231196682319    0.120490584700344    0.079107759694427
5.4    1.53521565741324    0.121432837594051    0.0790982276709312
5.5    1.54740623575071    0.122382396582327    0.0790887316819907
5.6    1.55969213672971    0.123339320876901    0.0790792733850117
5.7    1.57207409992609    0.124303667265172    0.0790698525413125
5.8    1.58455287018274    0.125275488263375    0.0790604659653467
5.9    1.59712919757876    0.126254839327234    0.0790511121571349
5.99999999999999    1.60980383804819    0.127241778966193    0.0790417912784129
6.09999999999999    1.622577553372    0.128236364533685    0.0790325024940641
6.19999999999999    1.63545111095492    0.129238652912651    0.079023244441217
6.29999999999999    1.64842528395453    0.130248702080893    0.0790140161939458
6.39999999999999    1.6615008513711    0.131266570498216    0.0790048168737873
6.49999999999999    1.67467859805418    0.132292317316496    0.0789956457735877
6.59999999999999    1.6879593148344    0.133326002281412    0.0789865022869298
6.69999999999999    1.70134379851046    0.134367684402024    0.0789773851232559
6.79999999999999    1.71483285171481    0.13541742299088    0.0789682929478898
6.89999999999999    1.72842728310863    0.136475279901599    0.0789592256702543
6.99999999999999    1.74212790769513    0.137541317917358    0.0789501834565798
7.09999999999999    1.75593554669211    0.138615597766089    0.0789411650257993
7.19999999999999    1.76985102724834    0.139698179627702    0.0789321685706484
7.29999999999999    1.78387518261765    0.140789126465792    0.0789231936391421
7.39999999999999    1.7980088525415    0.141888503146989    0.0789142405758615
7.49999999999999    1.81225288324704    0.14299637336859    0.0789053087957466
7.59999999999999    1.82660812721522    0.144112799876209    0.0788963969496392
7.69999999999999    1.84107544322229    0.145237846883791    0.0788875042673934
7.79999999999999    1.85565569659198    0.146371580279007    0.0788786306359672
7.89999999999999    1.87034975927809    0.147514065942466    0.0788697756720129
7.99999999999999    1.88515850978047    0.148665369380786    0.0788609385415015
8.09999999999999    1.90008283315424    0.149825556776921    0.0788521185301182
8.19999999999999    1.91512362113586    0.150994695369617    0.0788433152320799
8.29999999999999    1.93028177222817    0.152172852950505    0.0788345282745164
8.39999999999999    1.94555819172596    0.153360097670952    0.078825757216186
8.49999999999999    1.96095379176236    0.154556498170899    0.0788170016142987
8.59999999999999    1.97646949136014    0.15576212340815    0.0788082609365046
8.69999999999999    1.99210621644399    0.156977042576005    0.0787995345229217
8.79999999999998    2.00786489987534    0.15820132563096    0.0787908218529955
8.89999999999998    2.02374648157018    0.159435043714558    0.0787821227443747
8.99999999999998    2.03975190861825    0.160678268625234    0.0787734370765115
9.09999999999998    2.05588213529523    0.161931072001932    0.0787647643908725
9.19999999999998    2.07213812301864    0.163193525466299    0.0787561039746533
9.29999999999998    2.08852084038849    0.164465701559798    0.0787474553182844
9.39999999999998    2.1050312633306    0.165747674129895    0.078738818286075
9.49999999999998    2.12167037521447    0.167039517659132    0.0787301927813583
9.59999999999998    2.13843916686242    0.168341306545704    0.0787215784083767
9.69999999999998    2.15533863652361    0.169653115314514    0.0787129745830339
9.79999999999998    2.17236978992532    0.1709750193703    0.0787043808854374
9.89999999999998    2.18953364039767    0.172307095247299    0.0786957971634566
9.99999999999998    2.20683120897478    0.17364942012931    0.0786872233014964
10.1    2.22426352442353    0.175002071369119    0.0786786590021861
10.2    2.24183162324861    0.17636512658487    0.0786701038364787
10.3    2.2595365497405    0.177738664092286    0.0786615574387141
10.4    2.27737935606707    0.179122763099502    0.0786530195868814
10.5    2.2953611023604    0.180517503519479    0.0786444901126218
10.6    2.31348285677096    0.181922965735942    0.0786359687963542
10.7    2.33174569550759    0.183339230602696    0.0786274553678485
10.8    2.3501507028915    0.184766379583792    0.0786189495662831
10.9    2.36869897142435    0.186204494808115    0.078610451160937
11    2.38739160185312    0.187653659013014    0.0786019599245282
11.1    2.40622970322695    0.189113955523239    0.0785934756227229
11.2    2.42521439295777    0.190585468326911    0.0785849980440181
11.3    2.44434679689233    0.192068282139052    0.0785765270227781
11.4    2.46362804938558    0.193562482342377    0.0785680624113088
11.5    2.48305929336081    0.195068154860116    0.0785596040262463
11.6    2.50264168035761    0.196585386118991    0.0785511516338609
11.7    2.52237637058461    0.198114263165114    0.0785427049965575
11.8    2.54226453299063    0.199654873820209    0.0785342639325352
11.9    2.56230734534865    0.201207306717654    0.078525828325359
12    2.58250599433416    0.202771651185343    0.0785173980738903
12.1    2.60286167558572    0.204347997099857    0.0785089730340253
12.2    2.62337559375413    0.205936434859184    0.078500553008684
12.3    2.64404896255756    0.207537055496015    0.0784921377913012
12.4    2.66488300485333    0.209149950818823    0.0784837272172606
12.5    2.68587895272132    0.210775213456157    0.0784753211765558
12.6    2.70703804754456    0.212412936783912    0.0784669195826716
12.7    2.7283615400781    0.214063214819423    0.0784585223310599
12.8    2.74985069050845    0.215726142178654    0.0784501292827524
12.9    2.77150676851383    0.217401814122843    0.0784417402810172
13    2.79333105333302    0.219090326643658    0.0784333551808111
13.1    2.81532483384256    0.220791776515476    0.0784249738649601
13.2    2.83748940863611    0.222506261285646    0.078416596237657
13.3    2.85982608609969    0.224233879230705    0.0784082222064493
13.4    2.88233618448225    0.225974729326606    0.078399851670043
13.5    2.90502103196501    0.227728911255655    0.0783914845193441
13.6    2.92788196673338    0.229496525436335    0.0783831206462132
13.7    2.95092033705228    0.231277673048836    0.0783747599502679
13.8    2.97413750134315    0.233072456042303    0.0783664023391805
13.9    2.99753482826074    0.234880977129804    0.0783580477248664
14    3.02111369676911    0.236703339785192    0.0783496960204878
14.1    3.04487549621778    0.238539648249431    0.0783413471407074
14.2    3.068821626419    0.240390007542351    0.0783330010036659
14.3    3.09295349772625    0.242254523470361    0.0783246575315314
14.4    3.11727253111307    0.244133302625607    0.0783163166482705
14.5    3.14178015825137    0.2460264523819    0.0783079782765039
14.6    3.16647782158945    0.247934080897612    0.0782996423367207
14.7    3.19136697443089    0.249856297130768    0.0782913087503277
14.8    3.2164490810156    0.251793210860989    0.0782829774446434
14.9    3.24172561660309    0.253744932706299    0.0782746483560168
15    3.26719806755686    0.255711574125787    0.0782663214284411
15.1    3.29286793142825    0.25769324740924    0.0782579966082842
15.2    3.31873671703871    0.259690065664139    0.0782496738385016
15.3    3.34480594456108    0.261702142812125    0.0782413530559744
15.4    3.37107714560114    0.263729593600785    0.0782330341935132
15.5    3.39755186328123    0.265772533627121    0.0782247171851697
15.6    3.42423165232656    0.267831079362469    0.0782164019716637
15.7    3.45111807915373    0.26990534816834    0.0782080885028789
15.8    3.47821272196023    0.271995458298403    0.0781997767362295
15.9    3.50551717081341    0.274101528889735    0.0781914666320499
16    3.53303302773818    0.2762236799521    0.0781831581486621
16.1    3.56076190680383    0.278362032364262    0.0781748512396669
16.2    3.58870543421103    0.280516707881698    0.0781665458545414
16.3    3.61686524838017    0.282687829153731    0.0781582419417849
16.4    3.64524300004178    0.284875519743604    0.0781499394526893
16.5    3.67384035232889    0.287079904144604    0.0781416383438167
16.6    3.7026589808707    0.2893011077884    0.0781333385772322
16.7    3.73170057388657    0.29153925704615    0.0781250401187766
16.8    3.76096683227993    0.293794479226268    0.0781167429355306
16.9    3.79045946973182    0.296066902573533    0.078108446993757
17    3.82018021279463    0.298356656272739    0.0781001522581253
17.1    3.85013080098637    0.300663870457367    0.0780918586922655
17.2    3.88031298688611    0.302988676221411    0.0780835662600905
17.3    3.91072853623065    0.305331205631492    0.0780752749271071
17.4    3.94137922801241    0.307691591736929    0.078066984661127
17.5    3.97226685457804    0.310069968576947    0.0780586954322043
17.6    4.00339322172779    0.312466471185697    0.0780504072120205
17.7    4.03476014881518    0.314881235596652    0.0780421199731336
17.8    4.06636946884712    0.317314398847841    0.0780338336884584
17.9    4.09822302858475    0.319766098988645    0.0780255483311438
18    4.13032268864485    0.322236475087968    0.078017263874773
18.1    4.16267032360234    0.324725667242962    0.0780089802936754
18.2    4.19526782209345    0.327233816587437    0.0780006975631288
18.3    4.22811708691983    0.329761065299421    0.0779924156593428
18.4    4.26122003515333    0.332307556607971    0.0779841345592505
18.5    4.29457859824142    0.334873434799749    0.0779758542402451
18.6    4.32819472211328    0.337458845226016    0.0779675746800154
18.7    4.36207036728663    0.340063934310513    0.0779592958565787
18.8    4.39620750897538    0.342688849558236    0.0779510177485016
18.9    4.43060813719827    0.345333739564717    0.0779427403352109
19    4.46527425688833    0.347998754025187    0.0779344635972469
19.1    4.50020788800331    0.350684043743063    0.077926187516341
19.2    4.53541106563694    0.353389760637481    0.0779179120752646
19.3    4.57088584013081    0.35611605774999    0.0779096372574903
19.4    4.60663427718694    0.358863089250853    0.0779013630467741
19.5    4.64265845798098    0.361631010445575    0.0778930894267943
19.6    4.67896047927605    0.364419977782186    0.0778848163809605
19.7    4.71554245353741    0.367230148859597    0.0778765438924456
19.8    4.75240650904797    0.370061682436974    0.077868271944419
19.9    4.78955479002481    0.372914738443811    0.077860000520399
20    4.82698945673673    0.375789477990163    0.0778517296046083
20.1    4.86471268562284    0.378686063376543    0.0778434591822269
20.2    4.90272666941204    0.38160465810309    0.0778351892394715
20.3    4.94103361724346    0.384545426877915    0.0778269197634903
20.4    4.97963575478762    0.387508535624743    0.0778186507421104
20.5    5.01853532436841    0.390494151490205    0.0778103821635149
20.6    5.05773458508567    0.393502442851163    0.0778021140159331
20.7    5.09723581293864    0.396533579322469    0.0777938462874177
20.8    5.13704130095016    0.399587731765365    0.0777855789657475
20.9    5.17715335929171    0.402665072296598    0.077777312038461
21    5.21757431540948    0.405765774298128    0.0777690454929885
21.1    5.25830651415134    0.408890012427184    0.0777607793168323
21.2    5.29935231789491    0.412037962626387    0.0777525134977368
21.3    5.34071410667662    0.415209802133694    0.0777442480238037
21.4    5.38239427832165    0.418405709491994    0.0777359828835247
21.5    5.42439524857501    0.421625864558318    0.0777277180657289
21.6    5.46671945123332    0.424870448512728    0.0777194535594606
21.7    5.50936933827756    0.428139643867008    0.0777111893538182
21.8    5.55234738000672    0.431433634473355    0.0777029254377871
21.9    5.59565606517223    0.434752605533207    0.077694661800095
22    5.63929790111336    0.43809674360633    0.0776863984291088
22.1    5.6832754138935    0.441466236620208    0.0776781353127787
22.2    5.7275911484374    0.444861273879731    0.077669872438625
22.3    5.77224766866944    0.448282046077108    0.0776616097937533
22.4    5.81724755765282    0.451728745301927    0.0776533473648821
22.5    5.86259341772983    0.455201565051262    0.0776450851383669
22.6000000000001    5.90828787066308    0.458700700239778    0.0776368231002087
22.7000000000001    5.95433355777778    0.462226347209785    0.077628561236044
22.8000000000001    6.00073314010503    0.465778703741253    0.077620299531117
22.9000000000001    6.04748929852603    0.469357969061835    0.077612037970242
23.0000000000001    6.0946047339174    0.472964343856956    0.0776037765377692
23.1000000000001    6.14208216729743    0.476598030280063    0.0775955152175651
23.2000000000001    6.18992433997341    0.48025923196311    0.0775872539930227
23.3000000000001    6.23813401369005    0.483948154027368    0.0775789928471091
23.4000000000001    6.28671397077889    0.487665003094601    0.0775707317624604
23.5000000000001    6.33566701430897    0.491409987298671    0.077562470721525
23.6000000000001    6.38499596823862    0.495183316297579    0.0775542097067575
23.7000000000001    6.43470367756848    0.498985201285949    0.0775459487008582
23.8000000000001    6.48479300849581    0.502815855007943    0.0775376876870545
23.9000000000001    6.53526684857007    0.506675491770555    0.0775294266494132
24.0000000000001    6.58612810684992    0.510564327457257    0.0775211655731754
24.1000000000001    6.63737971406152    0.514482579541898    0.0775129044451003
24.2000000000001    6.6890246227583    0.518430467102774    0.0775046432538011
24.3000000000001    6.74106580748208    0.522408210836748    0.0774963819900578
24.4000000000001    6.79350626492565    0.52641603307327    0.0774881206470825
24.5000000000001    6.84634901409673    0.53045415778812    0.0774798592207186
24.6000000000001    6.89959709648327    0.534522810616721    0.0774715977095485
24.7000000000001    6.95325357622007    0.53862221886682    0.0774633361148933
24.8000000000001    7.00732154025664    0.542752611530415    0.0774550744406881
24.9000000000001    7.06180409852616    0.546914219294824    0.0774468126932279
25.0000000000001    7.1167043841156    0.551107274552874    0.0774385508807896
25.1000000000001    7.17202555343673    0.555332011412257    0.0774302890131436
25.2000000000001    7.22777078639805    0.559588665704194    0.0774220271009818
25.3000000000001    7.28394328657757    0.563877474991626    0.077413765155298
25.4000000000001    7.34054628139638    0.568198678577173    0.0774055031867582
25.5000000000001    7.39758302229301    0.572552517511211    0.0773972412051063
25.6000000000001    7.45505678489862    0.576939234600357    0.0773889792186476
25.7000000000001    7.51297086921308    0.581359074416686    0.0773807172338442
25.8000000000001    7.57132859978196    0.585812283307951    0.0773724552550554
25.9000000000001    7.63013332587467    0.590299109409011    0.0773641932844396
26.0000000000001    7.68938842166376    0.594819802654581    0.0773559313220231
26.1000000000001    7.74909728640558    0.599374614793316    0.0773476693659289
26.2000000000001    7.80926334462242    0.603963799403136    0.0773394074127407
26.3000000000001    7.86989004628621    0.608587611907565    0.0773311454579669
26.4000000000001    7.93098086700394    0.613246309592805    0.0773228834965616
26.5000000000001    7.99253930820477    0.617940151625203    0.0773146215234568
26.6000000000001    8.05456889732898    0.622669399068775    0.0773063595340605
26.7000000000001    8.11707318801853    0.627434314902465    0.0772980975246853
26.8000000000001    8.18005576030947    0.632235164036889    0.0772898354928781
26.9000000000001    8.24352022082591    0.637072213330367    0.0772815734376327
27.0000000000001    8.30747020297554    0.641945731604123    0.0772733113594789
27.1000000000001    8.37190936714673    0.646855989656581    0.077265049260446
27.2000000000001    8.43684140090686    0.651803260276804    0.0772567871439119
27.3000000000001    8.50227001920209    0.656787818257134    0.077248525014355
27.4000000000001    8.56819896455829    0.661809940405181    0.0772402628770303
27.5000000000001    8.63463200728313    0.66686990555536    0.0772320007375959
27.6000000000001    8.70157294566936    0.671967994580176    0.0772237386017208
27.7000000000001    8.76902560619916    0.677104490401505    0.0772154764746991
27.8000000000001    8.83699384374966    0.682279678002053    0.0772072143610946
27.9000000000001    8.90548154179958    0.687493844437202    0.077198952264436
28.0000000000001    8.9744926126371    0.692747278847395    0.0771906901869782
28.1000000000001    9.04403099756906    0.698040272471198    0.0771824281295392
28.2000000000001    9.11410066713134    0.703373118659131    0.0771741660914216
28.3000000000001    9.18470562130088    0.70874611288838    0.0771659040704232
28.4000000000001    9.25584988970902    0.714159552778439    0.0771576420629366
28.5000000000001    9.32753753185657    0.719613738107686    0.077149380064135
28.6000000000001    9.39977263733056    0.725108970830876    0.0771411180682345
28.7000000000001    9.47255932602274    0.730645555097458    0.0771328560688186
28.8000000000001    9.54590174835005    0.73622379727054    0.0771245940592037
28.9000000000001    9.61980408547685    0.741844005946336    0.0771163320328225
29.0000000000001    9.69427054953931    0.747506491973824    0.0771080699835994
29.1000000000001    9.76930538387162    0.753211568474382    0.0770998079062895
29.2000000000001    9.84491286323419    0.758959550861104    0.0770915457967573
29.3000000000001    9.92109729404384    0.764750756857572    0.0770832836521715
29.4000000000001    9.99786301460571    0.770585506515829    0.0770750214710978
29.5000000000001    10.075214395347    0.776464122233362    0.0770667592534759
29.6000000000002    10.1531558390524    0.782386928768999    0.0770584970004775
29.7000000000002    10.2316917811008    0.788354253257683    0.0770502347142503
29.8000000000002    10.3108266897039    0.79436642522425    0.0770419723975654
29.9000000000002    10.3905650661457    0.80042377659641    0.077033710053396
30.0000000000002    10.4709114450232    0.80652664171727    0.0770254476844621
30.1000000000002    10.5518703944891    0.812675357357817    0.0770171852927847
30.2000000000002    10.6334465164948    0.818870262729793    0.0770089228792893
30.3000000000002    10.7156444470351    0.825111699499409    0.0770006604434987
30.4000000000002    10.7984688563946    0.831400011802298    0.0769923979833455
30.5000000000002    10.8819244493955    0.837735546259988    0.0769841354951258
30.6000000000002    10.9660159656466    0.844118651998077    0.0769758729735992
30.7000000000002    11.0507481797951    0.850549680666142    0.0769676104122309
30.8000000000002    11.1361259017799    0.857028986459241    0.0769593478035538
30.9000000000002    11.222153977087    0.863556926140754    0.0769510851396207
31.0000000000002    11.308837287008    0.870133859066198    0.0769428224125072
31.1000000000002    11.3961807489002    0.876760147207532    0.0769345596148203
31.2000000000002    11.4841893164495    0.88343615517748    0.0769262967401695
31.3000000000002    11.5728679799357    0.89016225025338    0.0769180337835604
31.4000000000002    11.6622217665002    0.896938802400136    0.0769097707416779
31.5000000000002    11.7522557404157    0.903766184291931    0.0769015076130363
31.6000000000002    11.8429750033586    0.910644771332482    0.0768932443979852
31.7000000000002    11.9343846946822    0.917574941673762    0.0768849810985745
31.8000000000002    12.0264899916933    0.924557076233256    0.0768767177182906
31.9000000000002    12.1192961099289    0.931591558709945    0.0768684542616899
32.0000000000002    12.2128083034353    0.938678775599318    0.076860190733959
32.1000000000002    12.3070318650488    0.945819116207828    0.0768519271404422
32.2000000000002    12.4019721266769    0.953012972667249    0.0768436634861724
32.3000000000002    12.4976344595822    0.960260739949414    0.076835399775448
32.4000000000002    12.5940242746668    0.967562815881856    0.076827136011492
32.5000000000002    12.6911470227586    0.974919601164766    0.0768188721962228
32.6000000000002    12.7890081948997    0.982331499389631    0.0768106083301585
32.7000000000002    12.8876133226365    0.989798917059781    0.0768023444124634
32.8000000000002    12.9869679783117    0.997322263612871    0.0767940804411318
32.9000000000002    13.0870777753591    1.00490195144517    0.0767858164132901
33.0000000000002    13.1879483686007    1.01253839593738    0.0767775523255866
33.1000000000002    13.2895854545466    1.02023201548143    0.076769288174628
33.2000000000002    13.391994771697    1.02798323150782    0.0767610239574157
33.3000000000002    13.4951821008481    1.03579246851273    0.0767527596717372
33.4000000000002    13.5991532653996    1.04366015408442    0.0767444953164708
33.5000000000002    13.703914131665    1.05158671892844    0.0767362308917704
33.6000000000002    13.8094706091852    1.0595725968911    0.0767279663991131
33.7000000000002    13.9158286510432    1.0676182249813    0.0767197018412027
33.8000000000002    14.0229942541815    1.07572404339049    0.0767114372217416
33.9000000000002    14.1309734597213    1.08389049551114    0.0767031725450931
34.0000000000002    14.2397723532837    1.09211802795408    0.0766949078158705
34.1000000000002    14.3493970653121    1.10040709056523    0.0766866430384955
34.2000000000002    14.4598537713968    1.10875813644238    0.0766783782167718
34.3000000000002    14.5711486926006    1.11717162195264    0.0766701133535173
34.4000000000002    14.6832880957873    1.12564800675125    0.0766618484502936
34.5000000000002    14.7962782939509    1.13418775380199    0.0766535835072578
34.6000000000002    14.9101256465477    1.14279132939985    0.0766453185231506
34.7000000000002    15.0248365598308    1.1514592031957    0.07663705349542
34.8000000000002    15.1404174871868    1.16019184822312    0.076628788420463
34.9000000000002    15.2568749294755    1.16898974092691    0.0766205232939601
35.0000000000002    15.3742154353722    1.17785336119296    0.0766122581112667
35.1000000000002    15.4924456017141    1.18678319237883    0.0766039928678226
35.2000000000002    15.611572073848    1.19577972134457    0.0765957275595391
35.3000000000002    15.731601545983    1.20484343848301    0.0765874621831281
35.4000000000002    15.8525407615446    1.21397483774921    0.0765791967363426
35.5000000000002    15.9743965135328    1.2231744166885    0.0765709312181076
35.6000000000002    16.0971756448823    1.23244267646286    0.0765626656285315
35.7000000000002    16.2208850488254    1.2417801218757    0.0765543999687995
35.8000000000002    16.3455316692574    1.25118726139488    0.0765461342409621
35.9000000000002    16.4711225011044    1.26066460717456    0.0765378684476444
36.0000000000002    16.5976645906923    1.27021267507617    0.0765296025917091
36.1000000000002    16.7251650361196    1.27983198468913    0.0765213366759137
36.2000000000002    16.8536309876302    1.28952305935205    0.0765130707025983
36.3000000000002    16.98306964799    1.29928642617495    0.0765048046734428
36.4000000000002    17.1134882728652    1.30912261606305    0.0764965385893166
36.5000000000002    17.2448941712026    1.31903216374245    0.0764882724502373
36.6000000000003    17.3772947056137    1.32901560778796    0.0764800062554404
36.7000000000003    17.5106972927602    1.33907349065277    0.0764717400035471
36.8000000000003    17.6451094037442    1.34920635869989    0.0764634736928068
36.9000000000003    17.7805385645002    1.3594147622347    0.0764552073213827
37.0000000000003    17.9169923561911    1.36969925553809    0.0764469408876427
37.1000000000003    18.0544784156078    1.38006039689949    0.0764386743904187
37.2000000000003    18.193004435571    1.39049874864917    0.0764304078292014
37.3000000000003    18.3325781653376    1.40101487718933    0.0764221412042469
37.4000000000003    18.4732074110089    1.41160935302359    0.0764138745165802
37.5000000000003    18.6149000359424    1.42228275078483    0.0764056077678975
37.6000000000003    18.7576639611659    1.43303564926143    0.0763973409603807
37.7000000000003    18.9015071657946    1.44386863142242    0.0763890740964476
37.8000000000003    19.0464376874504    1.45478228444192    0.0763808071784713
37.9000000000003    19.192463622683    1.46577719972362    0.0763725402085043
38.0000000000003    19.3395931273951    1.47685397292597    0.0763642731880417
38.1000000000003    19.4878344172682    1.48801320398866    0.076356006117854
38.2000000000003    19.6371957681928    1.49925549716079    0.076347738997907
38.3000000000003    19.7876855167004    1.51058146103118    0.0763394718273789
38.4000000000003    19.9393120603991    1.52199170856064    0.0763312046047679
38.5000000000003    20.0920838584125    1.53348685711605    0.0763229373280754
38.6000000000003    20.2460094318223    1.54506752850598    0.0763146699950398
38.7000000000003    20.4010973641137    1.55673434901703    0.0763064026033907
38.8000000000003    20.5573563016257    1.56848794945058    0.0762981351510915
38.9000000000003    20.7147949540038    1.58032896515908    0.0762898676365429
39.0000000000003    20.8734220946575    1.59225803608161    0.0762816000587247
39.1000000000003    21.0332465612201    1.60427580677816    0.0762733324172614
39.2000000000003    21.1942772560131    1.61638292646255    0.0762650647124076
39.3000000000003    21.3565231465126    1.62858004903388    0.0762567969449567
39.4000000000003    21.5199932658199    1.6408678331069    0.0762485291160885
39.5000000000003    21.684696713134    1.65324694204144    0.0762402612271767
39.6000000000003    21.8506426542282    1.66571804397164    0.0762319932795805
39.7000000000003    22.0178403219284    1.67828181183542    0.0762237252744519
39.8000000000003    22.1862990165953    1.69093892340485    0.0762154572125812
39.9000000000003    22.3560281066093    1.70369006131796    0.0762071890943043
40.0000000000003    22.5270370288589    1.71653591311224    0.076198920919481
40.1000000000003    22.6993352892318    1.72947717126004    0.076190652687547
40.2000000000003    22.8729324631109    1.74251453320575    0.0761823843976302
40.3000000000003    23.0478381958729    1.75564870140435    0.0761741160487115
40.4000000000003    23.2240622033917    1.76888038336092    0.0761658476398063
40.5000000000003    23.4016142725451    1.78221029167042    0.0761575791701396
40.6000000000003    23.5805042617258    1.79563914405723    0.0761493106392886
40.7000000000003    23.7607421013565    1.80916766341379    0.0761410420472725
40.8000000000003    23.9423377944086    1.8227965778381    0.0761327733945761
40.9000000000003    24.1253014169242    1.83652662066985    0.0761245046821053
41.0000000000003    24.3096431185425    1.85035853052512    0.0761162359110789
41.1000000000003    24.4953731230292    1.86429305133024    0.0761079670828746
41.2000000000003    24.6825017288086    1.87833093235494    0.0760996981988507
41.3000000000003    24.8710393095002    1.89247292824571    0.0760914292601689
41.4000000000003    25.0609963144577    1.90671979905976    0.0760831602676454
41.5000000000003    25.2523832693121    1.92107231030032    0.0760748912216494
41.6000000000003    25.4452107765178    1.93553123295361    0.0760666221220623
41.7000000000003    25.6394895159029    1.95009734352767    0.0760583529683042
41.8000000000003    25.8352302452233    1.96477142409312    0.0760500837594195
41.9000000000003    26.0324438007215    1.97955426232544    0.0760418144942111
42.0000000000003    26.2311410976884    1.99444665154849    0.076033545171401
42.1000000000003    26.4313331310312    2.0094493907786    0.0760252757897955
42.2000000000003    26.6330309758441    2.02456328476871    0.0760170063484311
42.3000000000003    26.8362457879849    2.03978914405183    0.0760087368466822
42.4000000000003    27.0409888046545    2.05512778498372    0.0760004672843167
42.5000000000003    27.2472713449817    2.0705800297842    0.0759921976614937
42.6000000000003    27.4551048106113    2.08614670657735    0.0759839279787073
42.7000000000003    27.6645006862971    2.10182864943064    0.0759756582366848
42.8000000000003    27.8754705404975    2.11762669839345    0.0759673884362583
42.9000000000003    28.0880260259758    2.13354169953543    0.0759591185782274
43.0000000000003    28.3021788804046    2.14957450498539    0.0759508486632343
43.1000000000003    28.5179409269729    2.16572597297103    0.0759425786916697
43.2000000000003    28.7353240749988    2.18199696786022    0.0759343086636238
43.3000000000003    28.9543403205449    2.19838836020391    0.0759260385788867
43.4000000000003    29.1750017470395    2.21490102678082    0.075917768437
43.5000000000003    29.3973205259011    2.23153585064363    0.0759094982373476
43.6000000000003    29.6213089171683    2.24829372116644    0.0759012279792724
43.7000000000004    29.8469792701344    2.26517553409282    0.0758929576621983
43.8000000000004    30.0743440239868    2.282182191584    0.0758846872857398
43.9000000000004    30.3034157084512    2.29931460226656    0.0758764168497782
44.0000000000004    30.5342069444402    2.31657368127924    0.0758681463544957
44.1000000000004    30.766730444707    2.33396035031861    0.0758598758003594
44.2000000000004    31.0009990145039    2.3514755376836    0.0758516051880603
44.3000000000004    31.2370255522438    2.36912017831917    0.0758433345184172
44.4000000000004    31.4748230501677    2.3868952138595    0.0758350637922579
44.5000000000004    31.7144045950157    2.40480159267119    0.0758267930103011
44.6000000000004    31.955783368702    2.42284026989725    0.0758185221730544
44.7000000000004    32.1989726489951    2.44101220750218    0.0758102512807459
44.8000000000004    32.4439858102024    2.45931837431876    0.0758019803332979
44.9000000000004    32.6908363238589    2.47775974609653    0.0757937093303477
45.0000000000004    32.9395377594217    2.49633730555211    0.0757854382713092
45.1000000000004    33.1901037849693    2.51505204242088    0.075777167155466
45.2000000000004    33.4425481679059    2.53390495350977    0.0757688959820803
45.3000000000004    33.6968847756713    2.55289704275049    0.0757606247505006
45.4000000000004    33.953127576456    2.57202932125267    0.0757523534602503
45.5000000000004    34.2112906399218    2.59130280735648    0.0757440821110864
45.6000000000004    34.4713881379273    2.61071852668433    0.0757358107030184
45.7000000000004    34.7334343452587    2.63027751219158    0.0757275392362873
45.8000000000004    34.9974436403656    2.6499808042163    0.0757192677113091
45.9000000000004    35.2634305061019    2.6698294505284    0.0757109961285933
46.0000000000004    35.5314095304713    2.6898245063787    0.0757027244886511
46.1000000000004    35.8013954073776    2.70996703454819    0.0756944527919084
46.2000000000004    36.0734029373809    2.73025810539833    0.0756861810386376
46.3000000000004    36.3474470284573    2.75069879692255    0.0756779092289194
46.4000000000004    36.6235426967654    2.77129019479935    0.0756696373626387
46.5000000000004    36.9017050674172    2.79203339244713    0.0756613654395171
46.6000000000004    37.1819493752548    2.81292949108035    0.0756530934591719
46.7000000000004    37.4642909656333    2.83397959976697    0.0756448214211938
46.8000000000004    37.7487452952082    2.85518483548648    0.0756365493252278
46.9000000000004    38.0353279327306    2.87654632318812    0.0756282771710445
47.0000000000004    38.3240545598459    2.89806519584873    0.0756200049585877
47.1000000000004    38.6149409719003    2.91974259452993    0.0756117326879924
47.2000000000004    38.9080030787518    2.94157966843438    0.0756034603595683
47.3000000000004    39.2032569055872    2.96357757496124    0.0755951879737541
47.4000000000004    39.5007185937441    2.98573747976103    0.0755869155310479
47.5000000000004    39.8004044015394    3.0080605567904    0.0755786430319299
47.6000000000004    40.1023307051022    3.0305479883672    0.0755703704767868
47.7000000000004    40.4065139992128    3.05320096522651    0.0755620978658537
47.8000000000004    40.7129708981475    3.07602068657798    0.0755538251991811
47.9000000000004    41.0217181365284    3.09900836016476    0.0755455524766332
48.0000000000004    41.3327725701804    3.12216520232409    0.0755372796979166
48.1000000000004    41.6461511769932    3.14549243804942    0.0755290068626342
48.2000000000004    41.9618710577903    3.16899130105368    0.0755207339703539
48.3000000000004    42.279949437204    3.19266303383317    0.0755124610206796
48.4000000000004    42.6004036645569    3.21650888773175    0.0755041880133134
48.5000000000004    42.9232512147503    3.24053012300467    0.0754959149480988
48.6000000000004    43.2485096891579    3.26472800888179    0.0754876418250369
48.7000000000004    43.5761968165267    3.28910382363012    0.0754793686442754
48.8000000000004    43.9063304538839    3.31365885461565    0.0754710954060732
48.9000000000004    44.2389285874498    3.33839439836476    0.0754628221107468
49.0000000000004    44.5740093335569    3.36331176062561    0.0754545487586101
49.1000000000004    44.9115909395749    3.38841225643005    0.0754462753499179
49.2000000000004    45.2516917848429    3.41369721015641    0.075438001884823
49.3000000000004    45.5943303816062    3.43916795559357    0.0754297283633538
49.4000000000004    45.9395253759616    3.46482583600662    0.0754214547854173
49.5000000000004    46.2872955488076    3.49067220420397    0.0754131811508243
49.6000000000004    46.6376598168024    3.51670842260583    0.0754049074593329
49.7000000000004    46.9906372333287    3.5429358633137    0.0753966337107007
49.8000000000004    47.3462469894651    3.56935590818034    0.0753883599047363
49.9000000000004    47.7045084149648    3.59596994887993    0.0753800860413411
50.0000000000004    48.0654409792411    3.62277938697789    0.0753718121205322
50.1000000000004    48.4290642923604    3.64978563400017    0.075363538142444
50.2000000000004    48.7953981060411    3.67699011150192    0.075355264107307
50.3000000000004    49.1644623146607    3.70439425113572    0.0753469900154095
50.4000000000004    49.5362769562683    3.73199949471972    0.0753387158670485
50.5000000000004    49.9108622136047    3.75980729430599    0.0753304416624794
50.6000000000004    50.2882384151295    3.78781911224974    0.0753221674018742
50.7000000000005    50.6684260360546    3.81603642127961    0.0753138930852953
50.8000000000005    51.0514456993854    3.84446070456946    0.075305618712689
50.9000000000005    51.4373181769685    3.87309345581171    0.0752973442839001
51.0000000000005    51.8260643905477    3.90193617929208    0.0752890697987041
51.1000000000005    52.2177054128269    3.93099038996555    0.0752807952568503
51.2000000000005    52.6122624685409    3.96025761353305    0.0752725206581081
51.3000000000005    53.0097569355336    3.98973938651852    0.0752642460023074
51.4000000000005    53.4102103458446    4.01943725634585    0.0752559712893656
51.5000000000005    53.8136443868027    4.04935278141556    0.0752476965192981
51.6000000000005    54.2200809021277    4.07948753118092    0.0752394216922099
51.7000000000005    54.6295418930389    4.10984308622377    0.0752311468082704
51.8000000000005    55.0420495193724    4.14042103833012    0.0752228718676777
51.9000000000005    55.4576261007049    4.17122299056609    0.0752145968706199
52.0000000000005    55.8762941174856    4.20225055735436    0.0752063218172396
52.1000000000005    56.2980762121758    4.23350536455177    0.0751980467076097
52.2000000000005    56.722995190396    4.26498904952819    0.075189771541724
52.3000000000005    57.1510740220814    4.29670326124685    0.0751814963195045
52.4000000000005    57.5823358426454    4.32864966034606    0.0751732210408226
52.5000000000005    58.0168039541507    4.36082991922214    0.0751649457055305
52.6000000000005    58.4545018264898    4.39324572211311    0.0751566703134955
52.7000000000005    58.8954530985733    4.42589876518293    0.0751483948646309
52.8000000000005    59.3396815795264    4.45879075660574    0.0751401193589169
52.9000000000005    59.7872112498944    4.49192341664991    0.0751318437964079
53.0000000000005    60.2380662628564    4.52529847776184    0.0751235681772243
53.1000000000005    60.6922709454468    4.55891768464947    0.075115292501532
53.2000000000005    61.1498497997863    4.59278279436569    0.0751070167695121
53.3000000000005    61.6108275043199    4.62689557639223    0.0750987409813285
53.4000000000005    62.0752289150647    4.66125781272413    0.0750904651370993
53.5000000000005    62.5430790668648    4.69587129795532    0.0750821892368773
53.6000000000005    63.0144031746558    4.73073783936564    0.0750739132806439
53.7000000000005    63.4892266347379    4.76585925700916    0.0750656372683162
53.8000000000005    63.9675750260576    4.801237383804    0.075057361199767
53.9000000000005    64.4494741114987    4.8368740656233    0.0750490850748514
54.0000000000005    64.9349498391823    4.87277116138698    0.0750408088934367
54.1000000000005    65.4240283437761    4.90893054315405    0.0750325326554284
54.2000000000005    65.9167359478131    4.94535409621502    0.0750242563607869
54.3000000000005    66.4130991630191    4.98204371918418    0.0750159800095331
54.4000000000005    66.9131446916499    5.01900132409176    0.0750077036017421
54.5000000000005    67.4168994278374    5.05622883647595    0.0749994271375251
54.6000000000005    67.9243904589451    5.09372819547511    0.0749911506170065
54.7000000000005    68.4356450669325    5.13150135392036    0.0749828740402984
54.8000000000005    68.9506907297292    5.16955027842909    0.0749745974074797
54.9000000000005    69.4695551226183    5.20787694949948    0.0749663207185829
55.0000000000005    69.9922661196291    5.24648336160647    0.0749580439735914
55.1000000000005    70.5188517949396    5.28537152329904    0.0749497671724473
55.2000000000005    71.0493404242889    5.32454345729889    0.074941490315069
55.3000000000005    71.5837604863993    5.36400120060005    0.0749332134013718
55.4000000000005    72.1221406644089    5.40374680456936    0.0749249364312895
55.5000000000005    72.6645098473132    5.44378233504735    0.0749166594047925
55.6000000000005    73.2108971314183    5.48410987244929    0.074908382321896
55.7000000000005    73.7613318218031    5.52473151186611    0.0749001051826596
55.8000000000005    74.3158434337916    5.56564936316548    0.0748918279871768
55.9000000000005    74.8744616944362    5.60686555109291    0.0748835507355581
56.0000000000005    75.4372165440102    5.64838221537323    0.0748752734279102
56.1000000000005    76.0041381375108    5.69020151081281    0.0748669960643167
56.2000000000005    76.5752568461727    5.73232560740271    0.0748587186448231
56.3000000000005    77.1506032589914    5.77475669042324    0.0748504411694309
56.4000000000005    77.7302081842574    5.81749696054982    0.0748421636381006
56.5000000000005    78.3141026511013    5.86054863396025    0.0748338860507628
56.6000000000005    78.9023179110494    5.90391394244322    0.0748256084073347
56.7000000000005    79.49488543959    5.94759513350768    0.0748173307077396
56.8000000000005    80.091836937751    5.99159447049302    0.0748090529519233
56.9000000000005    80.6932043336886    6.03591423267946    0.0748007751398655
57.0000000000005    81.2990197842869    6.08055671539872    0.0747924972715839
57.1000000000005    81.9093156767683    6.12552423014467    0.074784219347129
57.2000000000005    82.5241246303158    6.17081910468427    0.0747759413665732
57.3000000000005    83.1434794977052    6.21644368316882    0.0747676633299956
57.4000000000005    83.7674133669496    6.26240032624586    0.0747593852374662
57.5000000000005    84.3959595629544    6.30869141117201    0.074751107089032
57.6000000000005    85.029151649184    6.35531933192703    0.0747428288847102
57.7000000000005    85.6670234293398    6.4022864993292    0.0747345506244881
57.8000000000006    86.3096089490498    6.4495953411521    0.0747262723083292
57.9000000000006    86.9569424975702    6.49724830224268    0.0747179939361855
58.0000000000006    87.6090586094983    6.54524784464031    0.0747097155080113
58.1000000000006    88.2659920664982    6.59359644769667    0.0747014370237764
58.2000000000006    88.9277778990377    6.64229660819618    0.074693158483476
58.3000000000006    89.5944513881375    6.69135084047669    0.0746848798871338
58.4000000000006    90.266048067133    6.74076167655049    0.074676601234799
58.5000000000006    90.9426037234476    6.79053166622549    0.0746683225265377
58.6000000000006    91.6241544003781    6.84066337722699    0.0746600437624204
58.7000000000006    92.310736398893    6.89115939532007    0.074651764942509
58.8000000000006    93.0023862794421    6.94202232443291    0.0746434860668453
58.9000000000006    93.6991408637795    6.99325478678142    0.074635207135445
59.0000000000006    94.4010372367984    7.04485942299522    0.0746269281482965
59.1000000000006    95.1081127483786    7.09683889224493    0.0746186491053669
59.2000000000006    95.8204050152474    7.14919587237096    0.0746103700066113
59.3000000000006    96.5379519228528    7.20193306001321    0.0746020908519848
59.4000000000006    97.26079162725    7.25505317074182    0.0745938116414542
59.5000000000006    97.9889625570011    7.30855893918844    0.0745855323750058
59.6000000000006    98.7225034150877    7.36245311917807    0.0745772530526497
59.7000000000006    99.4614531808368    7.41673848386112    0.0745689736744175
59.8000000000006    100.20585111186    7.47141782584601    0.0745606942403558
59.9000000000006    100.955736746006    7.52649395733223    0.0745524147505169
60.0000000000006    101.711149903326    7.58196971024427    0.0745441352049478
60.1000000000006    102.472130688055    7.63784793636649    0.0745358556036821
60.2000000000006    103.2387194906    7.69413150747931    0.0745275759467348
60.3000000000006    104.010956989551    7.75082331549674    0.0745192962341018
60.4000000000006    104.788884153699    7.80792627260532    0.0745110164657641
60.5000000000006    105.572542244072    7.8654433114044    0.074502736641696
60.6000000000006    106.36197281598    7.92337738504759    0.0744944567618736
60.7000000000006    107.157217721081    7.981731467385    0.0744861768262833
60.8000000000006    107.958319109457    8.04050855310636    0.074477896834928
60.9000000000006    108.765319431703    8.09971165788461    0.0744696167878282
61.0000000000006    109.578261441034    8.15934381851995    0.0744613366850199
61.1000000000006    110.397188195406    8.21940809308458    0.0744530565265482
61.2000000000006    111.222143059651    8.27990756106801    0.074444776312459
61.3000000000006    112.05316970762    8.34084532352343    0.0744364960427908
61.4000000000006    112.890312124355    8.40222450321513    0.0744282157175682
61.5000000000006    113.733614608263    8.46404824476736    0.074419935336799
61.6000000000006    114.583121773309    8.52631971481451    0.0744116549004745
61.7000000000006    115.438878551226    8.58904210215287    0.0744033744085748
61.8000000000006    116.300930193739    8.6522186178936    0.0743950938610752
61.9000000000006    117.169322274805    8.71585249561698    0.0743868132579544
62.0000000000006    118.044100692863    8.77994699152745    0.0743785325992009
62.1000000000006    118.92531167311    8.84450538460959    0.0743702518848171
62.2000000000006    119.813001769785    8.90953097678466    0.0743619711148204
62.3000000000006    120.707217868467    8.97502709306778    0.0743536902892396
62.4000000000006    121.608007188398    9.04099708172583    0.0743454094081098
62.5000000000006    122.515417284812    9.10744431443631    0.0743371284714656
62.6000000000006    123.429496051286    9.17437218644721    0.0743288474793351
62.7000000000006    124.350291722102    9.24178411673819    0.0743205664317358
62.8000000000006    125.277852874633    9.30968354818318    0.0743122853286723
62.9000000000006    126.212228431738    9.37807394771446    0.0743040041701393
63.0000000000006    127.153467664176    9.44695880648824    0.0742957229561251
63.1000000000006    128.101620193036    9.51634164005145    0.074287441686618
63.2000000000006    129.056735992186    9.58622598850976    0.0742791603616114
63.3000000000006    130.018865390738    9.65661541669654    0.0742708789811085
63.4000000000006    130.988059075526    9.72751351434265    0.0742625975451237
63.5000000000006    131.964368093607    9.79892389624703    0.0742543160536816
63.6000000000006    132.947843854775    9.87085020244801    0.074246034506813
63.7000000000006    133.938538134096    9.94329609839566    0.0742377529045499
63.8000000000006    134.936503074454    10.0162652751252    0.0742294712469203
63.9000000000006    135.941791189121    10.0897614494315    0.0742211895339433
64.0000000000006    136.954455364341    10.1637883640456    0.0742129077656278
64.1000000000006    137.97454886193    10.2383497878119    0.074204625941972
64.2000000000006    139.002125321903    10.3134495158676    0.0741963440629673
64.3000000000006    140.037238765104    10.3890913698234    0.0741880621286022
64.4000000000006    141.079943595868    10.4652791979453    0.0741797801388674
64.5000000000006    142.130294604693    10.5420168753376    0.0741714980937607
64.6000000000006    143.188346970935    10.6193083041274    0.0741632159932883
64.7000000000006    144.254156265518    10.697157413649    0.074154933837466
64.8000000000006    145.327778453665    10.7755681606304    0.0741466516263163
64.9000000000006    146.409269897644    10.8545445293797    0.0741383693598651
65.0000000000006    147.498687359541    10.9340905319737    0.0741300870381371
65.1000000000006    148.596088004039    11.0142102084467    0.0741218046611519
65.2000000000006    149.70152940123    11.0949076269816    0.0741135222289217
65.3000000000006    150.815069529436    11.1761868841025    0.0741052397414514
65.4000000000006    151.936766778051    11.2580521048682    0.0740969571987401
65.5000000000006    153.066679950409    11.3405074430682    0.0740886746007837
65.6000000000005    154.204868266664    11.4235570814194    0.0740803919475795
65.7000000000005    155.351391366693    11.5072052317644    0.0740721092391293
65.8000000000005    156.506309313017    11.5914561352711    0.0740638264754415
65.9000000000005    157.669682593747    11.6763140626328    0.0740555436565318
66.0000000000005    158.841572125544    11.7617833142699    0.0740472607824213
66.1000000000005    160.022039256601    11.8478682205328    0.0740389778531337
66.2000000000005    161.21114576965    11.9345731419051    0.0740306948686916
66.3000000000005    162.408953884982    12.0219024692096    0.0740224118291132
66.4000000000005    163.615526263492    12.1098606238145    0.0740141287344109
66.5000000000005    164.830926009745    12.1984520578421    0.0740058455845898
66.6000000000005    166.055216675061    12.287681254379    0.0739975623796495
66.7000000000005    167.288462260621    12.3775527276876    0.073989279119587
66.8000000000005    168.530727220598    12.4680710234195    0.0739809958043996
66.9000000000005    169.782076465305    12.5592407188303    0.0739727124340877
67.0000000000005    171.042575364364    12.6510664229954    0.0739644290086573
67.1000000000005    172.312289749904    12.7435527770276    0.0739561455281205
67.2000000000005    173.59128591977    12.8367044542947    0.0739478619924943
67.3000000000005    174.879630640763    12.9305261606402    0.073939578401798
67.4000000000004    176.177391151898    13.0250226346031    0.0739312947560514
67.5000000000004    177.484635167683    13.1201986476415    0.0739230110552714
67.6000000000004    178.801430881426    13.2160590043557    0.0739147272994704
67.7000000000004    180.127846968555    13.3126085427147    0.0739064434886558
67.8000000000004    181.463952589969    13.4098521342834    0.073898159622831
67.9000000000004    182.809817395411    13.5077946844518    0.0738898757019973
68.0000000000004    184.165511526859    13.6064411326662    0.0738815917261568
68.1000000000004    185.531105621945    13.7057964526617    0.0738733076953141
68.2000000000004    186.906670817392    13.8058656526956    0.0738650236094782
68.3000000000004    188.292278752484    13.9066537757829    0.0738567394686623
68.4000000000004    189.688001572548    14.008165899933    0.0738484552728835
68.5000000000004    191.09391193247    14.1104071383872    0.0738401710221602
68.6000000000004    192.510083000226    14.2133826398587    0.0738318867165105
68.7000000000004    193.936588460442    14.317097588773    0.0738236023559492
68.8000000000004    195.37350251798    14.4215572055113    0.0738153179404871
68.9000000000004    196.820899901544    14.5267667466546    0.073807033470131
69.0000000000004    198.278855867311    14.6327315052305    0.0737987489448838
69.1000000000003    199.74744620259    14.7394568109615    0.0737904643647474
69.2000000000003    201.226747229504    14.846948030515    0.073782179729724
69.3000000000003    202.716835808693    14.9552105677546    0.0737738950398181
69.4000000000003    204.217789343055    15.064249863994    0.0737656102950383
69.5000000000003    205.729685781492    15.1740713982512    0.0737573254953966
69.6000000000003    207.252603622705    15.2846806875049    0.0737490406409082
69.7000000000003    208.786621918993    15.3960832869522    0.0737407557315893
69.8000000000003    210.331820280095    15.5082847902678    0.0737324707674555
69.9000000000003    211.888278877047    15.6212908298657    0.0737241857485203
70.0000000000003    213.456078446068    15.7351070771615    0.0737159006747944
70.1000000000003    215.035300292479    15.849739242838    0.0737076155462851
70.2000000000003    216.626026294636    15.9651930771118    0.0736993303629979
70.3000000000003    218.228338907901    16.0814743700023    0.0736910451249374
70.4000000000003    219.842321168636    16.198588951602    0.073682759832109
70.5000000000003    221.468056698222    16.3165426923495    0.0736744744845207
70.6000000000003    223.105629707106    16.4353415033032    0.0736661890821832
70.7000000000003    224.755124998882    16.5549913364172    0.0736579036251099
70.8000000000003    226.41662797439    16.6754981848185    0.0736496181133159
70.9000000000002    228.090224635846    16.7968680830864    0.0736413325468166
71.0000000000002    229.776001591007    16.9191071075334    0.0736330469256262
71.1000000000002    231.474046057353    17.0422213764877    0.0736247612497563
71.2000000000002    233.184445866305    17.1662170505788    0.0736164755192161
71.3000000000002    234.907289467469    17.2911003330239    0.0736081897340119
71.4000000000002    236.642665932909    17.4168774699172    0.0735999038941486
71.5000000000002    238.390664961452    17.5435547505212    0.0735916179996311
71.6000000000002    240.151376883014    17.6711385075593    0.0735833320504655
71.7000000000002    241.924892662964    17.7996351175109    0.0735750460466601
71.8000000000002    243.711303906516    17.9290510009082    0.0735667599882258
71.9000000000002    245.510702863145    18.0593926226346    0.0735584738751754
72.0000000000002    247.323182431043    18.1906664922251    0.0735501877075229
72.1000000000002    249.148836161591    18.3228791641684    0.073541901485282
72.2000000000002    250.987758263876    18.4560372382113    0.0735336152084657
72.3000000000002    252.840043609233    18.5901473596653    0.0735253288770847
72.4000000000002    254.705787735809    18.7252162197148    0.0735170424911479
72.5000000000002    256.585086853176    18.8612505557282    0.0735087560506626
72.6000000000002    258.478037846955    18.9982571515705    0.0735004695556354
72.7000000000001    260.38473828349    19.1362428379188    0.0734921830060736
72.8000000000001    262.305286414539    19.2752144925791    0.0734838964019857
72.9000000000001    264.239781182006    19.4151790408058    0.0734756097433823
73.0000000000001    266.1883222227    19.5561434556222    0.0734673230302755
73.1000000000001    268.15100987313    19.6981147581442    0.0734590362626788
73.2000000000001    270.127945174329    19.8411000179053    0.0734507494406056
73.3000000000001    272.119229876711    19.9851063531835    0.0734424625640687
73.4000000000001    274.124966444965    20.1301409313315    0.073434175633079
73.5000000000001    276.145258062977    20.2762109691077    0.0734258886476461
73.6000000000001    278.180208638787    20.4233237330109    0.0734176016077776
73.7000000000001    280.22992280958    20.5714865396168    0.0734093145134804
73.8000000000001    282.29450594671    20.7207067559163    0.0734010273647615
73.9000000000001    284.374064160763    20.8709917996571    0.0733927401616285
74.0000000000001    286.468704306642    21.0223491396866    0.0733844529040907
74.1000000000001    288.5785339887    21.1747862962973    0.073376165592159
74.2000000000001    290.703661565901    21.3283108415744    0.0733678782258455
74.3000000000001    292.844196157015    21.4829303997455    0.0733595908051629
74.4    295.00024764585    21.6386526475324    0.0733513033301236
74.5    297.171926686521    21.7954853145057    0.0733430158007395
74.6    299.359344708751    21.9534361834417    0.0733347282170208
74.7    301.56261392321    22.1125130906811    0.0733264405789767
74.8    303.781847326888    22.2727239264912    0.0733181528866154
74.9    306.017158708508    22.4340766354299    0.073309865139945
75    308.268662653974    22.5965792167124    0.0733015773389742
75.1    310.536474551851    22.7602397245803    0.0732932894837124
75.2    312.82071059889    22.9250662686728    0.0732850015741706
75.3    315.121487805585    23.0910670144007    0.0732767136103608
75.4    317.43892400177    23.258250183322    0.0732684255922954
75.5    319.773137842249    23.4266240535208    0.0732601375199865
75.6    322.124248812474    23.5961969599882    0.0732518493934457
75.7    324.492377234247    23.7669772950057    0.0732435612126833
75.8    326.877644271475    23.9389735085318    0.0732352729777085
75.9    329.280171935953    24.1121941085905    0.0732269846885298
76    331.700083093193    24.2866476616632    0.0732186963451549
76.1    334.137501468286    24.4623427930825    0.0732104079475924
76.1999999999999    336.59255165181    24.6392881874293    0.0732021194958514
76.2999999999999    339.065359105772    24.8174925889319    0.0731938309899422
76.3999999999999    341.556050169596    24.9969648018678    0.073185542429876
76.4999999999999    344.064752066146    25.1777136909681    0.0731772538156647
76.5999999999999    346.59159290779    25.3597481818242    0.07316896514732
76.6999999999999    349.13670170251    25.543077261298    0.0731606764248536
76.7999999999999    351.700208360049    25.7277099779338    0.073152387648276
76.8999999999999    354.282243698097    25.9136554423737    0.0731440988175972
76.9999999999999    356.882939448524    26.1009228277756    0.0731358099328263
77.0999999999999    359.502428263652    26.2895213702343    0.0731275209939724
77.1999999999999    362.140843722571    26.4794603692047    0.0731192320010447
77.2999999999999    364.798320337493    26.6707491879288    0.0731109429540529
77.3999999999999    367.474993560157    26.8633972538643    0.0731026538530074
77.4999999999999    370.170999788266    27.0574140591171    0.0730943646979196
77.5999999999999    372.88647637198    27.2528091608756    0.0730860754888012
77.6999999999999    375.621561620441    27.4495921818486    0.0730777862256638
77.7999999999999    378.37639480835    27.6477728107052    0.0730694969085187
77.8999999999998    381.151116182582    27.8473608025183    0.0730612075373763
77.9999999999998    383.945866968853    28.0483659792111    0.0730529181122465
78.0999999999998    386.760789378424    28.2507982300065    0.0730446286331384
78.1999999999998    389.596026614855    28.4546675118788    0.0730363391000607
78.2999999999998    392.4517228808    28.6599838500101    0.0730280495130226
78.3999999999998    395.328023384857    28.866757338248    0.0730197598720338
78.4999999999998    398.22507434845    29.074998139567    0.0730114701771044
78.5999999999998    401.14302301277    29.2847164865331    0.0730031804282455
78.6999999999998    404.082017645757    29.4959226817706    0.0729948906254685
78.7999999999998    407.042207549124    29.7086270984328    0.0729866007687848
78.8999999999998    410.023743065443    29.9228401806749    0.0729783108582055
78.9999999999998    413.026775585259    30.1385724441309    0.0729700208937411
79.0999999999998    416.051457554269    30.3558344763933    0.072961730875402
79.1999999999998    419.097942480538    30.5746369374959    0.0729534408031977
79.2999999999998    422.166384941768    30.7949905603998    0.0729451506771377
79.3999999999998    425.256940592618    31.0169061514833    0.0729368604972316
79.4999999999998    428.369766172065    31.2403945910341    0.0729285702634898
79.5999999999998    431.505019510825    31.4654668337453    0.0729202799759227
79.6999999999997    434.662859538814    31.6921339092142    0.0729119896345414
79.7999999999997    437.843446292668    31.9204069224443    0.0729036992393573
79.8999999999997    441.046940923303    32.1502970543515    0.0728954087903816
79.9999999999997    444.273505703538    32.3818155622717    0.0728871182876252
80.0999999999997    447.523304035757    32.614973780474    0.0728788277310985
80.1999999999997    450.796500459633    32.8497831206756    0.0728705371208115
80.2999999999997    454.093260659892    33.0862550725611    0.0728622464567739
80.3999999999997    457.413751474145    33.3244012043049    0.0728539557389948
80.4999999999997    460.758140900753    33.5642331630971    0.0728456649674841
80.5999999999997    464.126598106764    33.805762675673    0.0728373741422519
80.6999999999997    467.519293435888    34.0490015488454    0.0728290832633085
80.7999999999997    470.936398416534    34.2939616700417    0.0728207923306649
80.8999999999997    474.378085769896    34.5406550078424    0.0728125013443325
80.9999999999997    477.844529418102    34.7890936125253    0.0728042103043222
81.0999999999997    481.335904492401    35.0392896166115    0.0727959192106447
81.1999999999997    484.852387341424    35.2912552354159    0.0727876280633107
81.2999999999997    488.394155539485    35.5450027676016    0.0727793368623305
81.3999999999997    491.961387894945    35.8005445957372    0.0727710456077137
81.4999999999996    495.554264458632    36.0578931868583    0.0727627542994705
81.5999999999996    499.172966532316    36.3170610930327    0.0727544629376109
81.6999999999996    502.817676677239    36.578060951929    0.0727461715221454
81.7999999999996    506.488578722702    36.8409054873892    0.0727378800530847
81.8999999999996    510.185857774716    37.1056075100047    0.0727295885304399
81.9999999999996    513.909700224703    37.3721799176959    0.0727212969542222
82.0999999999996    517.660293758256    37.6406356962964    0.0727130053244423
82.1999999999996    521.437827363962    37.9109879201399    0.0727047136411109
82.2999999999996    525.242491342284    38.1832497526519    0.0726964219042384
82.3999999999996    529.074477314493    38.457434446945    0.0726881301138348
82.4999999999996    532.933978231673    38.7335553464176    0.0726798382699098
82.5999999999996    536.821188383776    39.011625885358    0.0726715463724736
82.6999999999996    540.736303408744    39.2916595895506    0.0726632544215362
82.7999999999996    544.679520301686    39.5736700768875    0.0726549624171081
82.8999999999996    548.651037424122    39.8576710579832    0.0726466703591998
82.9999999999996    552.651054513283    40.1436763367938    0.0726383782478224
83.0999999999996    556.67977269148    40.4316998112399    0.0726300860829871
83.1999999999995    560.737394475531    40.7217554738334    0.0726217938647044
83.2999999999995    564.824123786247    41.0138574123091    0.0726135015929851
83.3999999999995    568.940165957993    41.3080198102594    0.0726052092678396
83.4999999999995    573.085727748299    41.6042569477748    0.0725969168892782
83.5999999999995    577.261017347548    41.9025832020864    0.0725886244573109
83.6999999999995    581.466244388716    42.203013048215    0.0725803319719482
83.7999999999995    585.701619957191    42.5055610596227    0.0725720394332006
83.8999999999995    589.967356600641    42.8102419088692    0.0725637468410786
83.9999999999995    594.263668338964    43.1170703682728    0.0725554541955931
84.0999999999995    598.590770674295    43.4260613105752    0.0725471614967551
84.1999999999995    602.948880601079    43.7372297096105    0.0725388687445756
84.2999999999995    607.338216616217    44.050590640979    0.0725305759390653
84.3999999999995    611.758998729275    44.3661592827253    0.0725222830802344
84.4999999999995    616.211448472763    44.6839509160205    0.0725139901680935
84.5999999999995    620.695788912479    45.0039809258497    0.0725056972026524
84.6999999999995    625.212244657933    45.3262648017029    0.0724974041839214
84.7999999999995    629.76104187282    45.6508181382716    0.0724891111119109
84.8999999999995    634.342408285587    45.977656636149    0.0724808179866313
84.9999999999994    638.95657320005    46.3067961025349    0.0724725248080933
85.0999999999994    643.603767506094    46.6382524519458    0.0724642315763078
85.1999999999994    648.284223690439    46.9720417069286    0.0724559382912859
85.2999999999994    652.99817584748    47.3081799987798    0.0724476449530382
85.3999999999994    657.745859690195    47.6466835682687    0.0724393515615754
85.4999999999994    662.527512561133    47.987568766366    0.0724310581169081
85.5999999999994    667.343373443468    48.3308520549769    0.0724227646190467
85.6999999999994    672.193682972129    48.6765500076785    0.0724144710680014
85.7999999999994    677.078683445004    49.0246793104634    0.0724061774637829
85.8999999999994    681.998618834221    49.3752567624863    0.0723978838064015
85.9999999999994    686.953734797501    49.7282992768168    0.0723895900958681
86.0999999999994    691.944278689585    50.0838238811968    0.0723812963321936
86.1999999999994    696.97049957374    50.4418477188021    0.0723730025153888
86.2999999999994    702.032648233345    50.8023880490099    0.0723647086454645
86.3999999999994    707.130977183542    51.1654622481706    0.0723564147224314
86.4999999999994    712.265740682979    51.531087810385    0.0723481207463001
86.5999999999994    717.437194745619    51.8992823482867    0.0723398267170808
86.6999999999993    722.645597152637    52.2700635938289    0.072331532634784
86.7999999999993    727.891207464385    52.6434493990775    0.0723232384994199
86.8999999999993    733.174287032452    53.0194577370084    0.0723149443109993
86.9999999999993    738.495099011787    53.3981067023102    0.0723066500695327
87.0999999999993    743.853908372914    53.779414512192    0.0722983557750307
87.1999999999993    749.250981914225    54.1633995071972    0.0722900614275043
87.2999999999993    754.686588274354    54.5500801520213    0.0722817670269642
87.3999999999993    760.16099794463    54.9394750363358    0.0722734725734214
87.4999999999993    765.674483281621    55.3316028756175    0.0722651780668864
87.5999999999993    771.227318519753    55.726482511983    0.0722568835073698
87.6999999999993    776.819779784017    56.1241329150284    0.0722485888948822
87.7999999999993    782.452145102759    56.5245731826751    0.0722402942294341
87.8999999999993    788.124694420552    56.9278225420209    0.0722319995110362
87.9999999999993    793.837709611163    57.3339003501956    0.0722237047396991
88.0999999999993    799.591474490592    57.7428260952239    0.0722154099154335
88.1999999999993    805.386274830208    58.1546193968926    0.0722071150382503
88.2999999999993    811.22239836997    58.5693000076237    0.0721988201081602
88.3999999999993    817.100134831732    58.9868878133534    0.0721905251251742
88.4999999999992    823.019775932641    59.4074028344164    0.0721822300893029
88.5999999999992    828.981615398616    59.8308652264362    0.0721739350005568
88.6999999999992    834.985948977928    60.2572952812217    0.0721656398589464
88.7999999999992    841.03307445486    60.6867134276685    0.0721573446644823
88.8999999999992    847.123291663462    61.1191402326671    0.0721490494171751
88.9999999999992    853.256902501393    61.5545964020162    0.0721407541170353
89.0999999999992    859.434210943865    61.9931027813424    0.0721324587640736
89.1999999999992    865.655523057662    62.4346803570262    0.0721241633583008
89.2999999999992    871.92114701527    62.8793502571325    0.0721158678997279
89.3999999999992    878.231393109088    63.3271337523488    0.0721075723883657
89.4999999999992    884.58657376574    63.7780522569285    0.0720992768242247
89.5999999999992    890.987003560474    64.2321273296407    0.0720909812073158
89.6999999999992    897.432999231668    64.689380674726    0.0720826855376496
89.7999999999992    903.924879695419    65.1498341428587    0.0720743898152368
89.8999999999992    910.46296606024    65.6135097321147    0.072066094040088
89.9999999999992    917.047581641842    66.0804295889467    0.0720577982122139
90.0999999999992    923.679051978029    66.5506160091645    0.0720495023316253
90.1999999999992    930.357704843675    67.0240914389226    0.072041206398333
90.2999999999991    937.083870265814    67.5008784757137    0.072032910412348
90.3999999999991    943.857880538818    67.9809998693681    0.0720246143736809
90.4999999999991    950.680070239687    68.4644785230611    0.0720163182823426
90.5999999999991    957.55077624343    68.9513374943251    0.0720080221383436
90.6999999999991    964.470337738552    69.4415999960695    0.0719997259416947
90.7999999999991    971.439096242644    69.9352893976072    0.0719914296924064
90.8999999999991    978.457395618074    70.4324292256866    0.0719831333904894
90.9999999999991    985.525582087781    70.9330431655319    0.0719748370359542
91.0999999999991    992.64400425118    71.4371550618888    0.0719665406288116
91.1999999999991    999.813013100159    71.9447889200774    0.0719582441690726
91.2999999999991    1007.0329620352    72.4559689070521    0.0719499476567479
91.3999999999991    1014.30420688157    72.9707193524679    0.0719416510918485
91.4999999999991    1021.62710590569    73.4890647497539    0.0719333544743849
91.5999999999991    1029.00201983152    74.0110297571937    0.0719250578043682
91.6999999999991    1036.42931185713    74.5366391990127    0.0719167610818089
91.7999999999991    1043.90934767132    75.0659180664724    0.0719084643067178
91.8999999999991    1051.44249547042    75.5988915189721    0.0719001674791056
91.999999999999    1059.02912597512    76.1355848851572    0.071891870598983
92.099999999999    1066.66961244745    76.6760236640353    0.071883573666361
92.199999999999    1074.36433070792    77.2202335260983    0.0718752766812502
92.299999999999    1082.11365915267    77.7682403144534    0.0718669796436616
92.399999999999    1089.91797877082    78.32007004596    0.0718586825536061
92.499999999999    1097.77767316187    78.8757489123743    0.0718503854110943
92.599999999999    1105.69312855329    79.435303281502    0.071842088216137
92.699999999999    1113.66473381817    79.9987596983572    0.071833790968745
92.799999999999    1121.69288049296    80.5661448863299    0.071825493668929
92.899999999999    1129.77796279543    81.1374857483605    0.0718171963166996
92.999999999999    1137.92037764263    81.7128093681218    0.0718088989120677
93.099999999999    1146.12052466906    82.2921430112087    0.0718006014550438
93.199999999999    1154.37880624488    82.8755141263361    0.0717923039456391
93.299999999999    1162.69562749432    83.4629503465435    0.0717840063838642
93.399999999999    1171.07139631418    84.0544794904081    0.0717757087697301
93.499999999999    1179.50652339241    84.6501295632652    0.0717674111032477
93.599999999999    1188.00142222684    85.2499287584369    0.0717591133844276
93.699999999999    1196.55650914409    85.8539054584687    0.0717508156132808
93.7999999999989    1205.17220331853    86.4620882363738    0.071742517789818
93.8999999999989    1213.84892679137    87.0745058568854    0.0717342199140499
93.9999999999989    1222.58710448991    87.6911872777173    0.0717259219859874
94.0999999999989    1231.38716424691    88.3121616508328    0.0717176240056412
94.1999999999989    1240.24953682007    88.9374583237208    0.0717093259730224
94.2999999999989    1249.17465591166    89.5671068406814    0.0717010278881417
94.3999999999989    1258.16295818821    90.2011369441188    0.0716927297510101
94.4999999999989    1267.21488330048    90.8395785758427    0.0716844315616383
94.5999999999989    1276.33087390338    91.4824618783783    0.0716761333200373
94.6999999999989    1285.51137567615    92.1298171962847    0.0716678350262176
94.7999999999989    1294.75683734264    92.7816750774817    0.0716595366801902
94.8999999999989    1304.06771069165    93.4380662745851    0.0716512382819658
94.9999999999989    1313.44445059755    94.0990217462504    0.071642939831555
95.0999999999989    1322.8875150409    94.7645726585259    0.0716346413289689
95.1999999999989    1332.39736512926    95.4347503862137    0.0716263427742184
95.2999999999989    1341.97446511814    96.1095865142392    0.0716180441673143
95.3999999999989    1351.61928243211    96.7891128390302    0.0716097455082675
95.4999999999988    1361.33228768595    97.4733613699046    0.0716014467970887
95.5999999999988    1371.11395470609    98.1623643304667    0.071593148033789
95.6999999999988    1380.96476055204    98.8561541600129    0.0715848492183791
95.7999999999988    1390.88518553809    99.554763514946    0.0715765503508698
95.8999999999988    1400.87571325503    100.258225270199    0.0715682514312721
95.9999999999988    1410.93683059213    100.966572520667    0.0715599524595969
96.0999999999988    1421.06902775917    101.679838582651    0.0715516534358549
96.1999999999988    1431.27279830866    102.398056995307    0.0715433543600573
96.2999999999988    1441.54863915823    103.121261522108    0.0715350552322148
96.3999999999988    1451.89705061308    103.849486152311    0.0715267560523383
96.4999999999988    1462.31853638869    104.582765102442    0.0715184568204387
96.5999999999988    1472.81360363357    105.321132817776    0.0715101575365267
96.6999999999988    1483.38276295224    106.064623973845    0.0715018582006132
96.7999999999988    1494.02652842834    106.813273477939    0.0714935588127091
96.8999999999988    1504.74541764783    107.567116470625    0.0714852593728252
96.9999999999988    1515.53995172246    108.326188327277    0.0714769598809724
97.0999999999988    1526.41065531329    109.090524659609    0.0714686603371614
97.1999999999988    1537.35805665438    109.860161317225    0.0714603607414034
97.2999999999987    1548.38268757673    110.635134389174    0.0714520610937092
97.3999999999987    1559.48508353222    111.415480205518    0.0714437613940898
97.4999999999987    1570.66578361784    112.201235338907    0.071435461642556
97.5999999999987    1581.9253306    112.992436606168    0.0714271618391187
97.6999999999987    1593.26427093907    113.789121069899    0.0714188619837888
97.7999999999987    1604.68315481398    114.591326040082    0.0714105620765773
97.8999999999987    1616.18253614709    115.399089075692    0.071402262117495
97.9999999999987    1627.76297262912    116.212447986333    0.0713939621065528
98.0999999999987    1639.42502574435    117.031440833872    0.0713856620437617
98.1999999999987    1651.16926079589    117.856105934087    0.0713773619291325
98.2999999999987    1662.99624693117    118.686481858329    0.0713690617626762
98.3999999999987    1674.90655716756    119.522607435193    0.0713607615444039
98.4999999999987    1686.90076841821    120.364521752191    0.0713524612743262
98.5999999999987    1698.979461518    121.212264157454    0.0713441609524541
98.6999999999987    1711.1432212497    122.065874261425    0.0713358605787987
98.7999999999987    1723.39263637028    122.925391938577    0.0713275601533706
98.8999999999987    1735.72829963741    123.790857329137    0.0713192596761809
98.9999999999986    1748.15080783611    124.662310840816    0.0713109591472403
99.0999999999986    1760.66076180558    125.539793150562    0.07130265856656
99.1999999999986    1773.25876646622    126.423345206313    0.0712943579341507
99.2999999999986    1785.94543084684    127.313008228766    0.0712860572500236
99.3999999999986    1798.72136811198    128.208823713155    0.0712777565141896
99.4999999999986    1811.58719558947    129.110833431047    0.0712694557266595
99.5999999999986    1824.54353479819    130.019079432139    0.0712611548874443
99.6999999999986    1837.5910114759    130.933604046074    0.071252853996555
99.7999999999986    1850.7302556074    131.854449884269    0.0712445530540025
99.8999999999986    1863.96190145275    132.781659841748    0.0712362520597977
99.9999999999986    1877.28658757575    133.715277098994    0.0712279510139517
100.099999999999    1890.70495687255    134.655345123808    0.0712196499164754
100.199999999999    1904.21765660051    135.601907673182    0.0712113487673798
100.299999999999    1917.82533840719    136.555008795183    0.0712030475666757
100.399999999999    1931.52865835955    137.514692830851    0.0711947463143741
100.499999999999    1945.32827697336    138.481004416108    0.071186445010486
100.599999999999    1959.22485924277    139.453988483673    0.0711781436550224
100.699999999999    1973.21907467009    140.433690265003    0.071169842247994
100.799999999999    1987.31159729577    141.420155292234    0.0711615407894119
100.899999999999    2001.50310572854    142.413429400139    0.0711532392792873
100.999999999999    2015.7942831758    143.413558728098    0.0711449377176308
101.099999999999    2030.18581747416    144.420589722082    0.0711366361044537
101.199999999999    2044.67840112021    145.434569136646    0.0711283344397667
101.299999999999    2059.27273130149    146.45554403694    0.0711200327235809
101.399999999999    2073.9695099276    147.483561800727    0.0711117309559074
101.499999999999    2088.76944366163    148.518670120418    0.0711034291367569
101.599999999999    2103.67324395169    149.56091700512    0.0710951272661407
101.699999999998    2118.68162706266    150.610350782692    0.0710868253440695
101.799999999998    2133.79531410822    151.667020101821    0.0710785233705545
101.899999999998    2149.01503108302    152.730973934106    0.0710702213456067
101.999999999998    2164.34150889505    153.802261576158    0.071061919269237
102.099999999998    2179.77548339825    154.880932651713    0.0710536171414565
102.199999999998    2195.31769542539    155.967037113755    0.071045314962276
102.299999999998    2210.968890821    157.060625246659    0.0710370127317067
102.399999999998    2226.72982047472    158.161747668344    0.0710287104497594
102.499999999998    2242.60124035467    159.270455332435    0.0710204081164453
102.599999999998    2258.58391154121    160.386799530451    0.0710121057317752
102.699999999998    2274.67860026076    161.51083189399    0.0710038032957601
102.799999999998    2290.88607792    162.642604396947    0.070995500808411
102.899999999998    2307.20712114015    163.78216935773    0.070987198269739
102.999999999998    2323.64251179155    164.929579441497    0.0709788956797553
103.099999999998    2340.19303702845    166.084887662409    0.0709705930384707
103.199999999998    2356.85948932403    167.248147385892    0.0709622903458961
103.299999999998    2373.64266650563    168.41941233092    0.0709539876020427
103.399999999998    2390.54337179022    169.598736572304    0.0709456848069215
103.499999999998    2407.56241382009    170.786174543004    0.0709373819605436
103.599999999998    2424.70060669882    171.98178103645    0.0709290790629198
103.699999999998    2441.95877002738    173.185611208881    0.0709207761140614
103.799999999998    2459.33772894059    174.397720581695    0.0709124731139793
103.899999999998    2476.83831414372    175.618165043819    0.0709041700626845
103.999999999998    2494.46136194936    176.847000854091    0.0708958669601881
104.099999999998    2512.20771431454    178.084284643656    0.0708875638065011
104.199999999998    2530.07821887809    179.330073418379    0.0708792606016345
104.299999999998    2548.07372899821    180.584424561275    0.0708709573455994
104.399999999998    2566.19510379034    181.847395834948    0.0708626540384067
104.499999999998    2584.4432081652    183.119045384056    0.0708543506800676
104.599999999998    2602.81891286715    184.39943173778    0.0708460472705929
104.699999999998    2621.32309451276    185.688613812315    0.0708377438099939
104.799999999998    2639.95663562962    186.98665091338    0.0708294402982816
104.899999999998    2658.72042469544    188.293602738734    0.070821136735467
104.999999999998    2677.61535617736    189.609529380718    0.0708128331215612
105.099999999998    2696.64233057158    190.934491328803    0.0708045294565753
105.199999999998    2715.80225444313    192.268549472169    0.0707962257405201
105.299999999998    2735.09604046601    193.611765102282    0.0707879219734069
105.399999999998    2754.52460746358    194.964199915503    0.0707796181552466
105.499999999998    2774.08888044911    196.325916015702    0.0707713142860504
105.599999999998    2793.78979066672    197.696975916898    0.0707630103658294
105.699999999998    2813.62827563249    199.077442545906    0.0707547063945946
105.799999999998    2833.6052791759    200.467379245014    0.070746402372357
105.899999999998    2853.7217514815    201.866849774658    0.0707380982991279
105.999999999998    2873.97864913084    203.275918316133    0.0707297941749181
106.099999999998    2894.37693514472    204.694649474312    0.0707214899997388
106.199999999998    2914.9175790257    206.12310828038    0.070713185773601
106.299999999998    2935.6015568008    207.561360194588    0.0707048814965159
106.399999999998    2956.42985106462    209.00947110903    0.0706965771684945
106.499999999998    2977.40345102261    210.467507350427    0.0706882727895478
106.599999999998    2998.5233525347    211.935535682935    0.0706799683596871
106.699999999998    3019.79055815919    213.413623310972    0.0706716638789232
106.799999999998    3041.20607719689    214.901837882058    0.0706633593472675
106.899999999998    3062.7709257356    216.400247489675    0.0706550547647309
106.999999999998    3084.48612669483    217.908920676147    0.0706467501313246
107.099999999998    3106.35270987083    219.427926435536    0.0706384454470596
107.199999999998    3128.37171198194    220.957334216559    0.070630140711947
107.299999999998    3150.54417671415    222.497213925515    0.070621835925998
107.399999999998    3172.87115476704    224.047635929243    0.0706135310892235
107.499999999998    3195.35370389999    225.608671058091    0.0706052262016348
107.599999999998    3217.99288897866    227.180390608902    0.070596921263243
107.699999999998    3240.78978202177    228.762866348026    0.0705886162740591
107.799999999998    3263.74546224826    230.356170514345    0.0705803112340943
107.899999999998    3286.86101612464    231.960375822318    0.0705720061433598
107.999999999998    3310.13753741273    233.575555465046    0.0705637010018664
108.099999999998    3333.57612721765    235.20178311736    0.0705553958096255
108.199999999998    3357.1778940362    236.839132938921    0.0705470905666482
108.299999999998    3380.94395380544    238.487679577345    0.0705387852729455
108.399999999998    3404.87542995167    240.147498171346    0.0705304799285284
108.499999999998    3428.97345343971    241.818664353899    0.0705221745334083
108.599999999998    3453.23916282245    243.501254255422    0.0705138690875962
108.699999999998    3477.67370429079    245.195344506982    0.0705055635911032
108.799999999998    3502.27823172384    246.901012243511    0.0704972580439404
108.899999999998    3527.05390673949    248.618335107059    0.0704889524461191
108.999999999998    3552.00189874526    250.347391250047    0.0704806467976502
109.099999999998    3577.1233849895    252.088259338562    0.0704723410985449
109.199999999998    3602.41955061297    253.841018555653    0.0704640353488145
109.299999999998    3627.89158870063    255.605748604661    0.0704557295484701
109.399999999998    3653.5407003339    257.382529712566    0.0704474236975227
109.499999999998    3679.36809464315    259.171442633352    0.0704391177959835
109.599999999998    3705.37498886057    260.972568651398    0.0704308118438638
109.699999999998    3731.56260837343    262.785989584886    0.0704225058411746
109.799999999998    3757.93218677755    264.611787789236    0.0704141997879271
109.899999999998    3784.48496593127    266.450046160555    0.0704058936841325
109.999999999998    3811.22219600966    268.300848139114    0.0703975875298018
110.099999999998    3838.1451355591    270.164277712843    0.0703892813249463
110.199999999998    3865.25505155223    272.040419420854    0.070380975069577
110.299999999998    3892.55321944327    273.929358356975    0.0703726687637052
110.399999999998    3920.04092322362    275.831180173318    0.0703643624073419
110.499999999998    3947.71945547793    277.745971083862    0.0703560560004984
110.599999999998    3975.5901174404    279.673817868062    0.0703477495431858
110.699999999998    4003.65421905154    281.614807874476    0.0703394430354153
110.799999999998    4031.91307901529    283.569029024425    0.0703311364771981
110.899999999998    4060.36802485643    285.536569815661    0.0703228298685455
110.999999999998    4089.02039297842    287.517519326071    0.0703145232094684
111.099999999998    4117.87152872164    289.5119672174    0.0703062164999781
111.199999999998    4146.9227864219    291.520003738992    0.0702979097400858
111.299999999998    4176.17552946944    293.541719731565    0.0702896029298027
111.399999999998    4205.63113036822    295.577206631001    0.07028129606914
111.499999999998    4235.29097079564    297.626556472158    0.0702729891581089
111.599999999998    4265.15644166265    299.68986189272    0.0702646821967203
111.699999999998    4295.22894317418    301.767216137055    0.0702563751849856
111.799999999998    4325.50988489006    303.858713060104    0.0702480681229161
111.899999999998    4356.0006857862    305.964447131297    0.070239761010523
111.999999999998    4386.70277431632    308.084513438489    0.0702314538478174
112.099999999998    4417.6175884739    310.21900769192    0.0702231466348104
112.199999999998    4448.7465758547    312.368026228207    0.0702148393715132
112.299999999998    4480.09119371954    314.531666014353    0.0702065320579371
112.399999999998    4511.65290905757    316.710024651783    0.0701982246940934
112.499999999998    4543.4331986499    318.903200380411    0.070189917279993
112.599999999998    4575.43354913366    321.111292082721    0.0701816098156474
112.699999999998    4607.65545706644    323.334399287888    0.0701733023010677
112.799999999998    4640.10042899123    325.572622175911    0.0701649947362651
112.899999999998    4672.76998150163    327.826061581783    0.0701566871212508
112.999999999998    4705.66564130759    330.094818999676    0.070148379456036
113.099999999998    4738.78894530156    332.378996587166    0.070140071740632
113.199999999998    4772.14144062502    334.67869716947    0.0701317639750501
113.299999999998    4805.72468473546    336.994024243719    0.0701234561593014
113.399999999998    4839.54024547377    339.325081983257    0.0701151482933972
113.499999999998    4873.58970113211    341.671975241959    0.0701068403773487
113.599999999998    4907.87464052216    344.034809558587    0.070098532411167
113.699999999998    4942.39666304383    346.413691161166    0.0700902243948634
113.799999999998    4977.15737875439    348.808726971388    0.0700819163284491
113.899999999998    5012.1584084381    351.220024609049    0.0700736082119354
113.999999999998    5047.4013836762    353.647692396504    0.0700653000453335
114.099999999998    5082.8879469174    356.091839363159    0.0700569918286545
114.199999999998    5118.61975154883    358.552575249986    0.0700486835619099
114.299999999998    5154.5984619674    361.030010514068    0.0700403752451109
114.399999999998    5190.82575365165    363.524256333172    0.0700320668782687
114.499999999998    5227.30331323404    366.035424610347    0.0700237584613944
114.599999999998    5264.03283857372    368.563627978561    0.0700154499944994
114.699999999998    5301.01603882975    371.108979805354    0.070007141477595
114.799999999998    5338.25463453479    373.671594197529    0.0699988329106923
114.899999999998    5375.75035766925    376.251586005869    0.0699905242938027
114.999999999998    5413.50495173596    378.84907082988    0.0699822156269375
115.099999999998    5451.52017183523    381.464165022574    0.0699739069101079
115.199999999998    5489.79778474048    384.096985695267    0.0699655981433249
115.299999999998    5528.33956897428    386.747650722425    0.0699572893265999
115.399999999998    5567.14731488496    389.416278746519    0.0699489804599443
115.499999999998    5606.22282472359    392.102989182932    0.0699406715433693
115.599999999998    5645.56791272155    394.807902224877    0.0699323625768861
115.699999999998    5685.18440516856    397.531138848361    0.0699240535605062
115.799999999998    5725.07414049122    400.272820817169    0.0699157444942407
115.899999999998    5765.238969332    403.033070687885    0.0699074353781008
115.999999999998    5805.6807546288    405.812011814946    0.0698991262120979
116.099999999998    5846.40137169499    408.60976835572    0.0698908169962433
116.199999999998    5887.40270829994    411.426465275621    0.0698825077305481
116.299999999998    5928.68666475011    414.262228353254    0.0698741984150237
116.399999999998    5970.25515397059    417.117184185598    0.0698658890496813
116.499999999998    6012.11010158723    419.991460193206    0.0698575796345324
116.599999999998    6054.25344600923    422.885184625459    0.0698492701695882
116.699999999998    6096.68713851232    425.79848656583    0.06984096065486
116.799999999998    6139.4131433224    428.731495937198    0.0698326510903591
116.899999999998    6182.43343769976    431.684343507187    0.0698243414760967
116.999999999998    6225.75001202384    434.65716089354    0.0698160318120842
117.099999999998    6269.36486987847    437.650080569526    0.0698077220983327
117.199999999998    6313.28002813774    440.663235869384    0.0697994123348539
117.299999999998    6357.49751705235    443.696760993791    0.0697911025216587
117.399999999998    6402.0193803365    446.750791015376    0.0697827926587586
117.499999999998    6446.84767525542    449.825461884262    0.0697744827461648
117.599999999998    6491.98447271335    452.920910433643    0.0697661727838887
117.699999999998    6537.43185734215    456.037274385394    0.0697578627719417
117.799999999998    6583.19192759043    459.17469235572    0.0697495527103348
117.899999999998    6629.2667958133    462.333303860838    0.0697412425990796
117.999999999998    6675.6585883626    465.513249322694    0.0697329324381874
118.099999999998    6722.36944567783    468.714670074715    0.0697246222276694
118.199999999998    6769.40152237754    471.937708367593    0.069716311967537
118.299999999998    6816.75698735135    475.182507375118    0.0697080016578015
118.399999999998    6864.43802385257    478.449211200033    0.0696996912984743
118.499999999998    6912.44682959136    481.737964879929    0.0696913808895666
118.599999999998    6960.78561682855    485.048914393181    0.0696830704310899
118.699999999998    7009.45661247    488.38220666492    0.0696747599230553
118.799999999998    7058.46205816154    491.737989573033    0.0696664493654744
118.899999999998    7107.8042103846    495.116411954215    0.0696581387583584
118.999999999998    7157.48534055238    498.517623610044    0.0696498281017186
119.099999999998    7207.50773510661    501.941775313107    0.0696415173955664
119.199999999998    7257.873695615    505.389018813149    0.0696332066399131
119.299999999997    7308.58553886924    508.859506843278    0.0696248958347701
119.399999999997    7359.64559698366    512.35339312619    0.0696165849801488
119.499999999997    7411.05621749448    515.870832380447    0.0696082740760604
119.599999999997    7462.81976345975    519.411980326784    0.0695999631225163
119.699999999997    7514.93861355984    522.976993694463    0.0695916521195279
119.799999999997    7567.41516219864    526.56603022766    0.0695833410671064
119.899999999997    7620.25181960537    530.179248691896    0.0695750299652634
