0    1    0.101630722632874    0.101630722632874
0.1    1.01021406406378    0.102656206167315    0.101618270640939
0.2    1.02053124123346    0.103692395162492    0.101606291873206
0.3    1.03095254309627    0.104738777677489    0.101594179459441
0.4    1.04147899676896    0.105795800152445    0.101582269523112
0.5    1.05211170312676    0.106863604599014    0.101570588257337
0.6    1.06285171768876    0.107942137193507    0.1015589808033
0.7    1.07370013056546    0.109031593520556    0.101547527486221
0.8    1.08465803639288    0.110132048851985    0.101536194041616
0.9    1.09572654033586    0.111243623957816    0.101524988090293
1    1.10690676118444    0.11236644441376    0.10151392001032
1.1    1.11819982921861    0.113500583628806    0.101502952033286
1.2    1.1296068779102    0.114646159143619    0.101492086659137
1.3    1.14112906104734    0.11580332118876    0.101481353110466
1.4    1.15276754214795    0.116972146158977    0.101470714504178
1.5    1.16452349027913    0.11815275236646    0.101460170922048
1.6    1.17639809262124    0.119345271159129    0.10144973194678
1.7    1.18839254451096    0.120549804516712    0.101439381350478
1.8    1.20050805352459    0.121766481194137    0.101429124808152
1.9    1.21274584074979    0.122995419782904    0.101418958243436
2    1.22510713748117    0.12423673116567    0.101408870591598
2.1    1.23759318698292    0.125490540722707    0.101398861954497
2.2    1.25020524562571    0.12675698135312    0.101388937373783
2.3    1.26294458325354    0.128036172003895    0.101379089551225
2.4    1.27581248002649    0.129328228271207    0.10136930802599
2.5    1.28881022890779    0.13063328772823    0.101359598797518
2.6    1.30193913757213    0.131951479554868    0.101349960030338
2.7    1.31520052481876    0.133282924859791    0.101340382964156
2.8    1.32859572254409    0.134627761095982    0.101330870490978
2.9    1.34212607703796    0.135986120198913    0.101321420189549
3    1.35579294658387    0.137358128812999    0.101312024936472
3.1    1.36959770280056    0.138743926117705    0.101302686061755
3.2    1.38354173180742    0.140143651604834    0.101293404010123
3.3    1.39762643312152    0.14155743934789    0.10128417436391
3.4    1.41185321967699    0.142985425705208    0.101274993542119
3.5    1.42622351826256    0.144427751779729    0.101265860456201
3.6    1.44073877003294    0.145884562417589    0.101256775657015
3.7    1.45540043074608    0.147356000140887    0.101247737068037
3.8    1.47020997006112    0.148842205687524    0.101238740532644
3.9    1.48516887188359    0.150343326582136    0.101229785668388
4    1.50027863537754    0.151859512861354    0.101220872763504
4.1    1.51554077445586    0.153390910218481    0.101211998254257
4.2    1.53095681742124    0.154937667718752    0.101203159981828
4.3    1.54652830799961    0.156499940927271    0.101194359080112
4.4    1.56225680560669    0.158077883377673    0.101185594334015
4.5    1.57814388467514    0.159671646460908    0.101176862269296
4.6    1.59419113489888    0.16128138649462    0.101168161686491
4.7    1.61040016197407    0.162907263714902    0.101159492877352
4.8    1.62677258764186    0.164549437876632    0.101150854843921
4.9    1.64331004954939    0.166208069118512    0.101142245898203
5    1.66001420146556    0.16788331975823    0.101133664766249
5.1    1.67688671350104    0.169575354051629    0.101125110412251
5.2    1.69392927227588    0.17128433832977    0.101116582098874
5.3    1.71114358116699    0.173010440722453    0.101108079197224
5.4    1.72853136042038    0.174753830020912    0.101099600517755
5.5    1.74609434717118    0.176514676430461    0.101091144769141
5.6    1.76383429570647    0.178293153236441    0.101082711494182
5.7    1.78175297781846    0.180089435783463    0.101074300436394
5.8    1.79985218286316    0.181903699489455    0.10106591042387
5.9    1.81813371771635    0.183736120871189    0.101057539982245
5.99999999999999    1.8365994070374    0.185586879833796    0.101049188583353
6.09999999999999    1.85525109368311    0.187456159140216    0.101040856290817
6.19999999999999    1.87409063886544    0.189344142187505    0.101032542536007
6.29999999999999    1.89311992212061    0.191251012890588    0.101024246090208
6.39999999999999    1.91234084144356    0.193176957474837    0.101015966028846
6.49999999999999    1.93175531361558    0.195122165126068    0.101007702036997
6.59999999999999    1.95136527446877    0.19708682694376    0.100999453829788
6.69999999999999    1.97117267900433    0.199071135228811    0.100991220784048
6.79999999999999    1.99117950151453    0.201075283947711    0.100983002182761
6.89999999999999    2.01138773579388    0.203099469277598    0.100974797481022
6.99999999999999    2.03179939537005    0.205143889517618    0.100966606243258
7.09999999999999    2.0524165136974    0.20720874485976    0.10095842801736
7.19999999999999    2.07324114434201    0.209294237430357    0.100950262347211
7.29999999999999    2.09427536118347    0.211400571345462    0.100942108790317
7.39999999999999    2.1155212586111    0.213527952626347    0.100933966868541
7.49999999999999    2.13698095170874    0.215676589254218    0.100925836087477
7.59999999999999    2.15865657646194    0.217846691443776    0.100917716055061
7.69999999999999    2.1805502899975    0.2200384717493    0.100909606514763
7.79999999999999    2.2026642708118    0.222252144778628    0.10090150719915
7.89999999999999    2.22500071895322    0.224487926885959    0.100893417684634
7.99999999999999    2.24756185618899    0.226746036306614    0.100885337452331
8.09999999999999    2.27034992621454    0.229026693617525    0.100877266087079
8.19999999999999    2.2933671949125    0.231330121977613    0.100869203366467
8.29999999999999    2.31661595061007    0.233656546894106    0.100861149139793
8.39999999999999    2.34009850429132    0.236006195845385    0.100853103154671
8.49999999999999    2.36381718977914    0.238379298219491    0.100845065028808
8.59999999999999    2.38777436393522    0.240776085610031    0.100837034372551
8.69999999999999    2.41197240690115    0.243196792115163    0.100829010903826
8.79999999999998    2.43641372235825    0.245641654350857    0.100820994438127
8.89999999999998    2.46110073777132    0.248110911251508    0.100812984793214
8.99999999999998    2.48603590460855    0.250604803934116    0.100804981725948
9.09999999999998    2.51122169855814    0.253123575769498    0.100796984955503
9.19999999999998    2.53666061976245    0.255667472558036    0.100788994225794
9.29999999999998    2.56235519306975    0.258236742630453    0.10078100933426
9.39999999999998    2.58830796828854    0.260831636818239    0.100773030108433
9.49999999999998    2.6145215204334    0.263452408382964    0.100765056368437
9.59999999999998    2.64099844996514    0.266099313008127    0.10075708791561
9.69999999999998    2.66774138303502    0.268772608864185    0.1007491245491
9.79999999999998    2.69475297173797    0.271472556681245    0.100741166084014
9.89999999999998    2.72203589437127    0.274199419776829    0.100733212351765
9.99999999999998    2.74959285569334    0.276953464050449    0.100725263188325
10.1    2.77742658718136    0.279734957992116    0.100717318428208
10.2    2.80553984729176    0.282544172727294    0.100709377911719
10.3    2.83393542172682    0.28538138207405    0.100701441495853
10.4    2.86261612370657    0.288246862573045    0.100693509054863
10.5    2.89158479424143    0.291140893479956    0.100685580467763
10.6    2.92084430240256    0.294063756749398    0.100677655603729
10.7    2.95039754559131    0.297015737049359    0.100669734318746
10.8    2.98024744981243    0.299997121818562    0.100661816466764
10.9    3.01039696995502    0.303008201342588    0.10065390191617
11    3.04084909008095    0.306049268810226    0.100645990558538
11.1    3.07160682371707    0.309120620328925    0.100638082303401
11.2    3.10267321414674    0.312222554910385    0.1006301770637
11.3    3.13405133469915    0.315355374458268    0.100622274742842
11.4    3.16574428903839    0.318519383785596    0.100614375231914
11.5    3.19775521145626    0.321714890666283    0.100606478417644
11.6    3.23008726717165    0.324942205902126    0.100598584194493
11.7    3.26274365263669    0.328201643379233    0.100590692472578
11.8    3.29572759584749    0.331493520098355    0.100582803177067
11.9    3.32904235665636    0.334818156182172    0.100574916240615
12    3.36269122708393    0.338175874876089    0.100567031594319
12.1    3.39667753163158    0.341567002560346    0.100559149162528
12.2    3.431004627596    0.344991868781789    0.100551268863637
12.3    3.46567590538794    0.348450806301326    0.100543390615263
12.4    3.50069478885626    0.351944151145502    0.100535514340137
12.5    3.53606473561704    0.355472242651025    0.10052763996952
12.6    3.57178923738647    0.359035423497301    0.100519767442945
12.7    3.6078718203165    0.362634039729453    0.100511896705255
12.8    3.64431604533236    0.366268440778594    0.100504027703006
12.9    3.68112550847221    0.369938979485933    0.100496160382065
13    3.71830384122954    0.373646012133846    0.100488294687153
13.1    3.75585471089898    0.377389898482852    0.100480430562907
13.2    3.79378182092611    0.381171001811039    0.100472567955421
13.3    3.83208891126119    0.384989688952393    0.10046470681331
13.4    3.87077975871659    0.388846330332394    0.100456847087916
13.5    3.90985817732767    0.392741300001375    0.100448988732836
13.6    3.94932801871687    0.396674975667449    0.100441131703294
13.7    3.98919317246116    0.400647738730725    0.100433275955785
13.8    4.02945756646301    0.404659974319517    0.100425421448158
13.9    4.07012516732506    0.408712071328032    0.10041756813996
14    4.11119998072862    0.412804422454364    0.100409715992751
14.1    4.15268605181594    0.416937424237693    0.100401864970112
14.2    4.19458746557616    0.421111477094289    0.100394015037292
14.3    4.23690834723479    0.425326985352751    0.100386166160601
14.4    4.27965286264671    0.429584357289447    0.10037831830682
14.5    4.32282521869268    0.433884005165189    0.100370471442841
14.6    4.36642966367975    0.438226345263746    0.100362625535673
14.7    4.41047048774543    0.442611797932163    0.10035478055277
14.8    4.45495202326618    0.447040787622278    0.100346936462523
14.9    4.49987864526989    0.451513742932553    0.100339093234696
15    4.54525477185269    0.456031096649388    0.100331250840644
15.1    4.59108486459977    0.460593285787491    0.100323409253217
15.2    4.63737342901019    0.46520075162934    0.10031556844639
15.3    4.68412501492563    0.469853939764206    0.100307728394748
15.4    4.73134421696303    0.474553300127395    0.100299889072963
15.5    4.77903567495111    0.479299287040349    0.100292050455399
15.6    4.8272040743711    0.484092359251975    0.100284212515926
15.7    4.87585414680151    0.488932979981268    0.100276375227918
15.8    4.92499067036735    0.493821616960979    0.100268538564388
15.9    4.9746184701937    0.49875874248188    0.100260702498147
16    5.02474241886373    0.503744833437144    0.100252867001899
16.1    5.07536743688113    0.508780371366462    0.100245032048185
16.2    5.12649849313702    0.513865842499687    0.10023719760917
16.3    5.17814060538107    0.519001737800015    0.100229363656266
16.4    5.23029884069702    0.524188553006863    0.100221530159643
16.5    5.28297831598244    0.529426788678731    0.100213697087696
16.6    5.33618419843277    0.534716950236303    0.100205864406508
16.7    5.3899217060297    0.540059548006013    0.100198032079362
16.8    5.44419610803397    0.545455097264229    0.100190200066325
16.9    5.49901272548255    0.550904118282091    0.100182368323897
17    5.55437693169039    0.556407136370996    0.100174536804736
17.1    5.61029415275675    0.561964681928745    0.100166705457433
17.2    5.66676986807614    0.567577290486373    0.100158874226362
17.3    5.72380961085402    0.573245502755825    0.100151043051604
17.4    5.7814189686273    0.578969864678755    0.10014321186901
17.5    5.83960358378977    0.584750927476861    0.100135380610437
17.6    5.89836915412268    0.590589247704307    0.10012754920426
17.7    5.95772143333063    0.596485387302837    0.100119717576217
17.8    6.01766623158324    0.602439913660222    0.10011188565068
17.9    6.07820941606268    0.608453399672556    0.100104053352393
18    6.13935691151775    0.614526423810723    0.100096220608683
18.1    6.20111470082482    0.62065957019102    0.10008838735211
18.2    6.26348882555596    0.626853428649429    0.100080553523425
18.3    6.32648538655471    0.633108594818514    0.100072719074642
18.4    6.39011054451966    0.639425670205278    0.100064883971948
18.5    6.45437052059577    0.645805262267791    0.100057048198122
18.6    6.51927159697322    0.652247984488059    0.100049211754099
18.7    6.58482011749338    0.658754456438522    0.100041374659341
18.8    6.65102248826092    0.665325303839975    0.100033536950789
18.9    6.71788517826137    0.671961158609467    0.100025698680276
19    6.78541471998282    0.678662658898032    0.100017859910521
19.1    6.85361771004098    0.685430449119543    0.100010020709989
19.2    6.92250080980673    0.6922651799735    0.100002181147138
19.3    6.99207074603568    0.69916750846577    0.0999943412846873
19.4    7.06233431149988    0.706138097932028    0.0999865011745755
19.5    7.13329836562208    0.71317761806859    0.0999786608542338
19.6    7.2049698351136    0.720286744974629    0.0999708203446313
19.7    7.27735571461701    0.727466161208335    0.099962979650311
19.8    7.35046306735527    0.73471655585778    0.0999551387613644
19.9    7.42429902578857    0.742038624625308    0.0999472976570327
20    7.49887079228033    0.749433069922477    0.0999394563104056
20.1    7.57418563977306    0.756900600971279    0.0999316146935577
20.2    7.65025091247458    0.764441933906721    0.0999237727824343
20.3    7.72707402655441    0.772057791875949    0.0999159305608747
20.4    7.80466247084977    0.779748905129908    0.0999080880233132
20.5    7.88302380758039    0.787516011104877    0.0999002451759177
20.6    7.96216567307075    0.795359854492769    0.0998924020361441
20.7    8.04209577847894    0.803281187300747    0.0998845586308943
20.8    8.1228219105309    0.81128076890197    0.099876714993613
20.9    8.20435193225934    0.819359366080224    0.0998688711607458
21    8.28669378374694    0.827517753071645    0.0998610271679994
21.1    8.36985548287366    0.835756711606758    0.0998531830468133
21.2    8.45384512606829    0.844077030955766    0.0998453388213807
21.3    8.53867088906482    0.85247950797959    0.099837494506473
21.4    8.62434102766421    0.86096494718858    0.0998296501062367
21.5    8.71086387850253    0.869534160810256    0.0998218056140415
21.6    8.79824785982626    0.878187968866742    0.0998139610133788
21.7    8.88650147227588    0.886927199261858    0.0998061162797187
21.8    8.97563329967863    0.895752687877021    0.0997982713831561
21.9    9.06565200985128    0.904665278674297    0.099790426291593
22    9.15656635541349    0.913665823804186    0.0997825809741458
22.1    9.24838517461212    0.922755183715054    0.0997747354044166
22.2    9.3411173921565    0.931934227260659    0.0997668895632529
22.3    9.43477202006425    0.941203831802073    0.0997590434406345
22.4    9.52935815851692    0.950564883300586    0.0997511970363936
22.5    9.62488499672437    0.960018276399004    0.0997433503595863
22.6000000000001    9.72136181379672    0.969564914490214    0.0997355034265047
22.7000000000001    9.81879797962241    0.979205709773763    0.0997276562575146
22.8000000000001    9.91720295575147    0.988941583303345    0.0997198088731067
22.9000000000001    10.0165862962831    0.998773465029948    0.099711961289703
23.0000000000001    10.1169576487575    1.00870229384677    0.0997041135158508
23.1000000000001    10.2183267550524    1.01872901764235    0.0996962655494101
23.2000000000001    10.3207034522859    1.02885459336768    0.0996884173762208
23.3000000000001    10.424097673726    1.03907998712128    0.0996805689705203
23.4000000000001    10.5285194497102    1.04940617425368    0.099672720297113
23.5000000000001    10.6339789085767    1.05983413948991    0.0996648713150179
23.6000000000001    10.7404862776082    1.07036487706588    0.0996570219820849
23.7000000000001    10.8480518839899    1.08099939087227    0.0996491722599209
23.8000000000001    10.9566861557826    1.09173869459873    0.0996413221184168
23.9000000000001    11.0663996229096    1.10258381187095    0.0996334715392334
24.0000000000001    11.1772029181568    1.1135357763742    0.0996256205177521
24.1000000000001    11.2891067781845    1.12459563195919    0.0996177690632178
24.2000000000001    11.4021220445486    1.13576443272825    0.0996099171970593
24.3000000000001    11.5162596647301    1.14704324310326    0.099602064949631
24.4000000000001    11.6315306931693    1.15843313787922    0.0995942123558611
24.5000000000001    11.747946292306    1.16993520227018    0.0995863594504514
24.6000000000001    11.8655177336233    1.18155053195548    0.0995785062633481
24.7000000000001    11.9842563986971    1.19328023313454    0.0995706528161624
24.8000000000001    12.1041737802502    1.20512542259732    0.0995627991200571
24.9000000000001    12.2252814832165    1.21708722781531    0.0995549451753879
25.0000000000001    12.3475912258133    1.22916678705462    0.0995470909730942
25.1000000000001    12.4711148406274    1.24136524950942    0.0995392364975579
25.2000000000001    12.5958642757152    1.25368377545064    0.0995313817304096
25.3000000000001    12.7218515957176    1.2661235363826    0.0995235266546265
25.4000000000001    12.8490889829917    1.27868571519917    0.0995156712582319
25.5000000000001    12.9775887387574    1.2913715063312    0.0995078155369905
25.6000000000001    13.1073632842579    1.30418211587861    0.0994999594956635
25.7000000000001    13.2384251619331    1.31711876172316    0.0994921031476244
25.8000000000001    13.3707870366026    1.33018267362088    0.0994842465129014
25.9000000000001    13.5044616966573    1.34337509327718    0.0994763896149743
26.0000000000001    13.639462055258    1.35669727441039    0.0994685324768645
26.1000000000001    13.7758011515394    1.37015048281221    0.0994606751171859
26.2000000000001    13.9134921518205    1.38373599641426    0.0994528175468308
26.3000000000001    14.0525483508222    1.39745510536956    0.0994449597668732
26.4000000000001    14.1929831728944    1.41130911215545    0.0994371017680595
26.5000000000001    14.3348101732533    1.42529933170117    0.0994292435319842
26.6000000000001    14.4780430392346    1.43942709153908    0.0994213850337591
26.7000000000001    14.6226955915611    1.45369373197486    0.0994135262457212
26.8000000000001    14.7687817856296    1.46810060626841    0.099405667141545
26.9000000000001    14.9163157128148    1.48264908081567    0.0993978077000546
27.0000000000001    15.0653116017927    1.49734053532138    0.0993899479080936
27.1000000000001    15.2157838198791    1.51217636295448    0.0993820877619758
27.2000000000001    15.3677468743836    1.52715797048135    0.0993742272673012
27.3000000000001    15.5212154139754    1.54228677837602    0.0993663664372145
27.4000000000001    15.6762042300588    1.55756422091106    0.0993585052894671
27.5000000000001    15.8327282581576    1.57299174623696    0.0993506438428572
27.6000000000001    15.9908025793062    1.58857081645968    0.0993427821137297
27.7000000000001    16.1504424214495    1.60430290772742    0.0993349201131932
27.8000000000001    16.3116631608517    1.62018951033517    0.0993270578455577
27.9000000000001    16.4744803235166    1.63623212885314    0.0993191953082427
28.0000000000001    16.6389095866223    1.65243228227981    0.0993113324931078
28.1000000000001    16.8049667799725    1.66879150421607    0.0993034693888755
28.2000000000001    16.9726678874655    1.68531134305297    0.0992956059841119
28.3000000000001    17.1420290485831    1.7019933621629    0.0992877422701355
28.4000000000001    17.3130665598981    1.71883914008434    0.0992798782432713
28.5000000000001    17.4857968766    1.73585027069136    0.0992720139060019
28.6000000000001    17.6602366140364    1.75302836334281    0.0992641492668057
28.7000000000001    17.8364025492685    1.77037504301027    0.0992562843387315
28.8000000000001    18.0143116226384    1.78789195038825    0.0992484191370056
28.9000000000001    18.1939809393462    1.80558074199424    0.0992405536761613
29.0000000000001    18.3754277710373    1.82344309026835    0.0992326879672648
29.1000000000001    18.5586695573999    1.84148068368291    0.0992248220157924
29.2000000000001    18.7437239077739    1.85969522687073    0.0992169558205788
29.3000000000001    18.930608602774    1.87808844077753    0.0992090893740378
29.4000000000001    19.1193415959294    1.89666206283927    0.0992012226636028
29.5000000000001    19.3099410153419    1.91541784718054    0.0991933556740918
29.6000000000002    19.5024251653655    1.93435756482612    0.0991854883905086
29.7000000000002    19.6968125283071    1.95348300391523    0.099177620800716
29.8000000000002    19.8931217661485    1.97279596990768    0.0991697528974426
29.9000000000002    20.0913717222886    1.99229828577322    0.0991618846792349
30.0000000000002    20.2915814233032    2.01199179215925    0.0991540161501974
30.1000000000002    20.4937700807205    2.0318783475371    0.0991461473186229
30.2000000000002    20.6979570928106    2.05195982833219    0.0991382781948531
30.3000000000002    20.9041620463869    2.07223812904705    0.0991304087888669
30.4000000000002    21.11240471862    2.09271516238815    0.0991225391081332
30.5000000000002    21.3227050788645    2.1133928594067    0.0991146691561914
30.6000000000002    21.5350832905013    2.13427316966062    0.0991067989322336
30.7000000000002    21.7495597127967    2.15535806140013    0.0990989284317328
30.8000000000002    21.9661549027814    2.17664952177467    0.0990910576479209
30.9000000000002    22.1848896171516    2.19814955705405    0.0990831865737396
31.0000000000002    22.4057848141922    2.21986019285453    0.0990753152037965
31.1000000000002    22.6288616557225    2.2417834743594    0.0990674435358745
31.2000000000002    22.8541415090641    2.26392146652594    0.0990595715716586
31.3000000000002    23.0816459490277    2.28627625427363    0.0990516993165273
31.4000000000002    23.3113967599188    2.30884994265366    0.0990438267784735
31.5000000000002    23.5434159375584    2.33164465700412    0.0990359539664117
31.6000000000002    23.7777256913196    2.35466254309899    0.0990280808882657
31.7000000000002    24.0143484461782    2.37790576730112    0.0990202075492727
31.8000000000002    24.2533068447798    2.40137651672864    0.0990123339508856
31.9000000000002    24.4946237495239    2.42507699944199    0.0990044600905178
32.0000000000002    24.7383222446682    2.44900944465431    0.0989965859621761
32.1000000000002    24.9844256384548    2.47317610296288    0.0989887115578229
32.2000000000002    25.2329574652608    2.49757924659499    0.0989808368691426
32.3000000000002    25.4839414877738    2.52222116965848    0.0989729618892956
32.4000000000002    25.7374016991925    2.54710418838656    0.0989650866142589
32.5000000000002    25.9933623254511    2.57223064136867    0.0989572110434554
32.6000000000002    26.2518478274662    2.5976028897628    0.0989493351795613
32.7000000000002    26.5128829034037    2.62322331748995    0.0989414590275729
32.8000000000002    26.7764924909642    2.64909433141623    0.0989335825933951
32.9000000000002    27.0427017696869    2.67521836153138    0.0989257058823213
33.0000000000002    27.3115361632705    2.70159786113386    0.0989178288977776
33.1000000000002    27.5830213419137    2.7282353070312    0.0989099516406318
33.2000000000002    27.8571832246767    2.75513319976078    0.0989020741092086
33.3000000000002    28.1340479818659    2.7822940638315    0.098894196299973
33.4000000000002    28.413642037443    2.80972044798197    0.0988863182086748
33.5000000000002    28.6959920714622    2.83741492544734    0.0988784398316415
33.6000000000002    28.9811250225325    2.86538009422528    0.0988705611668795
33.7000000000002    29.2690680903073    2.89361857733266    0.0988626822147067
33.8000000000002    29.559848737999    2.92213302304751    0.0988548029777677
33.9000000000002    29.8534946949168    2.95092610513507    0.0988469234604391
34.0000000000002    30.150033959026    2.98000052306152    0.0988390436677897
34.1000000000002    30.4494947995291    3.00935900220258    0.0988311636043669
34.2000000000002    30.7519057594666    3.03900429405602    0.0988232832731188
34.3000000000002    31.0572956583403    3.06893917646682    0.0988154026747229
34.4000000000002    31.3656935947599    3.0991664538711    0.0988075218074841
34.5000000000002    31.6771289491145    3.12968895756056    0.0987996406678151
34.6000000000002    31.991631386272    3.16050954596457    0.0987917592511639
34.7000000000002    32.3092308583074    3.19163110494317    0.09878387755314
34.8000000000002    32.6299576072607    3.22305654808193    0.0987759955705473
34.9000000000002    32.9538421679238    3.2547888169798    0.0987681133020628
35.0000000000002    33.2809153706566    3.28683088152405    0.098760230748401
35.1000000000002    33.6112083442286    3.31918574015019    0.0987523479119466
35.2000000000002    33.9447525186867    3.35185642008966    0.0987444647959786
35.3000000000002    34.2815796282466    3.38484597761236    0.0987365814037166
35.4000000000002    34.6217217142091    3.41815749827241    0.0987286977374543
35.5000000000002    34.965211127901    3.45179409716567    0.0987208137980111
35.6000000000002    35.3120805336423    3.4857589192045    0.0987129295846382
35.7000000000002    35.662362911742    3.52005513941123    0.0987050450953781
35.8000000000002    36.0160915615245    3.55468596322692    0.098697160327756
35.9000000000002    36.3733001043873    3.58965462682918    0.0986892752795943
36.0000000000002    36.7340224868904    3.62496439745052    0.0986813899497177
36.1000000000002    37.0982929838774    3.66061857369    0.0986735043383498
36.2000000000002    37.4661462016284    3.69662048581318    0.0986656184471013
36.3000000000002    37.8376170810401    3.73297349603999    0.0986577322785618
36.4000000000002    38.2127409008364    3.76968099882394    0.0986498458356186
36.5000000000002    38.5915532808049    3.80674642112937    0.0986419591206974
36.6000000000003    38.9740901850622    3.84417322271484    0.098634072135139
36.7000000000003    39.3603879253478    3.88196489642978    0.0986261848788797
36.8000000000003    39.7504831643482    3.92012496852848    0.0986182973505189
36.9000000000003    40.1444129190535    3.95865699900162    0.098610409547744
37.0000000000003    40.5422145641485    3.99756458192106    0.0986025214679837
37.1000000000003    40.9439258354378    4.03685134579121    0.0985946331091005
37.2000000000003    41.3495848333068    4.07652095389883    0.0985867444699281
37.3000000000003    41.7592300262175    4.11657710465496    0.0985788555505085
37.4000000000003    42.1729002542377    4.15702353192582    0.0985709663519787
37.5000000000003    42.5906347326027    4.1978640053537    0.0985630768761537
37.6000000000003    43.0124730553085    4.23910233067267    0.0985551871249471
37.7000000000003    43.4384551987372    4.28074235002648    0.0985472970998039
37.8000000000003    43.8686215253138    4.32278794229579    0.0985394068013143
37.9000000000003    44.3030127871964    4.36524302344025    0.0985315162291132
38.0000000000003    44.7416701300018    4.40811154685696    0.0985236253820813
38.1000000000003    45.1846350965678    4.45139750375307    0.0985157342587725
38.2000000000003    45.6319496307525    4.49510492352695    0.0985078428579259
38.3000000000003    46.0836560812732    4.53923787415081    0.0984999511789041
38.4000000000003    46.5397972055826    4.5838004625486    0.0984920592219246
38.5000000000003    47.0004161737829    4.62879683496533    0.0984841669880213
38.6000000000003    47.4655565725757    4.67423117732783    0.0984762744787549
38.7000000000003    47.9352624092485    4.72010771560053    0.098468381695765
38.8000000000003    48.4095781156958    4.7664307161424    0.0984604886403046
38.9000000000003    48.8885485524769    4.81320448607197    0.0984525953128979
39.0000000000003    49.3722190129102    4.86043337364563    0.0984447017132183
39.1000000000003    49.8606352272061    4.90812176865184    0.0984368078402211
39.2000000000003    50.3538433666406    4.95627410281971    0.0984289136924798
39.3000000000003    50.85189004777    5.00489485023727    0.098421019268619
39.4000000000003    51.354822336688    5.05398852777308    0.0984131245677096
39.5000000000003    51.8626877533246    5.10355969549496    0.0984052295895097
39.6000000000003    52.375534275787    5.15361295708176    0.0983973343344824
39.7000000000003    52.893410344741    5.20415296022754    0.098389438803599
39.8000000000003    53.4163648678325    5.25518439704152    0.0983815429979999
39.9000000000003    53.9444472241493    5.30671200444892    0.0983736469186262
40.0000000000003    54.4777072687223    5.35874056459953    0.0983657505659417
40.1000000000003    55.0161953370692    5.41127490528852    0.0983578539398285
40.2000000000003    55.55996224978    5.46431990039214    0.0983499570396806
40.3000000000003    56.1090593171476    5.51788047031653    0.0983420598646571
40.4000000000003    56.6635383438433    5.57196158245556    0.0983341624140027
40.5000000000003    57.2234516336387    5.62656825165172    0.0983262646873288
40.6000000000003    57.7888519941736    5.68170554065477    0.0983183666847648
40.7000000000003    58.3597927417697    5.73737856057486    0.0983104684069322
40.8000000000003    58.9363277062886    5.79359247133025    0.0983025698547564
40.9000000000003    59.5185112360357    5.85035248209282    0.0982946710291823
41.0000000000003    60.1063982027072    5.9076638517366    0.0982867719308878
41.1000000000003    60.700044006383    5.96553188929504    0.0982788725600878
41.2000000000003    61.2995045805662    6.02396195443108    0.0982709729164902
41.3000000000003    61.9048363972692    6.08295945792164    0.0982630729994139
41.4000000000003    62.5160964721505    6.14252986215416    0.0982551728080226
41.5000000000003    63.1333423697001    6.20267868163123    0.0982472723415974
41.6000000000003    63.7566322084768    6.26341148347756    0.0982393715997566
41.7000000000003    64.3860246663956    6.32473388794467    0.0982314705825545
41.8000000000003    65.0215789860657    6.38665156891112    0.098223569290432
41.9000000000003    65.6633549801778    6.44917025437918    0.0982156677240452
42.0000000000003    66.3114130369415    6.51229572697146    0.0982077658840344
42.1000000000003    66.9658141255721    6.57603382443283    0.098199863770814
42.2000000000003    67.6266198018281    6.64039044014237    0.0981919613844556
42.3000000000003    68.2938922136006    6.70537152363834    0.0981840587246978
42.4000000000003    68.9676941065558    6.77098308115628    0.0981761557910729
42.5000000000003    69.6480888298318    6.83723117617728    0.0981682525831024
42.6000000000003    70.3351403417912    6.9041219299821    0.0981603491004888
42.7000000000003    71.0289132158283    6.97166152220606    0.0981524453432363
42.8000000000003    71.7294726462324    7.03985619139191    0.0981445413116624
42.9000000000003    72.4368844541066    7.10871223553973    0.0981366370062968
43.0000000000003    73.1512150933404    7.17823601265622    0.0981287324277094
43.1000000000003    73.8725316566379    7.24843394130767    0.0981208275763262
43.2000000000003    74.6009018816019    7.31931250118115    0.0981129224522987
43.3000000000003    75.3363941568741    7.39087823365776    0.0981050170554702
43.4000000000003    76.0790775283335    7.46313774239895    0.0980971113854465
43.5000000000003    76.8290217053539    7.53609769394459    0.098089205441743
43.6000000000003    77.5862970671224    7.60976481831919    0.0980812992239563
43.7000000000004    78.3509746690177    7.68414590964147    0.0980733927318968
43.8000000000004    79.1231262490507    7.75924782673396    0.0980654859656415
43.9000000000004    79.9028242343645    7.8350774937309    0.0980575789254918
44.0000000000004    80.6901417477969    7.91164190068545    0.0980496716118542
44.1000000000004    81.4851526145016    7.98894810417974    0.098041764025094
44.2000000000004    82.2879313686328    8.06700322794192    0.0980338561654129
44.3000000000004    83.09855326009    8.14581446347412    0.0980259480327961
44.4000000000004    83.9170942613276    8.22538907069298    0.0980180396270414
44.5000000000004    84.7436310742286    8.30573437858214    0.0980101309478583
44.6000000000004    85.5782411370441    8.38685778585386    0.0980022219949957
44.7000000000004    86.4210026313994    8.4687667616158    0.0979943127683506
44.8000000000004    87.2719944893672    8.55146884603931    0.0979864032680172
44.9000000000004    88.1312964006073    8.63497165102766    0.0979784934942607
45.0000000000004    88.9989888195728    8.71928286088467    0.0979705834474281
45.1000000000004    89.8751529727842    8.80441023298657    0.09796267312783
45.2000000000004    90.7598708661701    8.8903615984609    0.0979547625356384
45.3000000000004    91.6532252924764    8.97714486287602    0.0979468516708374
45.4000000000004    92.5552998387453    9.06476800694324    0.0979389405332418
45.5000000000004    93.466178893865    9.15323908723105    0.0979310291225767
45.6000000000004    94.3859476561915    9.24256623688926    0.0979231174385838
45.7000000000004    95.3146921412429    9.33275766637924    0.0979152054811174
45.8000000000004    96.2524991894673    9.42382166420714    0.0979072932501929
45.9000000000004    97.1994564740843    9.51576659765813    0.0978993807459742
46.0000000000004    98.155652508999    9.60860091353224    0.0978914679687074
46.1000000000004    99.1211766567907    9.70233313888397    0.0978835549186276
46.2000000000004    100.096119136776    9.79697188176938    0.0978756415958781
46.3000000000004    101.080571033145    9.89252583200388    0.0978677280004689
46.4000000000004    102.074624303177    9.98900376193227    0.0978598141322908
46.5000000000004    103.078371785531    10.086414527211    0.0978518999911754
46.6000000000004    104.091907208619    10.1847670676    0.0978439855769761
46.7000000000004    105.115325199051    10.2840704077617    0.0978360708896378
46.8000000000004    106.148721290171    10.3843336580629    0.0978281559292273
46.9000000000004    107.192191930664    10.4855660153802    0.097820240695915
47.0000000000004    108.245834493247    10.5877767639074    0.0978123251899167
47.1000000000004    109.309747283445    10.6909752759687    0.0978044094114175
47.2000000000004    110.384029548441    10.7951710128405    0.0977964933605108
47.3000000000004    111.468781486013    10.9003735255847    0.0977885770371724
47.4000000000004    112.564104253558    11.0065924558941    0.097780660441281
47.5000000000004    113.670099977192    11.1138375369502    0.0977727435726735
47.6000000000004    114.786871760948    11.2221185942911    0.0977648264312144
47.7000000000004    115.91452369605    11.3314455466863    0.09775690901685
47.8000000000004    117.053160870285    11.441828407015    0.097748991329628
47.9000000000004    118.202889377453    11.5532772831495    0.0977410733696776
48.0000000000004    119.363816326915    11.6658023788417    0.0977331551371588
48.1000000000004    120.536049853222    11.7794139946172    0.0977252366322037
48.2000000000004    121.719699125838    11.894122528679    0.0977173178548722
48.3000000000004    122.914874358957    12.0099384778232    0.097709398805141
48.4000000000004    124.121686821403    12.1268724383676    0.0977014794829272
48.5000000000004    125.340248846631    12.2449351070921    0.0976935598881352
48.6000000000004    126.570673842821    12.3641372821882    0.0976856400207075
48.7000000000004    127.813076303069    12.4844898642162    0.0976777198806573
48.8000000000004    129.067571815665    12.6060038570669    0.0976697994680712
48.9000000000004    130.334277074482    12.7286903689286    0.0976618787830811
49.0000000000004    131.61330988945    12.8525606132606    0.0976539578258174
49.1000000000004    132.904789197134    12.9776259097755    0.0976460365963648
49.2000000000004    134.208835071406    13.1038976854325    0.0976381150947375
49.3000000000004    135.525568734221    13.2313874754444    0.0976301933208819
49.4000000000004    136.855112566494    13.360106924297    0.0976222712747082
49.5000000000004    138.19759011908    13.4900677867804    0.0976143489561325
49.6000000000004    139.553126123851    13.6212819290294    0.0976064263651164
49.7000000000004    140.921846504886    13.753761329571    0.0975985035016847
49.8000000000004    142.303878389765    13.887518080378    0.0975905803659166
49.9000000000004    143.699350120962    14.0225643879293    0.0975826569579162
50.0000000000004    145.108391267351    14.1589125742787    0.0975747332777749
50.1000000000004    146.531132635817    14.2965750781342    0.0975668093255403
50.2000000000004    147.967706282977    14.4355644559503    0.0975588851012079
50.3000000000004    149.418245527007    14.5758933830336    0.0975509606047343
50.4000000000004    150.882884959584    14.7175746546619    0.0975430358360674
50.5000000000004    152.36176045794    14.8606211872136    0.0975351107951784
50.6000000000004    153.855009197027    15.0050460193061    0.0975271854820836
50.7000000000005    155.362769661801    15.1508623129428    0.097519259896845
50.8000000000005    156.885181659615    15.2980833546663    0.0975113340395505
50.9000000000005    158.422386332734    15.4467225567213    0.0975034079102844
51.0000000000005    159.97452617096    15.5967934582279    0.0974954815091005
51.1000000000005    161.54174502438    15.7483097263684    0.0974875548360064
51.2000000000005    163.124188116233    15.901285157587    0.0974796278909701
51.3000000000005    164.722002055897    16.0557336788047    0.0974717006739413
51.4000000000005    166.335334851994    16.2116693486458    0.0974637731848795
51.5000000000005    167.964335925626    16.3691063586752    0.0974558454237769
51.6000000000005    169.609156123729    16.5280590346457    0.0974479173906656
51.7000000000005    171.269947732555    16.6885418377528    0.0974399890856079
51.8000000000005    172.94686449128    16.8505693659    0.0974320605086749
51.9000000000005    174.640061605735    17.0141563549741    0.097424131659922
52.0000000000005    176.349695762275    17.1793176801346    0.0974162025393735
52.1000000000005    178.075925141762    17.3460683571175    0.0974082731470225
52.2000000000005    179.818909433698    17.5144235435527    0.0974003434828443
52.3000000000005    181.578809850473    17.6843985402961    0.0973924135468172
52.4000000000005    183.355789141757    17.856008792774    0.0973844833389418
52.5000000000005    185.150011609028    18.029269892337    0.0973765528592488
52.6000000000005    186.961643120225    18.2041975776252    0.0973686221077929
52.7000000000005    188.790851124553    18.3808077359432    0.0973606910846368
52.8000000000005    190.637804667413    18.5591164046473    0.0973527597898304
52.9000000000005    192.502674405482    18.7391397725463    0.0973448282233976
53.0000000000005    194.385632621923    18.9208941813177    0.0973368963853339
53.1000000000005    196.286853241746    19.1043961269391    0.0973289642756169
53.2000000000005    198.206511847311    19.2896622611349    0.0973210318942238
53.3000000000005    200.144785693973    19.4767093928359    0.0973130992411482
53.4000000000005    202.101853725878    19.665554489651    0.0973051663164088
53.5000000000005    204.077896591903    19.8562146793511    0.0972972331200464
53.6000000000005    206.073096661748    20.0487072513635    0.0972892996521122
53.7000000000005    208.087638042176    20.2430496582801    0.0972813659126509
53.8000000000005    210.121706593404    20.4392595173803    0.0972734319016896
53.9000000000005    212.175489945652    20.6373546121687    0.0972654976192347
54.0000000000005    214.249177515838    20.8373528939306    0.0972575630652786
54.1000000000005    216.342960524438    21.0392724833022    0.0972496282398132
54.2000000000005    218.457032012498    21.2431316718556    0.097241693142843
54.3000000000005    220.591586858809    21.448948923698    0.0972337577743913
54.4000000000005    222.746821797238    21.6567428770829    0.0972258221344978
54.5000000000005    224.922935434225    21.8665323460345    0.0972178862232082
54.6000000000005    227.120128266445    22.0783363219869    0.0972099500405612
54.7000000000005    229.338602698623    22.2921739754386    0.0972020135865789
54.8000000000005    231.578563061532    22.5080646576239    0.0971940768612653
54.9000000000005    233.840215630148    22.7260279022028    0.0971861398646129
55.0000000000005    236.123768641973    22.9460834269657    0.0971782025966144
55.1000000000005    238.429432315541    23.1682511355562    0.0971702650572727
55.2000000000005    240.757418869084    23.3925511192064    0.0971623272466072
55.3000000000005    243.107942539382    23.6190036584887    0.0971543891646507
55.4000000000005    245.481219600782    23.8476292250801    0.0971464508114418
55.5000000000005    247.877468384398    24.0784484835442    0.0971385121870148
55.6000000000005    250.296909297491    24.3114822931287    0.0971305732913915
55.7000000000005    252.739764843024    24.5467517095816    0.0971226341245809
55.8000000000005    255.206259639407    24.7842779869862    0.0971146946865844
55.9000000000005    257.696620440421    25.0240825796132    0.0971067549774048
56.0000000000005    260.21107615533    25.2661871437906    0.0970988149970537
56.1000000000005    262.749857869179    25.510613539789    0.0970908747455556
56.2000000000005    265.313198863287    25.7573838337233    0.0970829342229436
56.3000000000005    267.901334635924    26.0065202994703    0.0970749934292526
56.4000000000005    270.514502923181    26.2580454206041    0.0970670523645108
56.5000000000005    273.152943720045    26.5119818923496    0.0970591110287351
56.6000000000005    275.816899301651    26.7683526235564    0.0970511694219317
56.7000000000005    278.506614244756    27.0271807386911    0.0970432275441015
56.8000000000005    281.22233544939    27.2884895798497    0.0970352853952479
56.9000000000005    283.964312160726    27.5523027087876    0.0970273429753834
57.0000000000005    286.732795991147    27.8186439089678    0.0970194002845307
57.1000000000005    289.528040942519    28.0875371876259    0.0970114573227198
57.2000000000005    292.350303428672    28.3590067778536    0.0970035140899814
57.3000000000005    295.19984229809    28.6330771407009    0.0969955705863404
57.4000000000005    298.076918856812    28.9097729672996    0.0969876268118132
57.5000000000005    300.98179689155    29.1891191810063    0.0969796827664091
57.6000000000005    303.914742693014    29.4711409395672    0.0969717384501358
57.7000000000005    306.876025079463    29.7558636373032    0.0969637938630042
57.8000000000006    309.865915420474    30.0433129073139    0.0969558490050332
57.9000000000006    312.884687660926    30.3335146237015    0.0969479038762485
58.0000000000006    315.932618345215    30.6264949038136    0.0969399584766792
58.1000000000006    319.009986641689    30.9222801105063    0.0969320128063518
58.2000000000006    322.117074367316    31.2208968544282    0.0969240668652865
58.3000000000006    325.254166012575    31.5223719963268    0.0969161206534957
58.4000000000006    328.421548766581    31.8267326493772    0.0969081741709871
58.5000000000006    331.61951254245    32.1340061815329    0.0969002274177685
58.6000000000006    334.848350002888    32.4442202178987    0.0968922803938524
58.7000000000006    338.10835658603    32.7574026431237    0.0968843330992584
58.8000000000006    341.399830531513    33.0735816038169    0.0968763855340111
58.9000000000006    344.723072906793    33.3927855109821    0.0968684376981373
59.0000000000006    348.078387633709    33.7150430424768    0.0968604895916603
59.1000000000006    351.466081515288    34.040383145493    0.0968525412145988
59.2000000000006    354.886464262808    34.3688350390628    0.0968445925669662
59.3000000000006    358.339848523101    34.700428216587    0.0968366436487735
59.4000000000006    361.826549906125    35.0351924483886    0.0968286944600345
59.5000000000006    365.346887012779    35.3731577842883    0.096820745000767
59.6000000000006    368.901181462983    35.7143545562034    0.0968127952709936
59.7000000000006    372.489757924019    36.0588133807698    0.0968048452707393
59.8000000000006    376.112944139137    36.4065651619875    0.0967968950000283
59.9000000000006    379.771070956417    36.7576410938901    0.0967889444588802
60.0000000000006    383.464472357915    37.1120726632403    0.0967809936473098
60.1000000000006    387.193485489065    37.4698916522512    0.0967730425653286
60.2000000000006    390.958450688365    37.8311301413326    0.0967650912129483
60.3000000000006    394.759711517331    38.1958205118629    0.0967571395901833
60.4000000000006    398.597614790737    38.5639954489865    0.0967491876970527
60.5000000000006    402.472510607129    38.9356879444352    0.0967412355335791
60.6000000000006    406.384752379625    39.3109312993749    0.0967332830997865
60.7000000000006    410.334696867004    39.6897591272788    0.0967253303956963
60.8000000000006    414.32270420508    40.0722053568274    0.0967173774213266
60.9000000000006    418.349137938369    40.4583042348354    0.0967094241766926
61.0000000000006    422.414365052047    40.848090329207    0.0967014706618083
61.1000000000006    426.518756004211    41.2415985319177    0.0966935168766893
61.2000000000006    430.662684758431    41.6388640620244    0.0966855628213544
61.3000000000006    434.846528816616    42.0399224687014    0.0966776084958253
61.4000000000006    439.070669252171    42.4448096343035    0.0966696539001248
61.5000000000006    443.335490743476    42.8535617774582    0.0966616990342743
61.6000000000006    447.641381607663    43.2662154561849    0.0966537438982926
61.7000000000006    451.988733834713    43.6828075710446    0.0966457884921948
61.8000000000006    456.377943121872    44.103375368319    0.0966378328159947
61.9000000000006    460.809408908377    44.5279564432188    0.0966298768697067
62.0000000000006    465.283534410516    44.956588743122    0.0966219206533477
62.1000000000006    469.800726657001    45.3893105708407    0.0966139641669374
62.2000000000006    474.361396524684    45.8261605879177    0.0966060074104978
62.3000000000006    478.965958774585    46.2671778179522    0.0965980503840501
62.4000000000006    483.614832088274    46.7124016499573    0.0965900930876142
62.5000000000006    488.308439104576    47.1618718417477    0.0965821355212078
62.6000000000006    493.047206456624    47.6156285233593    0.0965741776848468
62.7000000000006    497.831564809248    48.0737122005016    0.0965662195785472
62.8000000000006    502.661948896724    48.5361637580405    0.0965582612023267
62.9000000000006    507.538797560856    49.003024463513    0.0965503025562046
63.0000000000006    512.462553789427    49.4743359706745    0.0965423436402022
63.1000000000006    517.433664754991    49.9501403230769    0.0965343844543409
63.2000000000006    522.452581854042    50.43047995768    0.09652642499864
63.3000000000006    527.519760746527    50.9153977084969    0.0965184652731173
63.4000000000006    532.635661395741    51.404936810272    0.0965105052777884
63.5000000000006    537.800748108582    51.8991409021952    0.0965025450126685
63.6000000000006    543.01548957618    52.3980540316489    0.0964945844777747
63.7000000000006    548.280358914912    52.9017206579892    0.0964866236731254
63.8000000000006    553.595833707778    53.4101856563615    0.096478662598741
63.9000000000006    558.962396046184    53.9234943215503    0.0964707012546421
64.0000000000006    564.380532572088    54.4416923718651    0.0964627396408491
64.1000000000006    569.850734520557    54.9648259530602    0.0964547777573803
64.2000000000006    575.3734977627    55.4929416422932    0.0964468156042529
64.3000000000006    580.949322849015    56.0260864521187    0.0964388531814839
64.4000000000006    586.578715053124    56.5643078345194    0.0964308904890908
64.5000000000006    592.262184415919    57.1076536849738    0.0964229275270927
64.6000000000006    598.000245790119    57.6561723465604    0.0964149642955097
64.7000000000006    603.793418885231    58.2099126140992    0.0964070007943622
64.8000000000006    609.642228312939    58.7689237383315    0.0963990370236698
64.9000000000006    615.547203632898    59.3332554301376    0.0963910729834507
65.0000000000006    621.508879398966    59.9029578647938    0.0963831086737222
65.1000000000006    627.527795205856    60.4780816862688    0.0963751440945007
65.2000000000006    633.60449573622    61.0586780115593    0.0963671792458035
65.3000000000006    639.739530808168    61.6447984350659    0.0963592141276489
65.4000000000006    645.933455423233    62.2364950330081    0.0963512487400565
65.5000000000006    652.18682981477    62.833820367879    0.0963432830830464
65.6000000000005    658.500219496809    63.4368274929411    0.0963353171566384
65.7000000000005    664.874195313358    64.0455699567635    0.0963273509608514
65.8000000000005    671.309333488162    64.6601018078006    0.0963193844957034
65.9000000000005    677.806215674918    65.280477599013    0.0963114177612117
66.0000000000005    684.365429007964    65.9067523925317    0.0963034507573946
66.1000000000005    690.987566153424    66.5389817643637    0.096295483484271
66.2000000000005    697.673225360837    67.1772218091407    0.0962875159418604
66.3000000000005    704.423010515253    67.8215291449116    0.0962795481301829
66.4000000000005    711.237531189819    68.4719609179772    0.0962715800492578
66.5000000000005    718.117402698848    69.1285748077708    0.0962636116991036
66.6000000000005    725.063246151373    69.7914290317829    0.0962556430797381
66.7000000000005    732.075688505205    70.4605823505318    0.0962476741911787
66.8000000000005    739.15536262148    71.1360940725788    0.096239705033443
66.9000000000005    746.30290731972    71.8180240595906    0.0962317356065495
67.0000000000005    753.518967433398    72.5064327314462    0.0962237659105177
67.1000000000005    760.80419386601    73.2013810713916    0.0962157959453672
67.2000000000005    768.159243647676    73.9029306312396    0.0962078257111177
67.3000000000005    775.584779992257    74.6111435366192    0.0961998552077879
67.4000000000004    783.081472355    75.326082492272    0.0961918844353961
67.5000000000004    790.649996490712    76.0478107873978    0.0961839133939605
67.6000000000004    798.291034512479    76.7763923010489    0.0961759420834993
67.7000000000004    806.005274950922    77.5118915075742    0.0961679705040317
67.8000000000004    813.793412813994    78.2543734821113    0.0961599986555772
67.9000000000004    821.656149647344    79.00390390613    0.0961520265381554
68.0000000000004    829.59419359522    79.7605490730256    0.0961440541517854
68.1000000000004    837.608259461949    80.5243758937635    0.0961360814964857
68.2000000000004    845.699068773973    81.2954519025758    0.0961281085722744
68.3000000000004    853.867349842464    82.0738452627101    0.0961201353791692
68.4000000000004    862.113837826515    82.859624772231    0.0961121619171887
68.5000000000004    870.43927479691    83.6528598698737    0.0961041881863516
68.6000000000004    878.84440980049    84.4536206409518    0.0960962141866772
68.7000000000004    887.329998925101    85.2619778233181    0.0960882399181852
68.8000000000004    895.896805365153    86.0780028133798    0.0960802653808948
68.9000000000004    904.545599487777    86.9017676721687    0.0960722905748248
69.0000000000004    913.277158899587    87.7333451314675    0.0960643154999934
69.1000000000003    922.09226851407    88.5728085999917    0.0960563401564191
69.2000000000003    930.991720619585    89.4202321696284    0.096048364544121
69.3000000000003    939.976314947996    90.2756906217312    0.0960403886631183
69.4000000000003    949.046858743932    91.1392594334722    0.09603241251343
69.5000000000003    958.20416683469    92.0110147842529    0.0960244360950756
69.6000000000003    967.449061700782    92.8910335621726    0.0960164594080741
69.7000000000003    976.782373547125    93.7793933705558    0.0960084824524441
69.8000000000003    986.204940374893    94.6761725345403    0.0960005052282038
69.9000000000003    995.717608054033    95.5814501077245    0.0959925277353715
70.0000000000003    1005.32123039644    96.4953058788759    0.095984549973966
70.1000000000003    1015.01666922981    97.4178203787003    0.0959765719440063
70.2000000000003    1024.80479447218    98.3490748866726    0.0959685936455116
70.3000000000003    1034.68648420714    99.2891514379297    0.0959606150785016
70.4000000000003    1044.66262475976    100.238132830226    0.0959526362429951
70.5000000000003    1054.73411077319    101.196102630953    0.0959446571390111
70.6000000000003    1064.90184528596    102.163145184222    0.0959366777665681
70.7000000000003    1075.16673981003    103.139345618013    0.095928698125685
70.8000000000003    1085.52971440956    104.124789851387    0.0959207182163806
70.9000000000002    1095.99169778031    105.119564601765    0.0959127380386746
71.0000000000002    1106.55362732991    106.123757392272    0.0959047575925859
71.1000000000002    1117.21644925876    107.137456559149    0.0958967768781337
71.2000000000002    1127.98111864174    108.160751259232    0.095888795895337
71.3000000000002    1138.84859951061    109.1937314775    0.0958808146442142
71.4000000000002    1149.81986493724    110.23648803469    0.0958728331247839
71.5000000000002    1160.89589711755    111.289112594982    0.0958648513370648
71.6000000000002    1172.07768745624    112.351697673759    0.0958568692810761
71.7000000000002    1183.3662366523    113.424336645424    0.095848886956837
71.8000000000002    1194.76255478532    114.507123751306    0.0958409043643667
71.9000000000002    1206.26766140256    115.600154107625    0.0958329215036843
72.0000000000002    1217.88258560685    116.703523713529    0.095824938374809
72.1000000000002    1229.60836614527    117.817329459217    0.0958169549777594
72.2000000000002    1241.44605149869    118.941669134122    0.0958089713125545
72.3000000000002    1253.39669997209    120.076641435174    0.0958009873792134
72.4000000000002    1265.46137978573    121.222345975141    0.0957930031777554
72.5000000000002    1277.64116916712    122.378883291038    0.0957850187081994
72.6000000000002    1289.93715644393    123.546354852624    0.0957770339705648
72.7000000000001    1302.35044013764    124.724863070963    0.0957690489648706
72.8000000000001    1314.88212905813    125.914511307071    0.0957610636911355
72.9000000000001    1327.53334239906    127.115403880642    0.0957530781493782
73.0000000000001    1340.30520983425    128.327646078851    0.0957450923396178
73.1000000000001    1353.19887161483    129.551344165236    0.0957371062618731
73.2000000000001    1366.2154786673    130.786605388661    0.0957291199161633
73.3000000000001    1379.35619269256    132.033537992364    0.0957211333025078
73.4000000000001    1392.62218626577    133.292251223086    0.0957131464209257
73.5000000000001    1406.01464293718    134.562855340274    0.0957051592714362
73.6000000000001    1419.53475733383    135.845461625384    0.095697171854058
73.7000000000001    1433.18373526226    137.140182391253    0.0956891841688103
73.8000000000001    1446.96279381208    138.447130991569    0.0956811962157123
73.9000000000001    1460.87316146057    139.766421830414    0.0956732079947832
74.0000000000001    1474.91607817816    141.098170371905    0.0956652195060423
74.1000000000001    1489.09279553495    142.442493149917    0.0956572307495084
74.2000000000001    1503.40457680815    143.799507777895    0.0956492417252008
74.3000000000001    1517.85269709053    145.169332958755    0.0956412524331385
74.4    1532.4384433999    146.552088494875    0.0956332628733402
74.5    1547.1631147895    147.947895298175    0.0956252730458249
74.6    1562.02802245953    149.356875400297    0.0956172829506117
74.7    1577.03448986956    150.779151962865    0.09560929258772
74.8    1592.1838528521    152.214849287843    0.0956013019571688
74.9    1607.47745972713    153.664092827991    0.0955933110589774
75    1622.9166714177    155.127009197412    0.0955853198931651
75.1    1638.50286156661    156.603726182194    0.0955773284597509
75.2    1654.23741665414    158.09437275115    0.0955693367587536
75.3    1670.12173611684    159.599079066657    0.0955613447901927
75.4    1686.15723246747    161.117976495589    0.0955533525540875
75.5    1702.34533141596    162.651197620353    0.0955453600504571
75.6    1718.68747199154    164.198876250023    0.0955373672793206
75.7    1735.18510666597    165.761147431577    0.0955293742406972
75.8    1751.83970147786    167.338147461233    0.095521380934606
75.9    1768.65273615821    168.930013895889    0.0955133873610659
76    1785.62570425704    170.536885564667    0.0955053935200961
76.1    1802.76011327115    172.158902580564    0.0954973994117155
76.1999999999999    1820.05748477315    173.796206352204    0.0954894050359434
76.2999999999999    1837.51935454159    175.448939595698    0.0954814103927996
76.3999999999999    1855.14727269229    177.117246346612    0.0954734154823029
76.4999999999999    1872.94280381091    178.801271972046    0.0954654203044724
76.5999999999999    1890.9075270867    180.501163182815    0.0954574248593273
76.6999999999999    1909.04303644747    182.217068045751    0.0954494291468869
76.7999999999999    1927.35094069585    183.949135996106    0.0954414331671702
76.8999999999999    1945.83286364669    185.697517850073    0.0954334369201967
76.9999999999999    1964.49044426586    187.46236581742    0.0954254404059856
77.0999999999999    1983.32533681018    189.243833514239    0.0954174436245561
77.1999999999999    2002.33921096871    191.042075975804    0.0954094465759272
77.2999999999999    2021.53375200534    192.857249669554    0.0954014492601181
77.3999999999999    2040.91066090262    194.68951250819    0.095393451677148
77.4999999999999    2060.47165450698    196.539023862892    0.0953854538270359
77.5999999999999    2080.2184656752    198.405944576647    0.0953774557098012
77.6999999999999    2100.15284342231    200.290436977714    0.0953694573254632
77.7999999999999    2120.27655307074    202.192664893194    0.0953614586740411
77.8999999999998    2140.59137640095    204.112793662734    0.0953534597555542
77.9999999999998    2161.09911180329    206.050990152349    0.0953454605700217
78.0999999999998    2181.80157443141    208.007422768375    0.0953374611174631
78.1999999999998    2202.70059635696    209.982261471536    0.0953294613978972
78.2999999999998    2223.79802672572    211.975677791157    0.0953214614113433
78.3999999999998    2245.0957319152    213.987844839489    0.0953134611578209
78.4999999999998    2266.59559569362    216.018937326167    0.0953054606373492
78.5999999999998    2288.29951938043    218.069131572811    0.0952974598499475
78.6999999999998    2310.20942200818    220.138605527737    0.0952894587956351
78.7999999999998    2332.32724048598    222.227538780821    0.0952814574744309
78.8999999999998    2354.65492976435    224.33611257849    0.0952734558863541
78.9999999999998    2377.19446300167    226.464509838842    0.0952654540314243
79.0999999999998    2399.94783173211    228.612915166916    0.0952574519096604
79.1999999999998    2422.91704603506    230.781514870085    0.0952494495210817
79.2999999999998    2446.10413470613    232.970496973602    0.0952414468657078
79.3999999999998    2469.51114542978    235.180051236278    0.0952334439435578
79.4999999999998    2493.14014495339    237.410369166301    0.0952254407546512
79.5999999999998    2516.99321926304    239.661644037204    0.095217437299007
79.6999999999997    2541.07247376083    241.934070903972    0.0952094335766447
79.7999999999997    2565.38003344383    244.227846619296    0.0952014295875835
79.8999999999997    2589.91804308469    246.543169849975    0.0951934253318428
79.9999999999997    2614.68866741383    248.880241093464    0.0951854208094419
80.0999999999997    2639.69409130338    251.239262694574    0.0951774160204
80.1999999999997    2664.93651995274    253.620438862317    0.0951694109647362
80.2999999999997    2690.41817907584    256.023975686912    0.09516140564247
80.3999999999997    2716.14131509012    258.450081156938    0.0951534000536206
80.4999999999997    2742.10819530723    260.898965176641    0.0951453941982072
80.5999999999997    2768.32110812545    263.370839583404    0.0951373880762494
80.6999999999997    2794.78236322391    265.865918165365    0.0951293816877663
80.7999999999997    2821.49429175853    268.384416679203    0.0951213750327773
80.8999999999997    2848.45924655975    270.926552868079    0.0951133681113017
80.9999999999997    2875.67960233214    273.492546479739    0.0951053609233588
81.0999999999997    2903.1577558557    276.082619284786    0.095097353468968
81.1999999999997    2930.8961261891    278.696995095105    0.0950893457481488
81.2999999999997    2958.89715487472    281.33589978247    0.0950813377609204
81.3999999999997    2987.16330614559    283.999561297301    0.095073329507302
81.4999999999996    3015.69706713418    286.68820968761    0.0950653209873131
81.5999999999996    3044.50094808311    289.402077118094    0.0950573122009729
81.6999999999996    3073.5774825578    292.141397889427    0.0950493031483007
81.7999999999996    3102.929227661    294.906408457702    0.0950412938293162
81.8999999999996    3132.55876424934    297.697347454061    0.0950332842440384
81.9999999999996    3162.46869715181    300.5144557045    0.0950252743924865
82.0999999999996    3192.66165539024    303.357976249853    0.0950172642746802
82.1999999999996    3223.14029240178    306.228154365949    0.0950092538906388
82.2999999999996    3253.90728626343    309.125237583962    0.0950012432403816
82.3999999999996    3284.96533991857    312.049475710936    0.0949932323239279
82.4999999999996    3316.31718140562    315.001120850496    0.0949852211412971
82.5999999999996    3347.96556408867    317.980427423749    0.0949772096925089
82.6999999999996    3379.91326689037    320.987652190368    0.0949691979775823
82.7999999999996    3412.16309452675    324.023054269873    0.0949611859965367
82.8999999999996    3444.71787774434    327.086895163094    0.0949531737493916
82.9999999999996    3477.58047355937    330.179438773838    0.0949451612361664
83.0999999999996    3510.75376549911    333.300951430741    0.0949371484568804
83.1999999999995    3544.24066384551    336.451701909322    0.0949291354115527
83.2999999999995    3578.04410588097    339.63196145424    0.094921122100203
83.3999999999995    3612.16705613636    342.842003801737    0.0949131085228507
83.4999999999995    3646.61250664132    346.082105202298    0.094905094679515
83.5999999999995    3681.38347717682    349.352544443508    0.0948970805702153
83.6999999999995    3716.48301553002    352.653602873115    0.0948890661949714
83.7999999999995    3751.91419775145    355.985564422298    0.0948810515538023
83.8999999999995    3787.68012841448    359.348715629149    0.0948730366467276
83.9999999999995    3823.78394087728    362.743345662367    0.0948650214737668
84.0999999999995    3860.22879754696    366.169746345158    0.0948570060349392
84.1999999999995    3897.01789014631    369.628212179354    0.0948489903302642
84.2999999999995    3934.15443998283    373.119040369752    0.0948409743597612
84.3999999999995    3971.64169822026    376.642530848668    0.0948329581234496
84.4999999999995    4009.48294615256    380.19898630071    0.0948249416213488
84.5999999999995    4047.6814954804    383.788712187779    0.0948169248534782
84.6999999999995    4086.24068859012    387.412016774291    0.0948089078198574
84.7999999999995    4125.16389883526    391.069211152624    0.0948008905205057
84.8999999999995    4164.45453082064    394.760609268798    0.0947928729554425
84.9999999999994    4204.11602068902    398.486527948384    0.0947848551246871
85.0999999999994    4244.15183641032    402.247286922647    0.0947768370282591
85.1999999999994    4284.56547807355    406.043208854918    0.0947688186661779
85.2999999999994    4325.3604781813    409.874619367209    0.094760800038463
85.3999999999994    4366.54040194699    413.741847067069    0.094752781145134
85.4999999999994    4408.10884759472    417.645223574669    0.0947447619862102
85.5999999999994    4450.06944666192    421.585083550147    0.0947367425617112
85.6999999999994    4492.42586430475    425.561764721186    0.0947287228716564
85.7999999999994    4535.18179960616    429.57560791084    0.094720702916065
85.8999999999994    4578.34098588691    433.626957065621    0.0947126826949564
85.9999999999994    4621.90719101928    437.716159283826    0.0947046622083502
86.0999999999994    4665.88421774368    441.843564844123    0.094696641456266
86.1999999999994    4710.27590398811    446.009527234394    0.0946886204387233
86.2999999999994    4755.08612319056    450.214403180833    0.0946805991557414
86.3999999999994    4800.31878462428    454.458552677312    0.0946725776073397
86.4999999999994    4845.97783372602    458.742339015005    0.094664555793538
86.5999999999994    4892.06725242728    463.066128812277    0.0946565337143556
86.6999999999993    4938.59105948848    467.430292044846    0.0946485113698118
86.7999999999993    4985.55331083625    471.83520207621    0.0946404887599261
86.8999999999993    5032.95809990372    476.281235688355    0.0946324658847184
86.9999999999993    5080.80955797392    480.768773112727    0.0946244427442078
87.0999999999993    5129.11185452626    485.298198061487    0.094616419338414
87.1999999999993    5177.86919758621    489.869897759054    0.0946083956673563
87.2999999999993    5227.08583407807    494.484262973914    0.0946003717310544
87.3999999999993    5276.766050181    499.141688050734    0.0945923475295277
87.4999999999993    5326.91417168822    503.842570942743    0.0945843230627957
87.5999999999993    5377.53456436955    508.587313244422    0.0945762983308779
87.6999999999993    5428.63163433711    513.376320224471    0.0945682733337938
87.7999999999993    5480.20982841444    518.210000859086    0.0945602480715627
87.8999999999993    5532.27363450892    523.088767865522    0.0945522225442045
87.9999999999993    5584.82758198754    528.013037735966    0.0945441967517384
88.0999999999993    5637.87624205612    532.983230771703    0.0945361706941842
88.1999999999993    5691.42422814188    537.999771117597    0.0945281443715611
88.2999999999993    5745.47619627963    543.063086796881    0.0945201177838888
88.3999999999993    5800.03684550126    548.17360974625    0.094512090931187
88.4999999999992    5855.11091822888    553.331775851277    0.0945040638134751
88.5999999999992    5910.70320067152    558.53802498214    0.0944960364307726
88.6999999999992    5966.81852322531    563.79280102967    0.0944880087830988
88.7999999999992    6023.46176087745    569.096551941731    0.0944799808704736
88.8999999999992    6080.63783361366    574.449729759905    0.0944719526929161
88.9999999999992    6138.35170682943    579.852790656532    0.094463924250446
89.0999999999992    6196.60839174497    585.306194972054    0.094455895543083
89.1999999999992    6255.41294582384    590.810407252717    0.0944478665708467
89.2999999999992    6314.77047319551    596.365896288593    0.0944398373337567
89.3999999999992    6374.68612508156    601.973135151949    0.0944318078318322
89.4999999999992    6435.1651002259    607.632601235963    0.0944237780650931
89.5999999999992    6496.21264532875    613.344776293779    0.0944157480335589
89.6999999999992    6557.83405548465    619.110146477914    0.094407717737249
89.7999999999992    6620.03467462434    624.929202380022    0.094399687176183
89.8999999999992    6682.81989596066    630.802439071005    0.0943916563503806
89.9999999999992    6746.19516243854    636.730356141488    0.0943836252598613
90.0999999999992    6810.16596718896    642.713457742655    0.0943755939046445
90.1999999999992    6874.73785398707    648.752252627452    0.0943675622847498
90.2999999999991    6939.91641771445    654.847254192152    0.0943595304001969
90.3999999999991    7005.7073048255    660.998980518299    0.0943514982510055
90.4999999999991    7072.11621381811    667.20795441502    0.0943434658371948
90.5999999999991    7139.1488957085    673.47470346172    0.0943354331587845
90.6999999999991    7206.81115451045    679.799760051158    0.0943274002157944
90.7999999999991    7275.10884771873    686.183661432906    0.0943193670082439
90.8999999999991    7344.04788679703    692.626949757193    0.0943113335361529
90.9999999999991    7413.63423767017    699.13017211915    0.0943032997995407
91.0999999999991    7483.87392122086    705.693880603437    0.0942952657984269
91.1999999999991    7554.77301379086    712.318632329283    0.0942872315328312
91.2999999999991    7626.33764768672    719.00498949592    0.094279197002773
91.3999999999991    7698.57401169004    725.753519428419    0.094271162208272
91.4999999999991    7771.4883515724    732.564794623945    0.0942631271493479
91.5999999999991    7845.08697061483    739.439392798417    0.0942550918260204
91.6999999999991    7919.37623013208    746.377896933586    0.094247056238309
91.7999999999991    7994.36255000155    753.380895324536    0.0942390203862332
91.8999999999991    8070.05240919699    760.448981627606    0.0942309842698127
91.999999999999    8146.45234632707    767.582754908743    0.094222947889067
92.099999999999    8223.56896017874    774.782819692285    0.094214911244016
92.199999999999    8301.40891026553    782.049786010171    0.0942068743346792
92.299999999999    8379.97891738077    789.384269451603    0.0941988371610762
92.399999999999    8459.28576415585    796.786891213145    0.0941907997232266
92.499999999999    8539.3362956234    804.258278149267    0.0941827620211499
92.599999999999    8620.1374197857    811.799062823343    0.094174724054866
92.699999999999    8701.69610818807    819.409883559102    0.0941666858243945
92.799999999999    8784.01939649752    827.091384492536    0.0941586473297548
92.899999999999    8867.11438508658    834.844215624274    0.0941506085709667
92.999999999999    8950.98823962237    842.669032872426    0.0941425695480499
93.099999999999    9035.64819166106    850.566498125885    0.094134530261024
93.199999999999    9121.10153924755    858.537279298119    0.0941264907099087
93.299999999999    9207.35564752068    866.582050381431    0.0941184508947236
93.399999999999    9294.41794932384    874.701491501713    0.0941104108154881
93.499999999999    9382.29594582103    882.896288973679    0.0941023704722222
93.599999999999    9470.99720711857    891.167135356593    0.0940943298649456
93.699999999999    9560.52937289235    899.514729510493    0.0940862889936777
93.7999999999989    9650.90015302067    907.939776652918    0.0940782478584382
93.8999999999989    9742.11732822293    916.442988416139    0.094070206459247
93.9999999999989    9834.1887507039    925.025082904895    0.0940621647961236
94.0999999999989    9927.12234480391    933.686784754653    0.0940541228690877
94.1999999999989    10020.9261076548    942.428825190374    0.0940460806781588
94.2999999999989    10115.608109842    951.251942085818    0.0940380382233567
94.3999999999989    10211.176496072    960.15688002336    0.0940299955047012
94.4999999999989    10307.6394858467    969.14439035435    0.0940219525222118
94.5999999999989    10405.0053741429    978.215231260006    0.0940139092759083
94.6999999999989    10503.2825320987    987.370167812847    0.0940058657658103
94.7999999999989    10602.4794077054    996.60997203868    0.0939978219919376
94.8999999999989    10702.6045265064    1005.93542297913    0.09398977795431
94.9999999999989    10803.6664923013    1015.34730675473    0.0939817336529472
95.0999999999989    10905.6739878573    1024.84641662856    0.0939736890878688
95.1999999999989    11008.635775627    1034.4335530705    0.0939656442590944
95.2999999999989    11112.5606984714    1044.10952382198    0.0939575991666437
95.3999999999989    11217.4576803914    1053.87514396134    0.0939495538105364
95.4999999999988    11323.3357272637    1063.73123596983    0.0939415081907921
95.5999999999988    11430.2039275853    1073.67862979808    0.0939334623074308
95.6999999999988    11538.0714532233    1083.71816293326    0.093925416160472
95.7999999999988    11646.947560172    1093.85068046678    0.0939173697499358
95.8999999999988    11756.8415893167    1104.07703516263    0.0939093230758414
95.9999999999988    11867.7629672045    1114.39808752628    0.0939012761382087
96.0999999999988    11979.7212068219    1124.81470587425    0.0938932289370574
96.1999999999988    12092.7259083794    1135.32776640428    0.0938851814724074
96.2999999999988    12206.7867601028    1145.93815326605    0.0938771337442783
96.3999999999988    12321.9135390326    1156.64675863268    0.0938690857526897
96.4999999999988    12438.1161118293    1167.45448277268    0.0938610374976619
96.5999999999988    12555.4044355871    1178.36223412273    0.0938529889792141
96.6999999999988    12673.7885586539    1189.37092936094    0.0938449401973661
96.7999999999988    12793.2786214593    1200.48149348085    0.0938368911521377
96.8999999999988    12913.88485735    1211.69485986609    0.0938288418435486
96.9999999999988    13035.6175934325    1223.01197036569    0.0938207922716186
97.0999999999988    13158.4872514232    1234.43377536999    0.0938127424363675
97.1999999999988    13282.5043485065    1245.96123388734    0.093804692337815
97.2999999999987    13407.6794982007    1257.59531362143    0.0937966419759811
97.3999999999987    13534.0234112308    1269.33699104924    0.0937885913508852
97.4999999999987    13661.5468964105    1281.18725149981    0.0937805404625471
97.5999999999987    13790.2608615308    1293.14708923361    0.0937724893109869
97.6999999999987    13920.1763142572    1305.21750752266    0.0937644378962241
97.7999999999987    14051.3043630353    1317.39951873132    0.0937563862182782
97.8999999999987    14183.6562180035    1329.69414439784    0.0937483342771692
97.9999999999987    14317.2431919149    1342.10241531665    0.0937402820729169
98.0999999999987    14452.0767010668    1354.62537162129    0.0937322296055413
98.1999999999987    14588.1682662391    1367.26406286816    0.0937241768750619
98.2999999999987    14725.5295136404    1380.01954812099    0.0937161238814985
98.3999999999987    14864.1721758633    1392.89289603604    0.093708070624871
98.4999999999987    15004.1080928477    1405.88518494808    0.0937000171051992
98.5999999999987    15145.3492128529    1418.99750295711    0.0936919633225027
98.6999999999987    15287.9075934391    1432.23094801587    0.0936839092768014
98.7999999999987    15431.7954024561    1445.5866280181    0.093675854968115
98.8999999999987    15577.0249190427    1459.06566088763    0.0936678003964634
98.9999999999986    15723.6085346336    1472.66917466818    0.0936597455618667
99.0999999999986    15871.5587539763    1486.39830761404    0.0936516904643442
99.1999999999986    16020.8881961564    1500.25420828151    0.0936436351039158
99.2999999999986    16171.6095956326    1514.23803562112    0.0936355794806014
99.3999999999986    16323.7358032807    1528.35095907075    0.0936275235944209
99.4999999999986    16477.2797874468    1542.59415864952    0.093619467445394
99.5999999999986    16632.2546350106    1556.96882505249    0.0936114110335407
99.6999999999986    16788.6735524573    1571.47615974623    0.0936033543588806
99.7999999999986    16946.5498669598    1586.11737506526    0.0935952974214335
99.8999999999986    17105.8970274703    1600.89369430931    0.0935872402212193
99.9999999999986    17266.7286058217    1615.80635184143    0.0935791827582579
100.099999999999    17429.0582978386    1630.85659318699    0.093571125032569
100.199999999999    17592.8999244591    1646.04567513358    0.0935630670441726
100.299999999999    17758.2674328653    1661.37486583173    0.0935550087930883
100.399999999999    17925.1748976254    1676.84544489657    0.093546950279336
100.499999999999    18093.6365218447    1692.45870351038    0.0935388915029355
100.599999999999    18263.6666383275    1708.21594452605    0.0935308324639068
100.699999999999    18435.2797107499    1724.11848257146    0.0935227731622699
100.799999999999    18608.4903348418    1740.16764415471    0.0935147135980443
100.899999999999    18783.3132395808    1756.36476777042    0.0935066537712499
100.999999999999    18959.7632883959    1772.71120400685    0.0934985936819066
101.099999999999    19137.8554803822    1789.20831565405    0.0934905333300343
101.199999999999    19317.6049515267    1805.85747781285    0.0934824727156527
101.299999999999    19499.0269759447    1822.66007800498    0.0934744118387819
101.399999999999    19682.1369671277    1839.617516284    0.0934663506994417
101.499999999999    19866.9504792015    1856.73120534734    0.0934582892976519
101.599999999999    20053.4832081971    1874.00257064924    0.0934502276334325
101.699999999998    20241.7509933314    1891.43305051472    0.0934421657068032
101.799999999998    20431.7698183001    1909.02409625458    0.0934341035177839
101.899999999998    20623.5558125823    1926.77717228139    0.0934260410663945
101.999999999998    20817.1252527564    1944.6937562265    0.093417978352655
102.099999999998    21012.4945638276    1962.77533905809    0.093409915376585
102.199999999998    21209.680320568    1981.02342520028    0.0934018521382045
102.299999999998    21408.6992488677    1999.43953265327    0.0933937886375336
102.399999999998    21609.5682270986    2018.02519311456    0.0933857248745921
102.499999999998    21812.3042874906    2036.7819521012    0.0933776608493998
102.599999999998    22016.9246175189    2055.71136907319    0.0933695965619765
102.699999999998    22223.4465613052    2074.81501755787    0.0933615320123422
102.799999999998    22431.8876210305    2094.09448527555    0.0933534672005168
102.899999999998    22642.2654583603    2113.55137426606    0.0933454021265201
102.999999999998    22854.5978958837    2133.18730101663    0.0933373367903723
103.099999999998    23068.9029185637    2153.0038965907    0.0933292711920931
103.199999999998    23285.1986752018    2173.00280675799    0.0933212053317023
103.299999999998    23503.5034799152    2193.18569212572    0.0933131392092199
103.399999999998    23723.835813627    2213.55422827088    0.0933050728246659
103.499999999998    23946.2143255694    2234.11010587381    0.0932970061780603
103.599999999998    24170.6578348017    2254.85503085282    0.0932889392694229
103.699999999998    24397.18533174    2275.79072450011    0.0932808720987735
103.799999999998    24625.8159797017    2296.91892361883    0.093272804666132
103.899999999998    24856.5691164638    2318.24138066136    0.0932647369715185
103.999999999998    25089.464255834    2339.75986386881    0.093256669014953
104.099999999998    25324.5210892375    2361.47615741172    0.0932486007964552
104.199999999998    25561.7594873164    2383.3920615321    0.0932405323160453
104.299999999998    25801.1995015439    2405.50939268657    0.0932324635737431
104.399999999998    26042.8613658537    2427.82998369091    0.0932243945695684
104.499999999998    26286.7654982821    2450.35568386577    0.0932163253035412
104.599999999998    26532.9325026268    2473.08835918374    0.0932082557756817
104.699999999998    26781.3831701189    2496.02989241767    0.0932001859860096
104.799999999998    27032.1384811103    2519.18218329031    0.0931921159345449
104.899999999998    27285.2196067769    2542.5471486253    0.0931840456213078
104.999999999998    27540.6479108354    2566.12672249942    0.0931759750463178
105.099999999998    27798.4449512768    2589.92285639626    0.0931679042095951
105.199999999998    28058.6324821147    2613.93751936117    0.0931598331111599
105.299999999998    28321.232455149    2638.17269815763    0.0931517617510318
105.399999999998    28586.2670217462    2662.63039742498    0.0931436901292309
105.499999999998    28853.758534634    2687.31263983751    0.0931356182457771
105.599999999998    29123.7295497137    2712.221466265    0.0931275461006904
105.699999999998    29396.202827887    2737.35893593464    0.0931194736939908
105.799999999998    29671.2013369006    2762.72712659438    0.0931114010256981
105.899999999998    29948.7482532059    2788.32813467772    0.0931033280958325
105.999999999998    30228.8669638362    2814.16407546995    0.093095254904414
106.099999999998    30511.5810682999    2840.23708327585    0.0930871814514627
106.199999999998    30796.9143804913    2866.54931158887    0.0930791077369984
106.299999999998    31084.8909306177    2893.1029332618    0.093071033761041
106.399999999998    31375.5349671437    2919.90014067893    0.0930629595236107
106.499999999998    31668.8709587535    2946.94314592973    0.0930548850247274
106.599999999998    31964.9235963296    2974.23418098408    0.0930468102644111
106.699999999998    32263.7177949503    3001.77549786898    0.0930387352426818
106.799999999998    32565.2786959034    3029.56936884688    0.0930306599595595
106.899999999998    32869.6316687197    3057.61808659554    0.0930225844150642
106.999999999998    33176.8023132225    3085.9239643895    0.0930145086092161
107.099999999998    33486.8164615976    3114.48933628308    0.093006432542035
107.199999999998    33799.7001804792    3143.31655729509    0.0929983562135411
107.299999999998    34115.4797730566    3172.40800359506    0.0929902796237542
107.399999999998    34434.1817811982    3201.76607269118    0.0929822027726941
107.499999999998    34755.8329875948    3231.39318361986    0.0929741256603812
107.599999999998    35080.4604179221    3261.29177713697    0.0929660482868356
107.699999999998    35408.0913430222    3291.46431591072    0.0929579706520771
107.799999999998    35738.7532811043    3321.91328471629    0.092949892756126
107.899999999998    36072.4739999655    3352.64119063211    0.092941814599002
107.999999999998    36409.2815192307    3383.65056323794    0.0929337361807251
108.099999999998    36749.204112613    3414.94395481461    0.0929256575013155
108.199999999998    37092.2703101936    3446.5239405456    0.0929175785607935
108.299999999998    37438.5089007222    3478.39311872026    0.092909499359179
108.399999999998    37787.9489339377    3510.55411093894    0.0929014198964919
108.499999999998    38140.61972291    3543.00956231986    0.0928933401727522
108.599999999998    38496.5508464017    3575.76214170782    0.0928852601879801
108.699999999998    38855.7721512515    3608.81454188474    0.0928771799421956
108.799999999998    39218.3137547786    3642.16947978198    0.0928690994354187
108.899999999998    39584.2060472079    3675.82969669465    0.0928610186676694
108.999999999998    39953.4796941175    3709.79795849767    0.0928529376389679
109.099999999998    40326.1656389075    3744.07705586383    0.0928448563493345
109.199999999998    40702.2951052903    3778.66980448368    0.0928367747987889
109.299999999998    41081.8995998042    3813.5790452874    0.092828692987351
109.399999999998    41465.0109143478    3848.80764466862    0.0928206109150413
109.499999999998    41851.6611287379    3884.35849471013    0.0928125285818798
109.599999999998    42241.8826132898    3920.2345134117    0.0928044459878865
109.699999999998    42635.7080314203    3956.43864491972    0.0927963631330816
109.799999999998    43033.1703422738    3992.97385975902    0.0927882800174849
109.899999999998    43434.3028033721    4029.84315506667    0.0927801966411168
109.999999999998    43839.1389732871    4067.04955482773    0.0927721130039973
110.099999999998    44247.7127143376    4104.59611011322    0.0927640291061464
110.199999999998    44660.0581953097    4142.48589932006    0.0927559449475843
110.299999999998    45076.2098942016    4180.72202841319    0.092747860528331
110.399999999998    45496.2026009924    4219.30763116973    0.0927397758484067
110.499999999998    45920.0714204356    4258.24586942537    0.0927316909078314
110.599999999998    46347.8517748775    4297.53993332284    0.0927236057066251
110.699999999998    46779.5794071001    4337.1930415626    0.0927155202448082
110.799999999998    47215.29038319    4377.20844165572    0.0927074345224006
110.899999999998    47655.0210954313    4417.58941017892    0.0926993485394227
110.999999999998    48098.8082652258    4458.33925303198    0.0926912622958944
111.099999999998    48546.6889460377    4499.46130569718    0.0926831757918359
111.199999999998    48998.7005263652    4540.95893350129    0.092675089027267
111.299999999998    49454.8807327379    4582.83553187959    0.0926670020022082
111.399999999998    49915.2676327411    4625.09452664239    0.0926589147166795
111.499999999998    50379.8996380664    4667.73937424376    0.0926508271707012
111.599999999998    50848.8155075899    4710.77356205268    0.0926427393642931
111.699999999998    51322.054350477    4754.20060862652    0.0926346512974756
111.799999999998    51799.6556293152    4798.02406398699    0.0926265629702687
111.899999999998    52281.6591632744    4842.24750989839    0.0926184743826925
111.999999999998    52768.1051312948    4886.87456014835    0.0926103855347674
112.099999999998    53259.034075304    4931.90886083108    0.0926022964265133
112.199999999998    53754.4869034611    4977.35409063296    0.0925942070579504
112.299999999998    54254.5048934306    5023.21396112079    0.092586117429099
112.399999999998    54759.1296956852    5069.49221703243    0.092578027539979
112.499999999998    55268.4033368371    5116.19263657002    0.0925699373906106
112.599999999998    55782.3682229992    5163.31903169584    0.0925618469810142
112.699999999998    56301.0671431763    5210.8752484306    0.0925537563112099
112.799999999998    56824.5432726854    5258.86516715446    0.0925456653812177
112.899999999998    57352.8401766072    5307.29270291066    0.0925375741910578
112.999999999998    57886.0018132675    5356.16180571178    0.0925294827407503
113.099999999998    58424.0725377495    5405.47646084865    0.0925213910303157
113.199999999998    58967.0971054372    5455.24068920205    0.0925132990597741
113.299999999998    59515.1206755899    5505.45854755699    0.0925052068291454
113.399999999998    60068.1888149486    5556.1341289199    0.0924971143384499
113.499999999998    60626.3475013739    5607.27156283844    0.0924890215877078
113.599999999998    61189.6431275163    5658.87501572423    0.0924809285769391
113.699999999998    61758.1225045188    5710.94869117829    0.0924728353061644
113.799999999998    62331.832865752    5763.49683031938    0.0924647417754037
113.899999999998    62910.8218705826    5816.52371211518    0.092456647984677
113.999999999998    63495.137608175    5870.03365371641    0.0924485539340047
114.099999999998    64084.8286013259    5924.03101079382    0.0924404596234069
114.199999999998    64679.9438103338    5978.52017787808    0.0924323650529039
114.299999999998    65280.5326369015    6033.50558870276    0.092424270222516
114.399999999998    65886.6449280743    6088.99171655016    0.0924161751322632
114.499999999998    66498.3309802116    6144.98307460026    0.0924080797821659
114.599999999998    67115.6415429944    6201.4842162827    0.0923999841722442
114.699999999998    67738.6278234681    6258.49973563172    0.0923918883025183
114.799999999998    68367.3414901207    6316.03426764441    0.0923837921730084
114.899999999998    69001.834676997    6374.09248864184    0.0923756957837349
114.999999999998    69642.1599878491    6432.67911663353    0.0923675991347179
115.099999999998    70288.3705003237    6491.79891168498    0.0923595022259776
115.199999999998    70940.5197701861    6551.45667628847    0.0923514050575343
115.299999999998    71598.6618355814    6611.65725573705    0.092343307629408
115.399999999998    72262.8512213335    6672.40553850182    0.0923352099416192
115.499999999998    72933.1429432818    6733.7064566125    0.092327111994188
115.599999999998    73609.592512656    6795.56498604126    0.0923190137871347
115.699999999998    74292.25594049    6857.98614708996    0.0923109153204795
115.799999999998    74981.189742074    6920.97500478077    0.0923028165942428
115.899999999998    75676.4509414461    6984.5366692501    0.0922947176084448
115.999999999998    76378.097075924    7048.67629614603    0.0922866183631055
116.099999999998    77086.1862006754    7113.39908702924    0.0922785188582454
116.199999999998    77800.7768933299    7178.71028977738    0.0922704190938848
116.299999999998    78521.9282586308    7244.6151989929    0.0922623190700439
116.399999999998    79249.6999331284    7311.11915641454    0.0922542187867428
116.499999999998    79984.1520899138    7378.22755133242    0.092246118244002
116.599999999998    80725.3454433949    7445.94582100655    0.0922380174418416
116.699999999998    81473.3412541151    7514.27945108922    0.0922299163802821
116.799999999998    82228.2013336128    7583.2339760509    0.0922218150593435
116.899999999998    82989.9880493252    7652.81497960995    0.0922137134790462
116.999999999998    83758.7643295348    7723.02809516599    0.0922056116394104
117.099999999998    84534.5936683584    7793.87900623708    0.0921975095404564
117.199999999998    85317.5401307822    7865.37344690075    0.0921894071822044
117.299999999998    86107.6683577386    7937.51720223872    0.0921813045646749
117.399999999998    86905.0435712299    8010.31610878568    0.0921732016878882
117.499999999998    87709.7315794957    8083.7760549818    0.0921650985518645
117.599999999998    88521.7987822263    8157.90298162928    0.0921569951566241
117.699999999998    89341.3121758216    8232.70288235283    0.0921488915021873
117.799999999998    90168.3393586968    8308.18180406418    0.0921407875885744
117.899999999998    91002.9485366344    8384.3458474306    0.0921326834158057
117.999999999998    91845.208528183    8461.2011673475    0.0921245789839016
118.099999999998    92695.1887701039    8538.75397341515    0.0921164742928822
118.199999999998    93552.959322866    8617.0105304195    0.092108369342768
118.299999999998    94418.5908761878    8695.97715881726    0.0921002641335793
118.399999999998    95292.1547546295    8775.66023522512    0.0920921586653363
118.499999999998    96173.7229232329    8856.06619291322    0.0920840529380592
118.599999999998    97063.3679932121    8937.201522303    0.0920759469517687
118.699999999998    97961.1632276935    9019.07277146927    0.0920678407064851
118.799999999998    98867.182547506    9101.68654664659    0.0920597342022284
118.899999999998    99781.5005370228    9185.04951274028    0.0920516274390189
118.999999999998    100704.192450054    9269.16839384168    0.0920435204168772
119.099999999998    101635.334215791    9354.04997374784    0.0920354131358235
119.199999999998    102575.002444804    9439.70109648589    0.0920273055958782
119.299999999997    103523.274435088    9526.12866684188    0.0920191977970616
119.399999999997    104480.228178172    9613.33965089414    0.092011089739394
119.499999999997    105445.942365267    9701.34107655143    0.092002981422896
119.599999999997    106420.496393482    9790.14003409559    0.091994872847588
119.699999999997    107403.970372086    9879.74367672898    0.0919867640134901
119.799999999997    108396.445128828    9970.15922112668    0.0919786549206227
119.899999999997    109398.002216312    10061.3939479935    0.091970545569006
