0    6.82490004607816e-17    0.00635439150853807    0.00635439150853807
0.1    -0.000303431461155732    0.00645411797425498    0.00645803592798021
0.2    -0.000136601959654935    0.00655551077945799    0.00655730201538235
0.3    -0.000114500779899014    0.00665842130542343    0.00665994626889767
0.4    -0.000189606941710557    0.00676297369390297    0.00676553879378165
0.5    -0.000106002683446752    0.00686920206433198    0.00687065852642479
0.6    -0.000137943158782949    0.00697708746867956    0.0069790126172097
0.7    -0.000112520098128672    0.0070866822204346    0.00708827718825824
0.8    -0.000109903260436635    0.0071980025852029    0.00719958492701292
0.9    -9.93750357281996e-05    0.00731108108710064    0.00731253430940314
1    -0.000102330509791129    0.007425948236162    0.00742746819383743
1.1    -7.85077247042944e-05    0.00754261944699856    0.00754380384776536
1.2    -8.75247683617292e-05    0.00766112939499767    0.00766247058953678
1.3    -7.661661240998e-05    0.00778151445309237    0.00778270693100962
1.4    -6.66794388482073e-05    0.00790379117702814    0.00790484528803658
1.5    -6.92852267782833e-05    0.00802799453400392    0.00802910705392884
1.6    -5.76348136083143e-05    0.00815415530408752    0.0081550952847053
1.7    -5.64968894454053e-05    0.00828230105041186    0.00828323695178097
1.8    -5.15546442486734e-05    0.00841246648862503    0.00841333393678016
1.9    -4.73430448547394e-05    0.0085446801441346    0.00854548924479056
2    -4.18643053532392e-05    0.00867897197187563    0.00867969868056435
2.1    -4.00666674570329e-05    0.00881537788554576    0.00881608431947871
2.2    -3.71646981115756e-05    0.00895393166323751    0.00895459722830738
2.3    -3.0510394802621e-05    0.00909466163634674    0.00909521661671366
2.4    -3.07849511478355e-05    0.0092376041117777    0.00923817288767005
2.5    -2.67491797252853e-05    0.0093827955410215    0.0093832975186175
2.6    -2.26187673708803e-05    0.00953026718739173    0.00953069832293647
2.7    -2.22965150778286e-05    0.0096800568361985    0.0096804885088897
2.8    -1.84600022611366e-05    0.00983220051025554    0.00983256352184404
2.9    -1.59268247845621e-05    0.00998673218049891    0.00998705029943275
3    -1.44447840175041e-05    0.0101436909669548    0.0101439840180382
3.1    -1.21846929498137e-05    0.0103031154056637    0.0103033664893184
3.2    -1.03314264209867e-05    0.0104650422829237    0.0104652585227865
3.3    -7.91517959521364e-06    0.0106295095387833    0.0106296778090692
3.4    -6.68915186456874e-06    0.0107965578097436    0.0107967022503394
3.5    -5.41266948262345e-06    0.0109662280923224    0.0109663468061012
3.6    -2.97996264277346e-06    0.01113855926963    0.0111386256548088
3.7    -2.06596299633016e-06    0.0113135928618845    0.0113136396089095
3.8    -1.08256834764202e-06    0.0114913721053707    0.0114913969857891
3.9    9.96364340461766e-07    0.0116719379466754    0.011671914687693
4    1.87920494370523e-06    0.0118553336615199    0.0118552891044004
4.1    2.56290364843407e-06    0.0120416048967009    0.0120415431739128
4.2    4.06651731514797e-06    0.0122307951484942    0.0122306956754182
4.3    5.07888320268576e-06    0.0124229485960868    0.0124228224073178
4.4    5.80823468802839e-06    0.0126181121509616    0.0126179655738996
4.5    6.73139180666624e-06    0.0128163329192587    0.0128161603769034
4.6    7.48879853170125e-06    0.013017657924234    0.013017462952459
4.7    8.31917681671425e-06    0.0132221348871768    0.013221914894451
4.8    9.10696729727274e-06    0.0134298126026127    0.013429567995112
4.9    9.56427389241637e-06    0.0136407412340823    0.0136404803090073
5    1.02186245759518e-05    0.0138549710449001    0.0138546878902983
5.1    1.10141182815649e-05    0.014072552477961    0.0140722424878602
5.2    1.13783262333431e-05    0.0142935380078247    0.0142932127384487
5.3    1.17134939880733e-05    0.0145179810014309    0.0145176408928484
5.4    1.23985158201563e-05    0.0147459340461431    0.0147455683952835
5.5    1.29028606159107e-05    0.014977450993234    0.0149770644942958
5.6    1.30992652687878e-05    0.0152125880743753    0.0152121895321427
5.7    1.34492315254946e-05    0.0154514016955707    0.0154509860822028
5.8    1.39147425443473e-05    0.015693947959627    0.0156935112112135
5.9    1.42054419620985e-05    0.0159402844535456    0.0159398315824075
5.99999999999999    1.4431687628541e-05    0.0161904703144815    0.0161900030096052
6.09999999999999    1.4718231824332e-05    0.0164445651888162    0.0164440811260953
6.19999999999999    1.49631481325228e-05    0.0167026294066766    0.0167021295663198
6.29999999999999    1.51648682528563e-05    0.0169647243937572    0.0169642098659392
6.39999999999999    1.53841089244691e-05    0.017230912530363    0.0172303823740485
6.49999999999999    1.55554573960083e-05    0.0175012572209685    0.0175007127493158
6.59999999999999    1.56718247114273e-05    0.017775822884343    0.0177752657339139
6.69999999999999    1.58373362833062e-05    0.0180546746115618    0.018054102744712
6.79999999999999    1.60219005480133e-05    0.018337878449491    0.018337290843576
6.89999999999999    1.61063006295116e-05    0.0186255020242199    0.0186249020580131
6.99999999999999    1.61369907325789e-05    0.0189176141344437    0.018917003597568
7.09999999999999    1.62396365533711e-05    0.01921428394405    0.0192136598882087
7.19999999999999    1.63747876650735e-05    0.0195155813912936    0.0195149422747561
7.29999999999999    1.64282767990945e-05    0.0198215781310009    0.0198209268729557
7.39999999999999    1.64253664460088e-05    0.020132347325293    0.0201316859737915
7.49999999999999    1.6460752983896e-05    0.0204479627965692    0.0204472896299208
7.59999999999999    1.65255852955343e-05    0.0207684990881603    0.0207678126762974
7.69999999999999    1.65510743707211e-05    0.0210940321674396    0.0210933339212059
7.79999999999999    1.65379438618854e-05    0.0214246395133738    0.021423930886122
7.89999999999999    1.65331927109938e-05    0.0217603996508782    0.0217596801250125
7.99999999999999    1.65411335939721e-05    0.0221013920531256    0.0221006609010626
8.09999999999999    1.6534009095022e-05    0.0224476974635145    0.0224469551749194
8.19999999999999    1.65100253416542e-05    0.0227993980297634    0.022798645204914
8.29999999999999    1.64848098925218e-05    0.023156577175096    0.0231558137241364
8.39999999999999    1.64552380253187e-05    0.023519319557644    0.0235185455383776
8.49999999999999    1.6412141243228e-05    0.0238877111268511    0.0238869270427416
8.59999999999999    1.63657785962702e-05    0.0242618390886158    0.0242610449738384
8.69999999999999    1.63287686728304e-05    0.0246417918959089    0.02464098716881
8.79999999999998    1.62898127390564e-05    0.0250276594313931    0.0250268440529046
8.89999999999998    1.62304546509013e-05    0.0254195331642631    0.0254187080364948
8.99999999999998    1.61567966188658e-05    0.0258175060084028    0.0258166717654939
9.09999999999998    1.60911914604247e-05    0.026221672079695    0.026220828217382
9.19999999999998    1.60385769436936e-05    0.0266321267541195    0.0266312724849925
9.29999999999998    1.59806150209677e-05    0.0270489669895565    0.0270481024851155
9.39999999999998    1.59039106292594e-05    0.0274722914794697    0.0274714176596299
9.49999999999998    1.58183639735839e-05    0.0279022004597954    0.0279013177394335
9.59999999999998    1.57409520803029e-05    0.0283387954895146    0.0283379033443142
9.69999999999998    1.56723563400302e-05    0.0287821795359196    0.0287812773809107
9.79999999999998    1.55992751805203e-05    0.0292324572486746    0.0292315452526114
9.89999999999998    1.55143071361436e-05    0.0296897350725619    0.0296888138555166
9.99999999999998    1.54239353537158e-05    0.0301541211112456    0.0301531909351633
10.1    1.53375721215269e-05    0.0306257249834823    0.0306247855493595
10.2    1.52559259706736e-05    0.0311046578752971    0.0311037088290599
10.3    1.51727387259005e-05    0.0315910327133106    0.0315900740828848
10.4    1.50842273611985e-05    0.0320849642604004    0.0320839963212095
10.5    1.49928759047279e-05    0.0325865690769053    0.0325855919587824
10.6    1.49025177489554e-05    0.0330959654621606    0.0330949790504352
10.7    1.48133165042121e-05    0.0336132734779885    0.0336122776446226
10.8    1.47230444416079e-05    0.0341386150245018    0.0341376097906096
10.9    1.46310980154684e-05    0.0346721138867455    0.0346710993193964
11    1.45391768448581e-05    0.0352138957409727    0.0352128717937449
11.1    1.44485184162527e-05    0.0357640881736457    0.0357630547124044
11.2    1.4358047775546e-05    0.036322820737388    0.036321777702773
11.3    1.42658747385549e-05    0.0368902250038463    0.0368891724762036
11.4    1.41719400906988e-05    0.0374664345705432    0.0374653726414605
11.5    1.40783053369013e-05    0.0380515850405302    0.0380505136519481
11.6    1.3986833171218e-05    0.0386458140355526    0.0386447329855657
11.7    1.38971717245693e-05    0.0392492612694562    0.0392481703771687
11.8    1.38072608272548e-05    0.0398620686401637    0.0398609678834044
11.9    1.37155912392236e-05    0.0404843802765723    0.0404832697573808
12    1.36227326705634e-05    0.0411163425244305    0.0411152223058057
12.1    1.35306493933048e-05    0.0417581039187232    0.0417569739054861
12.2    1.34407174059063e-05    0.0424098152025109    0.0424086751811509
12.3    1.33525615067069e-05    0.0430716294039558    0.0430704791861526
12.4    1.32647096405396e-05    0.043743701927516    0.0437425414479001
12.5    1.31761082264005e-05    0.0444261906074885    0.0444250198943229
12.6    1.30869497895697e-05    0.0451192557131661    0.0451180747817527
12.7    1.29982789142304e-05    0.0458230599388263    0.0458218687124827
12.8    1.29109931027091e-05    0.0465377684192848    0.0465365667371855
12.9    1.2825177016575e-05    0.0472635487839033    0.0472623364726922
13    1.27402344489821e-05    0.0480005712288247    0.0479993481673445
13.1    1.26555561004611e-05    0.0487490085768601    0.0487477747008497
13.2    1.25710368846378e-05    0.0495090363113163    0.0495077915671208
13.3    1.2487027237867e-05    0.0502808325948504    0.0502795768942781
13.4    1.24039186506852e-05    0.051064578294233    0.051063311508196
13.5    1.23218271460946e-05    0.0518604570216858    0.051859179006259
13.6    1.22406110336588e-05    0.0526686551873503    0.0526673658100895
13.7    1.21600893791494e-05    0.0534893620508843    0.0534880611958561
13.8    1.20802151095367e-05    0.054322769765591    0.0543214573199574
13.9    1.20010794094122e-05    0.0551690734174517    0.055167749256481
14    1.19227920959214e-05    0.0560284710654642    0.0560271350497693
14.1    1.18453726130486e-05    0.0569011637869622    0.0568998157719556
14.2    1.17687430054651e-05    0.0577873557262116    0.0577859955731419
14.3    1.16928194304192e-05    0.0586872541418516    0.058685881718968
14.4    1.16176100229193e-05    0.0596010694508861    0.0595996846230109
14.5    1.15432241933834e-05    0.0605290152716231    0.0605276178877664
14.6    1.14697858084689e-05    0.0614713084705438    0.0614698983612344
14.7    1.13973276735268e-05    0.0624281692158988    0.0624267462035161
14.8    1.13257596052542e-05    0.0633998210356862    0.0633983849496869
14.9    1.12549340142297e-05    0.0643864908741242    0.0643850415590237
15    1.11847505726981e-05    0.0653884091418879    0.0653869464521545
15.1    1.11152241717374e-05    0.0664058097603197    0.0664043335458046
15.2    1.10464678458268e-05    0.0674389302046448    0.0674374402971549
15.3    1.09786186557512e-05    0.068488011552458    0.0684865077614449
15.4    1.0911752345782e-05    0.069553298540835    0.0695517806606607
15.5    1.08458454937932e-05    0.0706350396305792    0.0706335074537444
15.6    1.07807932717461e-05    0.071733487072465    0.0717319404013498
15.7    1.07164719416983e-05    0.072848896969873    0.0728473356202844
15.8    1.0652806451613e-05    0.0739815293349583    0.0739799531299233
15.9    1.05898026518341e-05    0.07513164813969    0.0751300568978875
16    1.05275325979072e-05    0.0762995213662804    0.0762979148917958
16.1    1.04660852140012e-05    0.0774854210619624    0.0774837991408982
16.2    1.0405516788105e-05    0.078689623400786    0.0786879858054314
16.3    1.03458250279444e-05    0.0799124087516492    0.079910755249159
16.4    1.02869585420305e-05    0.0811540617491886    0.0811523921094267
16.5    1.02288473507251e-05    0.0824148713636752    0.0824131853626439
16.6    1.01714370483735e-05    0.0836951309675953    0.0836934283854012
16.7    1.01147079716934e-05    0.0849951383990212    0.0849934190144044
16.8    1.0058673570044e-05    0.0863151960238339    0.086313459608538
16.9    1.0003364625851e-05    0.0876556107994856    0.0876538571149557
17    9.9488089582084e-06    0.0890166943422491    0.0890149231396982
17.1    9.89501514306345e-06    0.0903987629984041    0.0903969740218485
17.2    9.84197107949238e-06    0.091802137918403    0.0918003309082147
17.3    9.78965113482003e-06    0.0932271451323802    0.093225319827795
17.4    9.73802771840292e-06    0.0946741156256051    0.0946722717652363
17.5    9.68708154259099e-06    0.0961433854133091    0.0961415227337245
17.6    9.63680460032378e-06    0.0976352956152421    0.0976334138488445
17.7    9.58719788447489e-06    0.0991501925308746    0.0991482914040689
17.8    9.53826534750894e-06    0.100688427716167    0.100686506948606
17.9    9.49000648853483e-06    0.102250358062416    0.10224841736771
18    9.44241535222324e-06    0.103836345877118    0.103834384963821
18.1    9.39547966363923e-06    0.105446758966387    0.105444777539244
18.2    9.34918530354088e-06    0.10708197071838    0.107079968478726
18.3    9.30352040269825e-06    0.108742360187409    0.1087403368327
18.4    9.25847664799635e-06    0.11042831217876    0.110426267401792
18.5    9.21405103066455e-06    0.112140217334582    0.112138150822253
18.6    9.1702422184374e-06    0.113878472221276    0.113876383654081
18.7    9.12704827542335e-06    0.115643479418745    0.115641368470773
18.8    9.08446368103467e-06    0.117435647611548    0.117433513951179
18.9    9.04247890051926e-06    0.119255391681752    0.119253234972528
19    9.00108084097995e-06    0.121103132803083    0.121100952704529
19.1    8.96025571177662e-06    0.122979298535986    0.122977094703809
19.2    8.91999073083047e-06    0.124884322923416    0.124882095009283
19.3    8.88027645233313e-06    0.126818646587394    0.126816394238114
19.4    8.84110777804501e-06    0.128782716826666    0.12878043968304
19.5    8.80248216375049e-06    0.130776987715887    0.13077468541195
19.6    8.76439897311309e-06    0.132801920206769    0.132799592369145
19.7    8.72685676806985e-06    0.134857982231442    0.134855628479393
19.8    8.68985184245011e-06    0.136945648808084    0.136943268753969
19.9    8.65337721439136e-06    0.139065402148616    0.139062995398678
20    8.61742316980481e-06    0.14121773176812    0.141215297923186
20.1    8.58197824238829e-06    0.143403134595623    0.143400673251584
20.2    8.547030141491e-06    0.145622115085976    0.145619625834038
20.3    8.51256852878775e-06    0.147875185332718    0.147872667758851
20.4    8.47858438927336e-06    0.150162865182033    0.150160318866573
20.5    8.44507154481576e-06    0.152485682348055    0.152483106864811
20.6    8.4120253780278e-06    0.154844172529833    0.154841567445529
20.7    8.37944289757298e-06    0.157238879530289    0.157236244403945
20.8    8.34732107803878e-06    0.159670355377389    0.159667689760194
20.9    8.31565624843216e-06    0.162139160447624    0.162136463883003
21    8.28444335531274e-06    0.164645863591759    0.164643135615698
21.1    8.25367565502407e-06    0.167191042262703    0.167188282404211
21.2    8.22334599907544e-06    0.169775282645304    0.169772490426483
21.3    8.19344577546543e-06    0.172399179787901    0.172396354724386
21.4    8.1639668869497e-06    0.175063337735498    0.17506047933625
21.5    8.13490115524156e-06    0.177768369664549    0.177765477431846
21.6    8.1062418039397e-06    0.180514898019406    0.180511971448305
21.7    8.0779824014847e-06    0.183303554650568    0.183300593228713
21.8    8.05011795499125e-06    0.186134980954888    0.186131984161908
21.9    8.0226430639945e-06    0.189009828017912    0.189006795325471
22    7.99555387888163e-06    0.19192875675847    0.191925687629578
22.1    7.96884548448009e-06    0.194892438075609    0.194889331964911
22.2    7.94251303412239e-06    0.197901552997897    0.197898409351537
22.3    7.91655154112869e-06    0.200956792835079    0.200953611090651
22.4    7.89095525735363e-06    0.204058859332053    0.204055638918808
22.5    7.86571879395177e-06    0.207208464825118    0.207205205163726
22.6000000000001    7.84083607974276e-06    0.210406332400462    0.210403032903208
22.7000000000001    7.81630148087624e-06    0.2136531960549    0.213649856125421
22.8000000000001    7.79210986116301e-06    0.216949800858882    0.216946419891861
22.9000000000001    7.76825558749681e-06    0.22029690312185    0.220293480503141
23.0000000000001    7.74473486979133e-06    0.223695270560041    0.223691805665752
23.1000000000001    7.72154315313916e-06    0.227145682466836    0.227142174663543
23.2000000000001    7.69867669336436e-06    0.230648929885797    0.230645378530056
23.3000000000001    7.67613249402698e-06    0.234205815786497    0.234202220224352
23.4000000000001    7.65390719208065e-06    0.237817155243257    0.237813514810251
23.5000000000001    7.63199819054208e-06    0.24148377561688    0.241480089637535
23.6000000000001    7.6104029117149e-06    0.245206516739468    0.245202784527094
23.7000000000001    7.58911853421829e-06    0.248986231102379    0.248982451959017
23.8000000000001    7.56814246095762e-06    0.252823784047369    0.2528199572635
23.9000000000001    7.54747245998793e-06    0.256720053960934    0.256716178815107
24.0000000000001    7.52710525921763e-06    0.260675932471881    0.260672008231055
24.1000000000001    7.50703795623685e-06    0.264692324652085    0.264688350571263
24.2000000000001    7.48726761105657e-06    0.2687701492204    0.268766124542468
24.3000000000001    7.46778974095986e-06    0.272910338749652    0.272906262706036
24.4000000000001    7.44860055233663e-06    0.277113839876598    0.277109711686745
24.5000000000001    7.42969460840809e-06    0.281381613514704    0.281377432386854
24.6000000000001    7.41106657302629e-06    0.285714635069599    0.285710400200621
24.7000000000001    7.39271011865046e-06    0.290113894657016    0.290109605232878
24.8000000000001    7.37461800641049e-06    0.294580397323085    0.294576052519322
24.9000000000001    7.35678375220047e-06    0.299115163266867    0.299110762248098
25.0000000000001    7.33919957256087e-06    0.303719228065097    0.303714769985758
25.1000000000001    7.32185898477227e-06    0.308393642899183    0.308389126902718
25.2000000000001    7.30475512997236e-06    0.313139474784601    0.313134900003649
25.3000000000001    7.28788147414849e-06    0.317957806802931    0.317953172359087
25.4000000000001    7.27123353337468e-06    0.322849738336846    0.322845043339297
25.5000000000001    7.25480643958197e-06    0.327816385308426    0.327811628854087
25.6000000000001    7.23859675032955e-06    0.332858880421246    0.332854061593707
25.7000000000001    7.22260183991909e-06    0.337978373406625    0.337973491275444
25.8000000000001    7.20681961860577e-06    0.343176031274475    0.343171084894613
25.9000000000001    7.19124871808899e-06    0.348453038569072    0.348448026980178
26.0000000000001    7.17588796504948e-06    0.353810597630035    0.353805519856053
26.1000000000001    7.16073651653587e-06    0.359249928858636    0.35924478390731
26.2000000000001    7.14579257794589e-06    0.364772270989471    0.36476705785275
26.3000000000001    7.13105445441516e-06    0.370378881367352    0.370373599021078
26.4000000000001    7.1165195554844e-06    0.376071036229194    0.376065683633519
26.5000000000001    7.10218501278769e-06    0.381850030990579    0.381844607089966
26.6000000000001    7.08804692994141e-06    0.38771718053667    0.387711684260485
26.7000000000001    7.07410113077199e-06    0.393673819517125    0.393668249779703
26.8000000000001    7.06034323995775e-06    0.399721302644751    0.399715658345408
26.9000000000001    7.04676818303169e-06    0.405861004997653    0.405855285021127
27.0000000000001    7.03337106146441e-06    0.412094322324753    0.412088525540961
27.1000000000001    7.02014702749743e-06    0.418422671354595    0.418416796618492
27.2000000000001    7.00709173937292e-06    0.424847490107472    0.424841536258514
27.3000000000001    6.99420022685609e-06    0.431370238210966    0.431364204073534
27.4000000000001    6.9814691671199e-06    0.437992397219109    0.437986281600972
27.5000000000001    6.96889510948879e-06    0.444715470935414    0.444709272627669
27.6000000000001    6.95647541863173e-06    0.451540985740104    0.45153470351627
27.7000000000001    6.94420743598006e-06    0.458470490921882    0.458464123537714
27.8000000000001    6.93208986203559e-06    0.465505559014585    0.465499105206591
27.9000000000001    6.92012140892218e-06    0.472647786139043    0.472641244624184
28.0000000000001    6.90830085703864e-06    0.479898792350471    0.4798921618258
28.1000000000001    6.89662788049952e-06    0.487260221991664    0.487253501133152
28.2000000000001    6.88510206086425e-06    0.494733744052271    0.494726931514535
28.3000000000001    6.8737238206892e-06    0.502321052534389    0.502314146949487
28.4000000000001    6.86249283777343e-06    0.5100238668247    0.510016866802472
28.5000000000001    6.85141000927882e-06    0.517843932073317    0.517836836199735
28.6000000000001    6.84047475006782e-06    0.525783019579412    0.525775826417678
28.7000000000001    6.82968713131046e-06    0.533842927183672    0.533835635273133
28.8000000000001    6.81904657082833e-06    0.542025479667453    0.542018087523883
28.9000000000001    6.80855199319102e-06    0.550332529158507    0.550325035274253
29.0000000000001    6.79820160274914e-06    0.558765955543013    0.558758358387431
29.1000000000001    6.78799304523741e-06    0.567327666883638    0.567319964903405
29.2000000000001    6.77792377560598e-06    0.576019599843288    0.576011791462331
29.3000000000001    6.7679899247402e-06    0.58484372011423    0.584835803734997
29.4000000000001    6.75818757695202e-06    0.593802022852257    0.59379399685559
29.5000000000001    6.74851217489854e-06    0.602896533115626    0.602888395861352
29.6000000000002    6.73895897140748e-06    0.612129306308586    0.612121056135623
29.7000000000002    6.72952368748089e-06    0.621502428629479    0.621494063855139
29.8000000000002    6.72020171197266e-06    0.631018017523554    0.631009536443825
29.9000000000002    6.71098942207075e-06    0.640678222140859    0.640669623029024
30.0000000000002    6.70188403505566e-06    0.650485223799737    0.650476504905097
30.1000000000002    6.69288303988606e-06    0.660441236456655    0.660432396003923
30.2000000000002    6.68398577079789e-06    0.67054850718316    0.670539543369713
30.3000000000002    6.67519167676442e-06    0.680809316650803    0.680800227646106
30.4000000000002    6.66650116191609e-06    0.691225979624862    0.691216763568708
30.5000000000002    6.65791508202094e-06    0.70180084546752    0.701791500468871
30.6000000000002    6.64943457437706e-06    0.712536298651051    0.71252682278706
30.7000000000002    6.64106048120045e-06    0.723434759281277    0.723425150597107
30.8000000000002    6.63279409271289e-06    0.734498683631353    0.73448894013892
30.9000000000002    6.62463566385443e-06    0.745730564685667    0.745720684364532
31.0000000000002    6.61658471966947e-06    0.757132932693434    0.757122913491341
31.1000000000002    6.60864007396362e-06    0.768708355731374    0.768698195564829
31.2000000000002    6.60079990238031e-06    0.780459440274769    0.780449137029584
31.3000000000002    6.59306156187081e-06    0.792388831776161    0.792378383308351
31.4000000000002    6.58542162532553e-06    0.80449921525099    0.804488619387709
31.5000000000002    6.57787643157151e-06    0.816793315869597    0.816782570409275
31.6000000000002    6.57042167369597e-06    0.829273899555188    0.829263002268381
31.7000000000002    6.56305337360339e-06    0.841943773587607    0.841932722216291
31.8000000000002    6.55576754717895e-06    0.854805787212988    0.854794579470385
31.9000000000002    6.54856053521255e-06    0.867862832259626    0.867851465829473
32.0000000000002    6.54142982813436e-06    0.881117843760634    0.88110631629495
32.1000000000002    6.53437272684918e-06    0.894573800584157    0.89456210970326
32.2000000000002    6.52738817893304e-06    0.908233726072066    0.908221869361285
32.3000000000002    6.52047566812655e-06    0.922100688688195    0.922088663696396
32.4000000000002    6.51363516443116e-06    0.936177802677227    0.936165606915354
32.5000000000002    6.50686842625182e-06    0.950468228735265    0.950455859672334
32.6000000000002    6.50017642797066e-06    0.96497517469308    0.964962629756856
32.7000000000002    6.49356136470471e-06    0.979701896212716    0.979689172786572
32.8000000000002    6.48702481171513e-06    0.9946516974979    0.994638792921131
32.9000000000002    6.4805686774862e-06    1.00982793201831    1.0098148435846
33.0000000000002    6.47419328301275e-06    1.02523400324744    1.02522072820719
33.1000000000002    6.46789903143825e-06    1.0408733654133    1.04085990097272
33.2000000000002    6.46168517684679e-06    1.05674952426126    1.05673586758403
33.3000000000002    6.45554949207094e-06    1.07286603782769    1.0728521860375
33.4000000000002    6.44948979914399e-06    1.08922651722352    1.08921246740352
33.5000000000002    6.4435024918809e-06    1.10583462742668    1.10582037662216
33.6000000000002    6.43758386083132e-06    1.12269408808256    1.12267963330093
33.7000000000002    6.43173009122555e-06    1.13980867431223    1.13979401252303
33.8000000000002    6.42593759646e-06    1.15718221752838    1.15716734566251
33.9000000000002    6.42020259591191e-06    1.17481860625937    1.17480352120929
34.0000000000002    6.41452321228437e-06    1.1927217869823    1.19270648559728
34.1000000000002    6.40889719683502e-06    1.21089576496623    1.21088024405275
34.2000000000002    6.40332356175966e-06    1.22934460512717    1.22932886144543
34.3000000000002    6.39780250998122e-06    1.2480724328963    1.24805646315659
34.4000000000002    6.39233456342498e-06    1.26708343510305    1.26706723596413
34.5000000000002    6.38692142162414e-06    1.2863818608744    1.28636542893962
34.6000000000002    6.38156448929529e-06    1.30597202255147    1.30595535436847
34.7000000000002    6.37626511740297e-06    1.32585829662407    1.32584138868387
34.8000000000002    6.37102467137592e-06    1.34604512468337    1.34602797341925
34.9000000000002    6.36584423553427e-06    1.36653701439237    1.36651961617957
35.0000000000002    6.36072431442344e-06    1.38733854047355    1.38732089162983
35.1000000000002    6.35566416700837e-06    1.40845434571289    1.40843644250105
35.2000000000002    6.35066315561558e-06    1.4298891419789    1.42987098060565
35.3000000000002    6.34571916188133e-06    1.45164771125556    1.45162928787508
35.4000000000002    6.34082981885752e-06    1.47373490668823    1.47371621740225
35.5000000000002    6.33599276014132e-06    1.49615565364125    1.49613669449859
35.6000000000002    6.33120449819214e-06    1.51891495076695    1.51889571776638
35.7000000000002    6.3264622423446e-06    1.54201787108562    1.54199836017338
35.8000000000002    6.32176320375649e-06    1.56546956307681    1.56544977014618
35.9000000000002    6.31710523864269e-06    1.58927525178259    1.58925517267139
36.0000000000002    6.31248688999616e-06    1.61344023992415    1.61341987041201
36.1000000000002    6.30790749868751e-06    1.63796990903331    1.63794924483831
36.2000000000002    6.30336709925235e-06    1.66286972060067    1.66284875737623
36.3000000000002    6.29886636428617e-06    1.68814521724247    1.68812395057418
36.4000000000002    6.29440638479374e-06    1.71380202388775    1.71378044929075
36.5000000000002    6.28998899941311e-06    1.7398458489871    1.73982396190227
36.6000000000003    6.28561553877576e-06    1.76628248574401    1.7662602815383
36.7000000000003    6.28128738916826e-06    1.79311781336901    1.79309528733388
36.8000000000003    6.27700521261847e-06    1.82035779835622    1.82033494570889
36.9000000000003    6.27276922161016e-06    1.84800849578163    1.84798531166543
37.0000000000003    6.26857882746158e-06    1.8760760506216    1.87605253010782
37.1000000000003    6.26443272544014e-06    1.90456669909037    1.90454283717994
37.2000000000003    6.26032919589513e-06    1.93348676999489    1.9334625616191
37.3000000000003    6.25626545575504e-06    1.96284268610582    1.96281812612969
37.4000000000003    6.25223921878216e-06    1.99264096554369    1.99261604876349
37.5000000000003    6.24824797771222e-06    2.02288822318007    2.02286294432352
37.6000000000003    6.24428938564924e-06    2.05359117205414    2.05356552577917
37.7000000000003    6.24036172528316e-06    2.08475662480566    2.08473060569713
37.8000000000003    6.23646404533694e-06    2.11639149512604    2.11636509769173
37.9000000000003    6.23259592714271e-06    2.1485027992296    2.14847601789693
38.0000000000003    6.22875769630768e-06    2.18109765734723    2.18107048645883
38.1000000000003    6.22495008261473e-06    2.21418329524459    2.21415572905521
38.2000000000003    6.22117420809604e-06    2.24776704576685    2.24773907844009
38.3000000000003    6.21743135471245e-06    2.2818563504111    2.28182797601708
38.4000000000003    6.21372260802087e-06    2.31645876092732    2.31642997344185
38.5000000000003    6.21004887135705e-06    2.35158194094767    2.35155273425148
38.6000000000003    6.20641061051803e-06    2.38723366764357    2.38720403552275
38.7000000000003    6.20280728844456e-06    2.42342183340948    2.42339176955874
38.8000000000003    6.19923811764033e-06    2.46015444757168    2.46012394559431
38.9000000000003    6.195702259595e-06    2.49743963812076    2.49740869152768
39.0000000000003    6.19219777836038e-06    2.53528565346646    2.5352542556805
39.1000000000003    6.18872277146708e-06    2.57370086421373    2.57366900856858
39.2000000000003    6.18527539754531e-06    2.61269376495963    2.61266144469861
39.3000000000003    6.18185399243264e-06    2.6522729761112    2.65224018438534
39.4000000000003    6.17845689534051e-06    2.69244724572493    2.69241397559198
39.5000000000003    6.17508298839442e-06    2.73322545136937    2.73319169578983
39.6000000000003    6.1717320060935e-06    2.7746166020127    2.7745823538439
39.7000000000003    6.16840393103372e-06    2.81662983993757    2.81659509193075
39.8000000000003    6.16509942901628e-06    2.85927444268555    2.85923918748043
39.9000000000003    6.161819227351e-06    2.90255982503359    2.90252405515612
40.0000000000003    6.15856444955921e-06    2.94649554100406    2.94645924886218
40.1000000000003    6.15533629066205e-06    2.99109128590962    2.99105446379079
40.2000000000003    6.15213528510603e-06    3.03635689843324    3.03631953850625
40.3000000000003    6.1489618072525e-06    3.08230236274277    3.08226445705684
40.4000000000003    6.14581612911301e-06    3.12893781063907    3.12889935112251
40.5000000000003    6.14269712614992e-06    3.17627352373597    3.17623450220318
40.6000000000003    6.13960395182979e-06    3.22431993567058    3.22428034381882
40.7000000000003    6.13653485842139e-06    3.2730876343421    3.27304746375588
40.8000000000003    6.13348849815676e-06    3.3225873641783    3.32254660632553
40.9000000000003    6.13046304605531e-06    3.372830028429    3.37278867466282
41.0000000000003    6.12745711149099e-06    3.42382669148708    3.42378473304176
41.1000000000003    6.12446934045693e-06    3.47558858123821    3.47554600922753
41.2000000000003    6.12149927981804e-06    3.52812709144139    3.52808389685091
41.3000000000003    6.11854692142592e-06    3.5814537841429    3.58140995782501
41.4000000000003    6.11561226727371e-06    3.63558039212649    3.63553592479834
41.5000000000003    6.11269634909872e-06    3.69051882140261    3.69047370363655
41.6000000000003    6.10979980321722e-06    3.74628115373891    3.74623537596289
41.7000000000003    6.10692364040055e-06    3.80287964923369    3.80283320172608
41.8000000000003    6.10406868537615e-06    3.86032674893291    3.86027962182133
41.9000000000003    6.10123517614371e-06    3.91863507749081    3.9185872607542
42.0000000000003    6.09842351222843e-06    3.97781744587297    3.97776892933797
42.1000000000003    6.09563310192342e-06    4.0378868541005    4.03783762744703
42.2000000000003    6.09286311749922e-06    4.09885649403345    4.09880654679466
42.3000000000003    6.09011277831397e-06    4.1607397521917    4.16068907375167
42.4000000000003    6.08738039549619e-06    4.22355021261209    4.22349879221157
42.5000000000003    6.08466475273349e-06    4.28730165974114    4.28724948647201
42.6000000000003    6.08196471269101e-06    4.35200808136353    4.35195514416634
42.7000000000003    6.07927922928667e-06    4.41768367156744    4.4176299592288
42.8000000000003    6.0766079286655e-06    4.48434283374873    4.48428833489346
42.9000000000003    6.07394983126252e-06    4.55200018365655    4.55194488675092
43.0000000000003    6.07130619745804e-06    4.62067055248319    4.62061444581231
43.1000000000003    6.06867680654435e-06    4.6903689900013    4.69031206167977
43.2000000000003    6.06606262016176e-06    4.76111076775117    4.76105300570944
43.3000000000003    6.06346450474024e-06    4.83291138228004    4.83285277426217
43.4000000000003    6.06088303737556e-06    4.90578655843473    4.90572709199807
43.5000000000003    6.05831830029787e-06    4.97975225270781    4.97969191522494
43.6000000000003    6.05577131972707e-06    5.05482465663645    5.05476343528283
43.7000000000004    6.05324111723691e-06    5.1310202002527    5.13095808202382
43.8000000000004    6.05072720174098e-06    5.20835555558315    5.20829252728724
43.9000000000004    6.04822854987868e-06    5.28684764019623    5.28678368845736
44.0000000000004    6.045743952505e-06    5.36651362079567    5.36644873205343
44.1000000000004    6.04327277749748e-06    5.44737091685938    5.44730507736052
44.2000000000004    6.0408137084732e-06    5.52943720432436    5.52937040012778
44.3000000000004    6.0383655553177e-06    5.61273041931905    5.61266263629227
44.4000000000004    6.03592816860868e-06    5.69726876194537    5.69719998575049
44.5000000000004    6.03350173448923e-06    5.78307070011391    5.78300091620075
44.6000000000004    6.03108618277858e-06    5.87015497343579    5.87008416704173
44.7000000000004    6.02868241083051e-06    5.95854059717468    5.95846875331002
44.8000000000004    6.02629064498885e-06    6.04824686626185    6.04817396971413
44.9000000000004    6.02391179532265e-06    6.13929335937635    6.13921939469854
45.0000000000004    6.02154635117667e-06    6.23169994309118    6.23162489460298
45.1000000000004    6.01919470126158e-06    6.32548677608545    6.32541062787083
45.2000000000004    6.01685643620729e-06    6.42067431342136    6.42059704933511
45.3000000000004    6.0145316080503e-06    6.51728331088418    6.51720491454276
45.4000000000004    6.01221938222914e-06    6.61533482938345    6.61525528417313
45.5000000000004    6.00991901467559e-06    6.71485023941356    6.71476952848636
45.6000000000004    6.00762955056333e-06    6.81585122557282    6.81576933184633
45.7000000000004    6.00534986433615e-06    6.91835979114075    6.91827669729769
45.8000000000004    6.00307951505921e-06    7.02239826271484    7.02231395119066
45.9000000000004    6.00081789048749e-06    7.12798929490879    7.12790374789077
46.0000000000004    5.99856484151509e-06    7.23515587511541    7.23506907453278
46.1000000000004    5.99632047870824e-06    7.34392132833793    7.34383325585433
46.2000000000004    5.99408502333748e-06    7.4543093220933    7.45421995910122
46.3000000000004    5.99185917962115e-06    7.56634387139116    7.56625319900049
46.4000000000004    5.98964356360772e-06    7.68004934379105    7.67995734282586
46.5000000000004    5.98743823930218e-06    7.79545046453984    7.79535711554235
46.6000000000004    5.98524386229158e-06    7.91257232178957    7.91247760500663
46.7000000000004    5.98306046263632e-06    8.03144037189537    8.03134426728367
46.8000000000004    5.98088795652531e-06    8.15208044479196    8.15198293201566
46.9000000000004    5.9787256265964e-06    8.27451874944707    8.27441980788402
47.0000000000004    5.97657286464484e-06    8.39878187938974    8.39868148812598
47.1000000000004    5.97442914465899e-06    8.52489681831237    8.52479495613692
47.2000000000004    5.97229316398883e-06    8.6528909457465    8.65278759116088
47.3000000000004    5.9701646841242e-06    8.78279204281312    8.78268717400944
47.4000000000004    5.96804339233654e-06    8.91462829804974    8.91452189290775
47.5000000000004    5.96592869052994e-06    9.04842831331814    9.04832034940609
47.6000000000004    5.96382092318767e-06    9.18422110979645    9.18411156434973
47.7000000000004    5.96172032198919e-06    9.32203613406008    9.3219249839782
47.8000000000004    5.95962712157965e-06    9.46190326425568    9.46179048609716
47.9000000000004    5.95754226612879e-06    9.60385281637108    9.60373838633466
48.0000000000004    5.95546576624114e-06    9.74791555060344    9.7477994445402
48.1000000000004    5.9533982893003e-06    9.89412267782611    9.89400487122141
48.2000000000004    5.95133916600605e-06    10.0425058661539    10.0423863341483
48.3000000000004    5.94928896031149e-06    10.1930972476048    10.1929759649645
48.4000000000004    5.94724695702376e-06    10.3459294248574    10.3458063659946
48.5000000000004    5.94521232631409e-06    10.5010354781007    10.5009106170719
48.6000000000004    5.94318503435857e-06    10.6584489719773    10.6583222824614
48.7000000000004    5.94116413139335e-06    10.8182039626183    10.8180754179313
48.8000000000004    5.93914893245216e-06    10.9803350047727    10.9802045778575
48.9000000000004    5.93713952773341e-06    11.1448771590332    11.1447448224375
49.0000000000004    5.9351356344603e-06    11.3118659991625    11.3117317250415
49.1000000000004    5.93313706368135e-06    11.4813376195254    11.4812013796342
49.2000000000004    5.93114460221014e-06    11.6533286426296    11.653190408295
49.3000000000004    5.92915825329087e-06    11.8278762267816    11.8277359689133
49.4000000000004    5.92717853882827e-06    12.0050180738589    12.0048757629315
49.5000000000004    5.92520590981571e-06    12.1847924372022    12.1846480432494
49.6000000000004    5.92324024247648e-06    12.3672381296268    12.3670916222495
49.7000000000004    5.92128165279636e-06    12.5523945315544    12.5522458799077
49.8000000000004    5.91933010928316e-06    12.7403015992619    12.740150772053
49.9000000000004    5.91738486583072e-06    12.9309998732475    12.9308468387472
50.0000000000004    5.91544564636879e-06    13.1245304867119    13.124375212737
50.1000000000004    5.91351180050554e-06    13.320935174154    13.320777628071
50.2000000000004    5.91158307757071e-06    13.5202562800829    13.5200964287914
50.3000000000004    5.90965863538791e-06    13.7225367678474    13.72237457779
50.4000000000004    5.90773896702246e-06    13.9278202285883    13.9276556657079
50.5000000000004    5.90582389306992e-06    14.1361508903166    14.1359839200673
50.6000000000004    5.90391320452447e-06    14.3475736271244    14.3474042144658
50.7000000000005    5.90200746041728e-06    14.5621339685325    14.5619620779004
50.8000000000005    5.90010689696446e-06    14.7798781089787    14.7797037042862
50.9000000000005    5.89821191978038e-06    15.0008529174515    15.0006759620763
51.0000000000005    5.89632261892824e-06    15.2251059472685    15.224926404054
51.1000000000005    5.89443923895971e-06    15.4526854460015    15.4525032772444
51.2000000000005    5.8925613209051e-06    15.6836403655465    15.6834555330104
51.3000000000005    5.89068874147281e-06    15.9180203723371    15.9178328372351
51.4000000000005    5.88882143360894e-06    16.1558758577011    16.1556855806855
51.5000000000005    5.88695861085072e-06    16.3972579483579    16.3970648895367
51.6000000000005    5.88509979484683e-06    16.6422185170606    16.6420226359798
51.7000000000005    5.88324482441594e-06    16.8908101933813    16.8906114490072
51.8000000000005    5.88139365769636e-06    17.1430863746467    17.1428847253537
51.9000000000005    5.87954591205166e-06    17.3991012370271    17.3988966406009
52.0000000000005    5.87770209762928e-06    17.658909746785    17.6587021603834
52.1000000000005    5.87586227237485e-06    17.9225676716886    17.9223570518477
52.2000000000005    5.87402662104758e-06    18.1901315925953    18.1899178952162
52.3000000000005    5.87219539218473e-06    18.4616589152093    18.4614420955457
52.4000000000005    5.87036899668808e-06    18.7372078820141    18.736987894657
52.5000000000005    5.86854708104274e-06    19.016837584383    19.0166143832794
52.6000000000005    5.8667297794218e-06    19.3006079748652    19.3003815132906
52.7000000000005    5.86491705674172e-06    19.5885798796478    19.5883501102029
52.8000000000005    5.86310841846967e-06    19.8808150111928    19.8805818858119
52.9000000000005    5.86130341191415e-06    20.1773759810478    20.1771394509888
53.0000000000005    5.85950187985654e-06    20.4783263128337    20.4780863286568
53.1000000000005    5.85770328919674e-06    20.7837304554097    20.7834869669835
53.2000000000005    5.85590796142435e-06    21.0936537962216    21.0934067526778
53.3000000000005    5.85411534256327e-06    21.408162674838    21.4079120245982
53.4000000000005    5.85232611117574e-06    21.7273243966817    21.7270700873942
53.5000000000005    5.85054001926293e-06    22.0512072469606    22.0509492255292
53.6000000000005    5.84875748722154e-06    22.3798805048059    22.3796187173497
53.7000000000005    5.84697849842753e-06    22.7134144576199    22.7131488494809
53.8000000000005    5.84520333289146e-06    23.0518804156371    23.0516109313558
53.9000000000005    5.84343205297704e-06    23.3953507266992    23.3950773100123
54.0000000000005    5.84166460836305e-06    23.7438987912446    23.7436213850786
54.1000000000005    5.83990060266337e-06    24.0975990775107    24.0973176239876
54.2000000000005    5.83814003757205e-06    24.4565271369507    24.4562415773573
54.3000000000005    5.83638237074736e-06    24.8207596198626    24.8204698946658
54.4000000000005    5.83462752759565e-06    25.1903742912348    25.1900803400474
54.5000000000005    5.832875392243e-06    25.565450046811    25.5651518083816
54.6000000000005    5.83112555068331e-06    25.9460669293781    25.9457643415949
54.7000000000005    5.82937818509278e-06    26.3323061452865    26.3319991451341
54.8000000000005    5.82763342109497e-06    26.7242500812063    26.7239386047556
54.9000000000005    5.82589139747195e-06    27.121982321128    27.1216663035221
55.0000000000005    5.82415233322021e-06    27.5255876636135    27.5252670390496
55.1000000000005    5.82241640572689e-06    27.9351521393004    27.9348268410182
55.2000000000005    5.82068350087597e-06    28.3507630286644    28.3504329889482
55.3000000000005    5.81895381114437e-06    28.7725088800387    28.7721740301868
55.4000000000005    5.81722740735811e-06    29.2004795278935    29.2001397982102
55.5000000000005    5.81550350906825e-06    29.6347661113736    29.6344214312055
55.6000000000005    5.81378235053465e-06    30.0754610930957    30.0751113907591
55.7000000000005    5.81206363960662e-06    30.5226582782064    30.5223034810037
55.8000000000005    5.81034715932124e-06    30.9764528337043    30.9760928679064
55.9000000000005    5.80863283732728e-06    31.4369413080324    31.4365760988546
56.0000000000005    5.80692039536104e-06    31.9042216509446    31.9038511225455
56.1000000000005    5.80520997053253e-06    32.3783932336563    32.3780173090962
56.2000000000005    5.80350198500153e-06    32.8595568692848    32.8591754704912
56.3000000000005    5.80179614719484e-06    33.3478148335879    33.3474278813857
56.4000000000005    5.80009302826293e-06    33.8432708860064    33.8428783000444
56.5000000000005    5.79839227495313e-06    34.3460302910134    34.3456319898095
56.6000000000005    5.7966942106062e-06    34.8561998397754    34.8557957406542
56.7000000000005    5.79499878245568e-06    35.3738878721243    35.3734778912258
56.8000000000005    5.7933058176256e-06    35.8992042988425    35.898788351114
56.9000000000005    5.79161497713497e-06    36.4322606242625    36.431838623454
57.0000000000005    5.78992617359121e-06    36.9731699691805    36.9727418278103
57.1000000000005    5.78823937608985e-06    37.5220470940895    37.5216127234228
57.2000000000005    5.78655451957886e-06    38.0790084227364    38.0785677327699
57.3000000000005    5.78487114633577e-06    38.6441720660095    38.643724965484
57.4000000000005    5.78318942858671e-06    39.2176578461642    39.217204242499
57.5000000000005    5.78150976835969e-06    39.7995873213955    39.7991271206504
57.6000000000005    5.77983185515064e-06    40.3900838107655    40.3896169176779
57.7000000000005    5.77815626676998e-06    40.989272419493    40.9887987373874
57.8000000000006    5.77648259679599e-06    41.5972800646109    41.5967994954582
57.9000000000006    5.77481097243399e-06    42.2142355009954    42.2137479453502
58.0000000000006    5.77314178779706e-06    42.8402693477686    42.8397747047259
58.1000000000006    5.77147444685114e-06    43.4755141150781    43.4750122823369
58.2000000000006    5.76980902290187e-06    44.1201042312544    44.119595105041
58.3000000000006    5.76814540279455e-06    44.7741760703482    44.7736595454118
58.4000000000006    5.76648340081331e-06    45.4378679800517    45.4373439496506
58.5000000000006    5.76482296430632e-06    46.1113203100111    46.1107886658795
58.6000000000006    5.76316394148561e-06    46.7946754405346    46.7941360728708
58.7000000000006    5.76150630400605e-06    47.488077811708    47.4875306091414
58.8000000000006    5.75985027637706e-06    48.1916739529248    48.1911188024693
58.9000000000006    5.75819583460259e-06    48.9056125128413    48.9050492998958
59.0000000000006    5.75654310683039e-06    49.6300442897645    49.629472898075
59.1000000000006    5.75489215465753e-06    50.3651222624803    50.3645425741224
59.2000000000006    5.75324297839307e-06    51.1110016215259    51.110413516887
59.3000000000006    5.75159550098998e-06    51.8678398009112    51.8672431586748
59.4000000000006    5.74994984396899e-06    52.6357965102909    52.6351912073915
59.5000000000006    5.74830594140615e-06    53.4150337675913    53.4144196792093
59.6000000000006    5.74666336734259e-06    54.2057159320949    54.205092931671
59.7000000000006    5.74502213058162e-06    55.0080097379866    55.007377697151
59.8000000000006    5.74338224869837e-06    55.8220843283695    55.8214431169158
59.9000000000006    5.74174353685502e-06    56.6481112897586    56.6474607756399
60.0000000000006    5.74010602067617e-06    57.4862646870616    57.4856047363417
60.1000000000006    5.738469795461e-06    58.3367210990579    58.336051575876
60.2000000000006    5.73683497514717e-06    59.1996596543859    59.1989804209265
60.3000000000006    5.73520152737226e-06    60.0752620680479    60.0745729845304
60.4000000000006    5.73356983714425e-06    60.9637126784404    60.9630136030403
60.5000000000006    5.73193942422247e-06    61.8651984849163    61.8644892738411
60.6000000000006    5.73031060990765e-06    62.7799091858835    62.7791896932471
60.7000000000006    5.72868321234201e-06    63.7080372174438    63.7073072952987
60.8000000000006    5.72705709302421e-06    64.6497777925766    64.6490372908805
60.9000000000006    5.72543232366757e-06    65.6053289408718    65.6045777074311
61.0000000000006    5.72380853730385e-06    66.5748915488198    66.5741294293168
61.1000000000006    5.72218597927492e-06    67.5586694006643    67.5578962385469
61.2000000000006    5.72056446047215e-06    68.5568692198313    68.5560848563391
61.3000000000006    5.71894394224776e-06    69.5697007109426    69.5689049850564
61.4000000000006    5.71732444028511e-06    70.5973766024288    70.5965693508308
61.5000000000006    5.71570629331856e-06    71.6401126897494    71.6392937467443
61.6000000000006    5.71408922992113e-06    72.6981278792345    72.6972970768027
61.7000000000006    5.71247351815259e-06    73.7716442325545    73.7708014002411
61.8000000000006    5.71085917029648e-06    74.8608870118247    74.8600319767415
61.9000000000006    5.70924584992695e-06    75.9660847253527    75.9652173121971
62.0000000000006    5.70763409726639e-06    77.0874691740319    77.0865892049194
62.1000000000006    5.70602307835695e-06    78.225275498388    78.2243827930272
62.2000000000006    5.70441318127673e-06    79.3797422262854    79.3788366017557
62.3000000000006    5.70280417746951e-06    80.5511113213007    80.5501925921117
62.4000000000006    5.70119627520005e-06    81.739628231775    81.7386962097607
62.5000000000006    5.69958928111688e-06    82.9455419405583    82.9445964349037
62.6000000000006    5.69798297582166e-06    84.1691050154561    84.1681458326666
62.7000000000006    5.69637777851558e-06    85.4105736603942    85.4096006041494
62.8000000000006    5.69477359872171e-06    86.6702077673125    86.669220638512
62.9000000000006    5.69317062507619e-06    87.9482709688007    87.9472695654762
63.0000000000006    5.69156847036954e-06    89.2450306914857    89.244014808862
63.1000000000006    5.68996762258106e-06    90.5607582101772    90.5597276404769
63.2000000000006    5.68836777390555e-06    91.89572870278    91.8946832353235
63.3000000000006    5.68676889435612e-06    93.2502213059813    93.2491607270967
63.4000000000006    5.68517095307463e-06    94.624519171719    94.6234432647
63.5000000000006    5.68357364837711e-06    96.0189095244411    96.0178180695567
63.6000000000006    5.68197747840842e-06    97.433683719168    97.4325764934662
63.7000000000006    5.68038189572511e-06    98.8691373003704    98.8680140778356
63.8000000000006    5.67878715026203e-06    100.325570061678    100.324430613033
63.9000000000006    5.67719321203539e-06    101.803286106434    101.802130199147
64.0000000000006    5.67559993403971e-06    103.302593909109    103.301421307373
64.1000000000006    5.67400787393987e-06    104.823806377588    104.822616842132
64.2000000000006    5.67241650982872e-06    106.36724091635    106.366034204608
64.3000000000006    5.67082614657313e-06    107.933219490539    107.931995356435
64.4000000000006    5.66923681160962e-06    109.522068690946    109.520826884899
64.5000000000006    5.66764810322647e-06    111.134119799903    111.132860068876
64.6000000000006    5.66606052033778e-06    112.769708858109    112.768430945359
64.7000000000006    5.66447336202626e-06    114.429176732386    114.427880377682
64.8000000000006    5.66288716327272e-06    116.112869184391    116.111554123685
64.9000000000006    5.66130143758338e-06    117.821136940288    117.819802905896
65.0000000000006    5.6597165642402e-06    119.554335761398    119.552982481748
65.1000000000006    5.6581324598973e-06    121.312826515852    121.311453715536
65.2000000000006    5.65654912693234e-06    123.096975251256    123.095582650957
65.3000000000006    5.65496636261759e-06    124.907153268384    124.905740584873
65.4000000000006    5.65338431278639e-06    126.743737195927    126.742304141917
65.5000000000006    5.65180321325531e-06    128.607109066285    128.605655350356
65.6000000000005    5.65022288945104e-06    130.497656392447    130.496181719088
65.7000000000005    5.64864340347679e-06    132.415772245946    132.414276315439
65.8000000000005    5.6470645101852e-06    134.361855335914    134.360337844353
65.9000000000005    5.6454863284283e-06    136.336310089236    136.334770728377
66.0000000000005    5.64390867119064e-06    138.339546731838    138.337985189117
66.1000000000005    5.64233163910932e-06    140.371981371111    140.370397329505
66.2000000000005    5.64075531707367e-06    142.434036079483    142.432429217455
66.3000000000005    5.63917963607246e-06    144.526138979188    144.52450897066
66.4000000000005    5.6376043170064e-06    146.648724328213    146.647070842572
66.5000000000005    5.63602999850788e-06    148.802232607473    148.800555309233
66.6000000000005    5.63445628863021e-06    150.987110609217    150.985409158254
66.7000000000005    5.63288314893238e-06    153.203811526686    153.202085578072
66.8000000000005    5.63131082211127e-06    155.452795045033    155.451044248878
66.9000000000005    5.62973918062349e-06    157.734527433524    157.732751435024
67.0000000000005    5.62816808986973e-06    160.049481639042    160.047680078411
67.1000000000005    5.62659748771611e-06    162.398137380887    162.396309893266
67.2000000000005    5.62502757948218e-06    164.78098124691    164.77912746221
67.3000000000005    5.62345830842785e-06    167.198506791    167.19662633391
67.4000000000004    5.62188935505283e-06    169.651214631924    169.649307121932
67.5000000000004    5.62032102477018e-06    172.139612553573    172.137677604681
67.6000000000004    5.61875314623289e-06    174.664215606611    174.662252827418
67.7000000000004    5.6171858274802e-06    177.225546211561    177.223555205092
67.8000000000004    5.61561940580104e-06    179.824134263344    179.822114626889
67.9000000000004    5.6140534190661e-06    182.460517237303    182.458468562623
68.0000000000004    5.61248796244235e-06    185.135240296712    185.13316216976
68.1000000000004    5.61092317951765e-06    187.848856401795    187.846748402617
68.2000000000004    5.60935882165523e-06    190.60192642028    190.59978812308
68.3000000000004    5.60779524891224e-06    193.395019239498    193.392850212321
68.4000000000004    5.60623198601035e-06    196.228711880045    196.226511685018
68.5000000000004    5.6046692088873e-06    199.103589611049    199.101357804042
68.6000000000004    5.60310677709625e-06    202.020246067037    202.017982197702
68.7000000000004    5.60154504134319e-06    204.97928336645    204.976986977937
68.8000000000004    5.59998363944454e-06    207.981312231834    207.978982860987
68.9000000000004    5.59842287204166e-06    211.026952111709    211.024589288707
69.0000000000004    5.59686265690257e-06    214.116831304166    214.114434552585
69.1000000000003    5.5953028119074e-06    217.251587082201    217.249155918972
69.2000000000003    5.59374366963218e-06    220.431865820812    220.429399755899
69.3000000000003    5.59218508694601e-06    223.658323125879    223.655821662389
69.4000000000003    5.59062681732535e-06    226.931623964842    226.929086598983
69.5000000000003    5.5890689243286e-06    230.252442799225    230.249869020064
69.6000000000003    5.58751154502598e-06    233.621463718985    233.618853008321
69.7000000000003    5.58595461325954e-06    237.039380578768    237.036732411117
69.8000000000003    5.58439830729414e-06    240.506897136052    240.504210978434
69.9000000000003    5.5828423031714e-06    244.024727191245    244.022002503317
70.0000000000003    5.58128669625152e-06    247.593594729738    247.59083096349
70.1000000000003    5.57973161203544e-06    251.214234065959    251.211430665595
70.2000000000003    5.57817678286192e-06    254.88738998946    254.88454639148
70.3000000000003    5.57662253428202e-06    258.61381791304    258.610933545836
70.4000000000003    5.57506888129364e-06    262.394284022963    262.391358306859
70.5000000000003    5.5735156611759e-06    266.229565431265    266.2265977785
70.6000000000003    5.57196277011811e-06    270.120450330202    270.117440144789
70.7000000000003    5.57041027817529e-06    274.067738148849    274.064684826366
70.8000000000003    5.56885833211072e-06    278.072239711886    278.069142639315
70.9000000000002    5.56730656982195e-06    282.134777400608    282.131635956498
71.0000000000002    5.56575543839703e-06    286.256185316186    286.252998870081
71.1000000000002    5.56420446367045e-06    290.437309445214    290.434077358051
71.2000000000002    5.5626538723563e-06    294.679007827582    294.67572945117
71.3000000000002    5.56110394405107e-06    298.982150726699    298.978825403556
71.4000000000002    5.55955438103804e-06    303.34762080211    303.344247865674
71.5000000000002    5.55800516328504e-06    307.776313284535    307.772892058874
71.6000000000002    5.55645639642313e-06    312.269136153344    312.265665952948
71.7000000000002    5.55490800565131e-06    316.827010316526    316.823490446287
71.8000000000002    5.55335985970493e-06    321.450869793168    321.44729954828
71.9000000000002    5.55181226023744e-06    326.141661898471    326.138040564021
72.0000000000002    5.55026499610226e-06    330.900347431361    330.896674282517
72.1000000000002    5.54871806139113e-06    335.727900864715    335.724175166454
72.2000000000002    5.54717151035187e-06    340.625310538242    340.621531545168
72.3000000000002    5.54562514413706e-06    345.59357885407    345.589745810446
72.4000000000002    5.54407933971864e-06    350.633722475071    350.629834614272
72.5000000000002    5.54253377771075e-06    355.746772525956    355.742829070807
72.6000000000002    5.54098875590729e-06    360.9337747972    360.929774959387
72.7000000000001    5.53944408285859e-06    366.195789951799    366.191732932069
72.8000000000001    5.53789962297121e-06    371.533893734933    371.529778722902
72.9000000000001    5.536355631094e-06    376.949177186544    376.945003360252
73.0000000000001    5.53481203011511e-06    382.442746856874    382.438513382873
73.1000000000001    5.53326856119091e-06    388.015725025018    388.011431058353
73.2000000000001    5.53172554852833e-06    393.669249920521    393.664894604118
73.3000000000001    5.53018293583876e-06    399.404475948057    399.400058412853
73.4000000000001    5.52864059803781e-06    405.222573915267    405.218093280092
73.5000000000001    5.52709862471818e-06    411.124731263762    411.120186635007
73.6000000000001    5.52555693641498e-06    417.112152303367    417.107542774945
73.7000000000001    5.52401566623449e-06    423.186058449634    423.181383102628
73.8000000000001    5.52247462548434e-06    429.347688464676    429.342946367434
73.9000000000001    5.52093398491936e-06    435.598298701355    435.593488909008
74.0000000000001    5.51939366168905e-06    441.939163350884    441.934284905376
74.1000000000001    5.51785364024479e-06    448.371574693862    448.366626623713
74.2000000000001    5.51631393489966e-06    454.896843354822    454.891824674914
74.3000000000001    5.51477459527785e-06    461.516298560308    461.511208271663
74.4    5.51323561471372e-06    468.231288400559    468.226125490193
74.5    5.51169673264795e-06    475.043180094835    475.03794353581
74.6    5.51015824017622e-06    481.953360260449    481.948049011156
74.7    5.50862003653313e-06    488.963235185545    488.957848189871
74.8    5.50708225190727e-06    496.074231105694    496.068767292596
74.9    5.50554460203895e-06    503.28779448434    503.28225276805
75    5.50400737552262e-06    510.605392297158    510.599771576404
75.1    5.50247060736362e-06    518.028512320362    518.022811478405
75.2    5.50093400851453e-06    525.55866342304    525.552881327797
75.3    5.49939766770075e-06    533.197375863542    533.191511366983
75.4    5.49786156796859e-06    540.946201589996    540.940253528034
75.5    5.49632582820197e-06    548.806714544999    548.800681737118
75.6    5.49479036377178e-06    556.780510974555    556.774392223804
75.7    5.4932552821279e-06    564.869209741316    564.863003833866
75.8    5.49172017441143e-06    573.074452642186    573.068158347686
75.9    5.49018553682351e-06    581.397904730347    581.39152080066
76    5.48865149157508e-06    589.841254641769    589.834779811142
76.1    5.48711716111245e-06    598.406214926274    598.399647912285
76.1999999999999    5.48558362552157e-06    607.094522383194    607.087861884189
76.2999999999999    5.48405012964722e-06    615.907938401691    615.901183098719
76.3999999999999    5.48251687760901e-06    624.84824930582    624.841397861237
76.4999999999999    5.4809840502085e-06    633.91726670436    633.910317761592
76.5999999999999    5.47945130168011e-06    643.116827845535    643.109780029474
76.6999999999999    5.47791901451719e-06    652.448795976638    652.441647892464
76.7999999999999    5.47638686633901e-06    661.915060708673    661.907810942485
76.8999999999999    5.47485506147509e-06    671.517538386062    671.51018550393
76.9999999999999    5.47332340085432e-06    681.258172461499    681.250715009721
77.0999999999999    5.47179211011491e-06    691.138933876006    691.131370380261
77.1999999999999    5.47026089731759e-06    701.161821444284    701.154150410058
77.2999999999999    5.46873020687286e-06    711.328862245403    711.321082156678
77.3999999999999    5.46719962389707e-06    721.642112018922    721.634221339095
77.4999999999999    5.46566943357935e-06    732.103655566505    732.095652737101
77.5999999999999    5.46413947078488e-06    742.715607159106    742.707490600126
77.6999999999999    5.46260961714119e-06    753.480110949803    753.47187905937
77.7999999999999    5.46108012498724e-06    764.399341392367    764.390992545859
77.8999999999998    5.45955096632766e-06    775.475503665631    775.467036215789
77.9999999999998    5.45802170788563e-06    786.710834103769    786.702246381021
78.0999999999998    5.45649315310766e-06    798.107600632537    798.098890942745
78.1999999999998    5.45496488237545e-06    809.66810321157    809.659269837617
78.2999999999998    5.45343632860726e-06    821.39467428284    821.385715484582
78.3999999999998    5.45190852784084e-06    833.289679225295    833.280593236615
78.4999999999998    5.45038082385031e-06    845.355516815827    845.346301847056
78.5999999999998    5.44885327972724e-06    857.594619696624    857.585273933035
78.6999999999998    5.4473259096847e-06    870.009454848991    869.999976450533
78.7999999999998    5.4457989309913e-06    882.602524073735    882.592911174321
78.8999999999998    5.4442721784607e-06    895.376364478211    895.366615186028
78.9999999999998    5.44274569253793e-06    908.333548970127    908.32366136692
79.0999999999998    5.44121926351067e-06    921.476686758189    921.466658899355
79.1999999999998    5.43969318146951e-06    934.808423859687    934.798253772991
79.2999999999998    5.43816752835149e-06    948.331443615112    948.321129300678
79.3999999999998    5.4366418619061e-06    962.048467209922    962.038006640852
79.4999999999998    5.43511652741213e-06    975.962254203515    975.951645324019
79.5999999999998    5.43359142635512e-06    990.075603065527    990.064843791372
79.6999999999997    5.43206658418242e-06    1004.39135171956    1004.38043993744
79.7999999999997    5.43054191401965e-06    1018.91237809443    1018.90131166178
79.8999999999997    5.42901747417779e-06    1033.64160068304    1033.63037742735
79.9999999999997    5.42749338183051e-06    1048.58197910898    1048.57059682726
80.0999999999997    5.42596946288423e-06    1063.736514701    1063.72497115995
80.1999999999997    5.42444546264535e-06    1079.10825107542    1079.09654401121
80.2999999999997    5.42292198503895e-06    1094.70027472658    1094.68840184259
80.3999999999997    5.42139883978487e-06    1110.51571562548    1110.50367459353
80.4999999999997    5.41987566861368e-06    1126.55774782675    1126.54553628708
80.5999999999997    5.41835292877503e-06    1142.82959008392    1142.81720564291
80.6999999999997    5.41683035761745e-06    1159.33450647328    1159.32194670462
80.7999999999997    5.4153079837729e-06    1176.07580702629    1176.06306946985
80.8999999999997    5.41378575575073e-06    1193.05684837079    1193.04393053238
80.9999999999997    5.41226370878602e-06    1210.28103438105    1210.26793373172
81.0999999999997    5.41074222043194e-06    1227.75181683678    1227.73853081148
81.1999999999997    5.40922059395127e-06    1245.47269609127    1245.45922209104
81.2999999999997    5.40769924595149e-06    1263.4472217488    1263.43355713752
81.3999999999997    5.40617833074394e-06    1281.67899335136    1281.66513545588
81.4999999999996    5.40465738367744e-06    1300.17166107488    1300.1576071861
81.5999999999996    5.40313685732612e-06    1318.92892643507    1318.91467380509
81.6999999999996    5.40161639901205e-06    1337.95454300303    1337.94008884671
81.7999999999996    5.40009632341856e-06    1357.25231713075    1357.23765862341
81.8999999999996    5.39857618908229e-06    1376.82610868652    1376.81124296548
81.9999999999996    5.39705649219263e-06    1396.67983180063    1396.66475596209
82.0999999999996    5.39553691974314e-06    1416.8174556213    1416.80216672202
82.1999999999996    5.39401773512748e-06    1437.243005081    1437.22750013611
82.2999999999996    5.39249846098836e-06    1457.96056167339    1457.94483765802
82.3999999999996    5.39097954514278e-06    1478.97426424107    1478.95831808702
82.4999999999996    5.38946085550452e-06    1500.288309774    1500.27213837092
82.5999999999996    5.3879422649126e-06    1521.90695421913    1521.89055441389
82.6999999999996    5.38642386400688e-06    1543.83451330112    1543.81788189658
82.7999999999996    5.38490590641633e-06    1566.07536335434    1566.05849710822
82.8999999999996    5.38338825584784e-06    1588.63394216639    1588.61683779185
82.9999999999996    5.38187031382716e-06    1611.51474983326    1611.49740399982
83.0999999999996    5.38035290387583e-06    1634.72234962622    1634.70475895458
83.1999999999995    5.37883566442288e-06    1658.26136887068    1658.24352993585
83.2999999999995    5.37731875055982e-06    1682.13649983722    1682.11840916621
83.3999999999995    5.37580166394759e-06    1706.35250064479    1706.33415471819
83.4999999999995    5.37428509859325e-06    1730.91419617646    1730.89559142371
83.5999999999995    5.37276870768357e-06    1755.82647900777    1755.80761181002
83.6999999999995    5.37125238919832e-06    1781.09431034781    1781.07517703644
83.7999999999995    5.36973638409654e-06    1806.72272099331    1806.70331784804
83.8999999999995    5.36822059526595e-06    1832.7168122959    1832.69713554526
83.9999999999995    5.3667050060239e-06    1859.08175714259    1859.06180296294
84.0999999999995    5.36518957620524e-06    1885.82280094984    1885.80256546474
84.1999999999995    5.36367423263924e-06    1912.94526267124    1912.92474195087
84.2999999999995    5.36215923836896e-06    1940.45453581911    1940.43372587826
84.3999999999995    5.36064434407333e-06    1968.35608950015    1968.3349862994
84.4999999999995    5.35912968263921e-06    1996.65546946533    1996.63406890884
84.5999999999995    5.35761533453695e-06    2025.35829917424    2025.33659710915
84.6999999999995    5.35610107479905e-06    2054.47028087409    2054.44827309101
84.7999999999995    5.35458703454562e-06    2083.99719669355    2083.97487892431
84.8999999999995    5.35307320783592e-06    2113.94490975161    2113.92227766905
84.9999999999994    5.35155963365911e-06    2144.31936528174    2144.29641449865
85.0999999999994    5.35004615101349e-06    2175.12659177142    2175.10331784064
85.1999999999994    5.34853272344505e-06    2206.37270211744    2206.34910053048
85.2999999999994    5.34701976268417e-06    2238.06389479695    2238.03996098117
85.3999999999994    5.34550678873605e-06    2270.20645505472    2270.18218437643
85.4999999999994    5.34399400797741e-06    2302.80675610671    2302.78214386722
85.5999999999994    5.34248165687104e-06    2335.87126036006    2335.84630179468
85.6999999999994    5.34096924255615e-06    2369.40652065003    2369.38121093051
85.7999999999994    5.33945718179296e-06    2403.41918149378    2403.3935157232
85.8999999999994    5.33794543866928e-06    2437.91598036145    2437.8899535754
85.9999999999994    5.33643363265176e-06    2472.90374896466    2472.87735613203
86.0999999999994    5.33492207939372e-06    2508.38941456273    2508.36265058138
86.1999999999994    5.33341070339678e-06    2544.38000128682    2544.3528609845
86.2999999999994    5.33189962657515e-06    2580.88263148218    2580.85510961465
86.3999999999994    5.33038858679194e-06    2617.90452706897    2617.87661832091
86.4999999999994    5.3288778791648e-06    2655.45301092161    2655.42470990281
86.5999999999994    5.32736734189723e-06    2693.53550826718    2693.50680951387
86.6999999999993    5.32585691613308e-06    2732.15954810292    2732.13044607626
86.7999999999993    5.32434679314018e-06    2771.33276463323    2771.30325371692
86.8999999999993    5.32283655920219e-06    2811.06289872642    2811.03297322898
86.9999999999993    5.32132693475666e-06    2851.3577993913    2851.32745353867
87.0999999999993    5.31981720683687e-06    2892.22542527417    2892.19465321671
87.1999999999993    5.31830782684664e-06    2933.67384617625    2933.64264198105
87.2999999999993    5.31679848674016e-06    2975.71124459195    2975.6796022461
87.3999999999993    5.31528949385544e-06    3018.34591726817    3018.31383067403
87.4999999999993    5.31378053597996e-06    3061.58627678505    3061.55373976281
87.5999999999993    5.31227184498212e-06    3105.44085315834    3105.4078594416
87.6999999999993    5.31076337846959e-06    3149.91829546377    3149.88483869999
87.7999999999993    5.30925483168111e-06    3195.0273734836    3194.99344723468
87.8999999999993    5.30774667980381e-06    3240.77697937582    3240.74257711192
87.9999999999993    5.30623881250298e-06    3287.17612936616    3287.14124446815
88.0999999999993    5.30473100843667e-06    3334.23396546327    3334.19859122231
88.1999999999993    5.30322348825291e-06    3381.95975719744    3381.92388681083
88.2999999999993    5.30171612947368e-06    3430.36290338303    3430.32652995521
88.3999999999993    5.30020881652277e-06    3479.45293390514    3479.4160504464
88.4999999999992    5.29870183889474e-06    3529.23951153062    3529.20211095302
88.5999999999992    5.29719499735966e-06    3579.73243374398    3579.69450886339
88.6999999999992    5.29568829069443e-06    3630.94163460835    3630.9031781418
88.7999999999992    5.29418172402617e-06    3682.87718665197    3682.83819121623
88.8999999999992    5.29267534405667e-06    3735.54930278043    3735.50976089033
88.9999999999992    5.29116925007273e-06    3788.9683382151    3788.92824228174
89.0999999999992    5.28966341910075e-06    3843.14479245809    3843.10413478831
89.1999999999992    5.28815750756864e-06    3898.08931128403    3898.04808408153
89.2999999999992    5.28665196646757e-06    3953.81268875915    3953.7708841169
89.3999999999992    5.28514652869943e-06    4010.32586928788    4010.28347919222
89.4999999999992    5.28364142492865e-06    4067.63994968751    4067.59696601274
89.5999999999992    5.28213634590983e-06    4125.76618129118    4125.7225958024
89.6999999999992    5.28063144692739e-06    4184.71597207962    4184.67177642748
89.7999999999992    5.27912672973668e-06    4244.50088884199    4244.45607456238
89.8999999999992    5.27762214403861e-06    4305.13265936631    4305.08721787922
89.9999999999992    5.27611787621711e-06    4366.62317465974    4366.57709726567
90.0999999999992    5.27461384799356e-06    4428.98449119926    4428.93776907984
90.1999999999992    5.27310970019618e-06    4492.22883321306    4492.181457432
90.2999999999991    5.27160594586795e-06    4556.36859499306    4556.32055648675
90.3999999999991    5.27010235382736e-06    4621.41634323903    4621.36763282144
90.4999999999991    5.26859880394078e-06    4687.38481943469    4687.33542779481
90.5999999999991    5.26709562074761e-06    4754.28694225632    4754.23685995224
90.6999999999991    5.26559249455193e-06    4822.13581001412    4822.08502747726
90.7999999999991    5.2640896023041e-06    4890.94470312706    4890.89321065581
90.8999999999991    5.26258693420042e-06    4960.72708663135    4960.67487439103
90.9999999999991    5.26108443034759e-06    5031.49661272322    5031.44367074477
91.0999999999991    5.25958206300704e-06    5103.26712333635    5103.21344151424
91.1999999999991    5.25807986782482e-06    5176.0526527545    5175.99822084421
91.2999999999991    5.25657783197704e-06    5249.8674302597    5249.81223787632
91.3999999999991    5.25507595405796e-06    5324.72588281664    5324.66991943283
91.4999999999991    5.25357438213506e-06    5400.64263779353    5400.58589273602
91.5999999999991    5.25207283152328e-06    5477.63252572021    5477.57498817246
91.6999999999991    5.25057146846989e-06    5555.71058308379    5555.65224207917
91.7999999999991    5.24907036629085e-06    5634.89205516235    5634.83289958305
91.8999999999991    5.2475695185198e-06    5715.19239889731    5715.13241747321
91.999999999999    5.24606857911298e-06    5796.62728580498    5796.5664671155
92.099999999999    5.24456803157585e-06    5879.2126049277    5879.15093739016
92.199999999999    5.24306769474657e-06    5962.96446582515    5962.90193770028
92.299999999999    5.24156730995709e-06    6047.89920160657    6047.83580099739
92.399999999999    5.24006730554579e-06    6134.03337200408    6133.96908684549
92.499999999999    5.23856750840287e-06    6221.38376648792    6221.31858455167
92.599999999999    5.23706767069448e-06    6309.9674074242    6309.90131631769
92.699999999999    5.23556808304496e-06    6399.8015532755    6399.73454043285
92.799999999999    5.23406865745467e-06    6490.90370184511    6490.8357545295
92.899999999999    5.2325694388486e-06    6583.29159356541    6583.2226988651
92.999999999999    5.23107041608868e-06    6676.98321483101    6676.9133596577
93.099999999999    5.22957171324914e-06    6771.99680137722    6771.9259724618
93.199999999999    5.22807291227301e-06    6868.35084170453    6868.27902560202
93.299999999999    5.22657441890843e-06    6966.06408054959    6965.99126362553
93.399999999999    5.22507604414443e-06    7065.15552240344    7065.08169083947
93.499999999999    5.22357788215741e-06    7165.64443507758    7165.56957486505
93.599999999999    5.22207987425837e-06    7267.55035331857    7267.47445025807
93.699999999999    5.22058200335791e-06    7370.89308247169    7370.81612216992
93.7999999999989    5.21908438945175e-06    7475.69270219449    7475.61467005958
93.8999999999989    5.2175868212897e-06    7581.96957022077    7581.89045146456
93.9999999999989    5.21608969407884e-06    7689.7443261757    7689.66410580187
94.0999999999989    5.21459247616571e-06    7799.03789544282    7798.9565582583
94.1999999999989    5.21309564207205e-06    7909.87149308357    7909.78902368028
94.2999999999989    5.21159885189573e-06    8022.26662781004    8022.18301057473
94.3999999999989    5.21010219909425e-06    8136.24510601167    8136.16032511635
94.4999999999989    5.20860570299662e-06    8251.8290358367    8251.74307523688
94.5999999999989    5.20710947294376e-06    8369.04083132894    8368.95367475919
94.6999999999989    5.20561338472026e-06    8487.90321662084    8487.81484759567
94.7999999999989    5.20411736221864e-06    8608.43923018339    8608.34963199355
94.8999999999989    5.20262167791385e-06    8730.67222913375    8730.58138483717
94.9999999999989    5.20112620217162e-06    8854.6258936013    8854.53378602687
95.0999999999989    5.19963067507512e-06    8980.32423115304    8980.23084289994
95.1999999999989    5.19813552695314e-06    9107.79158127892    9107.69689470113
95.2999999999989    5.19664037272217e-06    9237.05261993803    9236.95661715578
95.3999999999989    5.19514559441382e-06    9368.13236416653    9368.03502704905
95.4999999999988    5.19365095211125e-06    9501.056176748    9500.95748692165
95.5999999999988    5.19215632695343e-06    9635.84977094728    9635.74970979011
95.6999999999988    5.19066201377829e-06    9772.53921530824    9772.43776393867
95.7999999999988    5.18916780359385e-06    9911.15093851682    9911.04807779988
95.8999999999988    5.18767374226024e-06    10051.7117343299    10051.6074448689
95.9999999999988    5.1861798858789e-06    10194.2487665711    10194.1430287037
96.0999999999988    5.1846861255558e-06    10338.789574194    10338.6823679921
96.1999999999988    5.18319253882885e-06    10485.3620764142    10485.2533816766
96.2999999999988    5.18169915100682e-06    10633.994577911    10633.8843741606
96.3999999999988    5.18020597089307e-06    10784.7157740991    10784.6040405798
96.4999999999988    5.17871291120736e-06    10937.5547564725    10937.4414721471
96.5999999999988    5.17722024626907e-06    11092.5410180196    11092.4261615584
96.6999999999988    5.17572744550968e-06    11249.7044587132    11249.5880085077
96.7999999999988    5.17423498554857e-06    11409.075391073    11408.9573252098
96.8999999999988    5.17274258634731e-06    11570.6845458051    11570.5648420789
96.9999999999988    5.17125060475828e-06    11734.5630775167    11734.4417134115
97.0999999999988    5.16975856050728e-06    11900.7425705088    11900.6195232134
97.1999999999988    5.16826675490182e-06    12069.2550446467    12069.1302910323
97.2999999999987    5.16677512979447e-06    12240.1329613106    12240.006477935
97.3999999999987    5.1652834497897e-06    12413.4092294262    12413.2809925341
97.4999999999987    5.16379234666837e-06    12589.1172115768    12588.987197074
97.5999999999987    5.16230114911286e-06    12767.2907301988    12767.1589136801
97.6999999999987    5.16081003910484e-06    12947.9640738602    12947.830430584
97.7999999999987    5.15931938802439e-06    13131.1720036243    13131.0365085028
97.8999999999987    5.15782858609571e-06    13316.9497594995    13316.8123871197
97.9999999999987    5.15633815829153e-06    13505.3330669762    13505.1937915659
98.0999999999987    5.15484796046572e-06    13696.358143652    13696.2169390922
98.1999999999987    5.15335796163597e-06    13890.0617059467    13889.9185457643
98.2999999999987    5.15186775015226e-06    14086.4809759076    14086.3358332812
98.3999999999987    5.15037805878866e-06    14285.6536881072    14285.5065358305
98.4999999999987    5.14888845655356e-06    14487.6180966337    14487.4689071427
98.5999999999987    5.14739898272267e-06    14692.4129821764    14692.2617275317
98.6999999999987    5.14590957307222e-06    14900.077659206    14899.9243110906
98.7999999999987    5.14442046415598e-06    15110.6519832529    15110.4965129581
98.8999999999987    5.14293160286325e-06    15324.1763582827    15324.0187367115
98.9999999999986    5.14144277986581e-06    15540.6917441722    15540.5319418391
99.0999999999986    5.13995427358533e-06    15760.239664286    15760.0776512963
99.1999999999986    5.13846579257207e-06    15982.8622131547    15982.6979592172
99.2999999999986    5.1369774173729e-06    16208.6020642578    16208.4355386677
99.3999999999986    5.1354892884126e-06    16437.502477911    16437.3336495422
99.4999999999986    5.13400143447844e-06    16669.6073092596    16669.4361465627
99.5999999999986    5.13251375924425e-06    16904.9610163808    16904.7874873814
99.6999999999986    5.1310259780106e-06    17143.6086684941    17143.4327407939
99.7999999999986    5.1295386148587e-06    17385.5959542832    17385.4175950265
99.8999999999986    5.12805137971727e-06    17630.9691903297    17630.7883662252
99.9999999999986    5.12656422085896e-06    17879.7753296608    17879.5920069676
100.099999999999    5.12507718448756e-06    18132.0619704118    18131.8761149301
100.199999999999    5.12359053354763e-06    18387.8773646061    18387.6889416627
100.299999999999    5.12210387926739e-06    18647.2704270525    18647.0794015186
100.399999999999    5.12061761491351e-06    18910.2907443634    18910.0970806193
100.499999999999    5.11913118304934e-06    19176.988584094    19176.7922460586
100.599999999999    5.11764522939147e-06    19447.4149040044    19447.2158550828
100.699999999999    5.11615934731865e-06    19721.6213614468    19721.4195645643
100.799999999999    5.11467344486231e-06    19999.6603228797    19999.4557404629
100.899999999999    5.11318784708536e-06    20281.5848735085    20281.3774674624
100.999999999999    5.11170240342462e-06    20567.4488270578    20567.2385587774
101.099999999999    5.11021712294108e-06    20857.306735674    20857.0935660313
101.199999999999    5.10873231322155e-06    21151.2138999619    21150.9977892861
101.299999999999    5.10724718556081e-06    21449.226379156    21449.0072872728
101.399999999999    5.10576246861642e-06    21751.4010014288    21751.1788875891
101.499999999999    5.10427789807903e-06    22057.7953743376    22057.5701972522
101.599999999999    5.10279354767238e-06    22368.4678954124    22368.23961323
101.699999999998    5.1013092523888e-06    22683.4777628856    22683.2463331962
101.799999999998    5.09982512356362e-06    23002.8849865662    23002.6503663812
101.899999999998    5.09834121257981e-06    23326.7503988607    23326.5125446075
101.999999999998    5.09685754719344e-06    23655.135665941    23654.8945334566
102.099999999998    5.09537384171065e-06    23988.1032990644    23987.8588436018
102.199999999998    5.09389047585247e-06    24325.7166660433    24325.4688422328
102.299999999998    5.09240731972607e-06    24668.0400028715    24667.7887647359
102.399999999998    5.09092420028731e-06    25015.1384255048    25014.8837264543
102.499999999998    5.08944109159924e-06    25367.0779418013    25366.8197346177
102.599999999998    5.08795856167181e-06    25723.9254636209    25723.6637004192
102.699999999998    5.08647605806029e-06    26085.7488190887    26085.4834513649
102.799999999998    5.08499364968606e-06    26452.6167650218    26452.3477436133
102.899999999998    5.08351122724522e-06    26824.5989995241    26824.3262746101
102.999999999998    5.08202909468042e-06    27201.7661747491    27201.4896958199
103.099999999998    5.08054739451197e-06    27584.189909835    27583.9096256906
103.199999999998    5.07906552253697e-06    27971.9428040132    27971.6586627958
103.299999999998    5.0775840133664e-06    28365.0984498925    28364.8103990143
103.399999999998    5.07610262266088e-06    28763.7314469218    28763.4394330988
103.499999999998    5.07462130549924e-06    29167.9174150334    29167.6213842654
103.599999999998    5.0731402530545e-06    29577.7330084695    29577.4329060161
103.699999999998    5.0716593033359e-06    29993.2559297936    29992.9517001856
103.799999999998    5.07017854132749e-06    30414.5649440909    30414.2565311055
103.899999999998    5.06869804262738e-06    30841.7398933581    30841.4272400096
103.999999999998    5.06721747417207e-06    31274.8617110869    31274.5447596415
104.099999999998    5.06573737260021e-06    31714.0124370428    31713.6911289543
104.199999999998    5.06425717867496e-06    32159.2752322413    32158.94950821
104.299999999998    5.06277742891294e-06    32610.7343941268    32610.4041940184
104.399999999998    5.06129752945096e-06    33068.4753719524    33068.1406348612
104.499999999998    5.05981808659622e-06    33532.5847823681    33532.2454465271
104.599999999998    5.05833870658218e-06    34003.1504252161    34002.8064280522
104.699999999998    5.05685920150253e-06    34480.2612995392    34479.9125776494
104.799999999998    5.05538040876988e-06    34964.0076198024    34963.6541088713
104.899999999998    5.05390126741664e-06    35454.4808323323    35454.1224672522
104.999999999998    5.05242253781362e-06    35951.7736319772    35951.4103467099
105.099999999998    5.05094405149662e-06    36455.9799789888    36455.6117066185
105.199999999998    5.04946570167033e-06    36967.1951161319    36966.8217888493
105.299999999998    5.04798735933656e-06    37485.5155860213    37485.137135114
105.399999999998    5.04650937637716e-06    38011.0392486922    38010.6556044963
105.499999999998    5.04503147522936e-06    38543.8652994045    38543.4763913393
105.599999999998    5.04355366619558e-06    39084.0942866864    39083.7000432207
105.699999999998    5.0420761436533e-06    39631.8281306187    39631.4284792434
105.799999999998    5.04059865475561e-06    40187.1701413641    40186.7650086147
105.899999999998    5.0391213809198e-06    40750.2250379441    40749.8143493531
105.999999999998    5.03764445791991e-06    41321.0989672673    41320.6826473541
106.099999999998    5.03616750837469e-06    41899.8995234115    41899.4774957117
106.199999999998    5.03469061239144e-06    42486.7357671651    42486.3079541795
106.299999999998    5.03321419498662e-06    43081.7182458276    43081.2845689787
106.399999999998    5.03173771607391e-06    43684.9590132765    43684.5193929768
106.499999999998    5.03026146114664e-06    44296.571650302    44296.1260058693
106.599999999998    5.02878533765199e-06    44916.6712852128    44916.2195348886
106.699999999998    5.02730950867011e-06    45545.3746147176    45544.9166756301
106.799999999998    5.02583365874945e-06    46182.7999250863    46182.3357132787
106.899999999998    5.02435805011314e-06    46829.0671135924    46828.5965439561
106.999999999998    5.0228826520603e-06    47484.2977102432    47483.8206965288
107.099999999998    5.02140743729119e-06    48148.6148997992    48148.1313546014
107.199999999998    5.01993227565631e-06    48822.1435440881    48821.6533788404
107.299999999998    5.01845747086461e-06    49505.0102046162    49504.5133295332
107.399999999998    5.01698276434957e-06    50197.3431654825    50196.8394895985
107.499999999998    5.01550805944373e-06    50899.2724565977    50898.761887736
107.599999999998    5.01403368039456e-06    51610.9298772133    51610.412321927
107.699999999998    5.01255949852556e-06    52332.449019765    52331.924383366
107.799999999998    5.01108519254144e-06    53063.9652940342    53063.4334805976
107.899999999998    5.00961139450287e-06    53805.615951631    53805.0768638781
107.999999999998    5.00813763543901e-06    54557.5401108048    54556.9936502017
108.099999999998    5.00666393495916e-06    55319.8787815856    55319.324848275
108.199999999998    5.00519046433296e-06    56092.7748912599    56092.2133840263
108.299999999998    5.00371728778674e-06    56876.3733101864    56875.8041264496
108.399999999998    5.00224423777133e-06    57670.8208779565    57670.2439137798
108.499999999998    5.00077122640837e-06    58476.2664299035    58475.681579967
108.599999999998    4.99929837714501e-06    59292.8608239639    59292.2679815219
108.699999999998    4.99782595576577e-06    60120.7569678975    60120.1560247416
108.799999999998    4.99635343535785e-06    60960.1098468705    60959.5006934056
108.899999999998    4.9948811756413e-06    61811.0765514057    61810.4590765245
108.999999999998    4.99340919457931e-06    62673.8163057043    62673.1903968085
109.099999999998    4.9919372600902e-06    63548.490496346    63547.8560393581
109.199999999998    4.99046535982361e-06    64435.2627013713    64434.6195806878
109.299999999998    4.98899390018384e-06    65334.2987197493    65333.646818166
109.399999999998    4.98752242799415e-06    66245.7666012399    66245.1058000423
109.499999999998    4.98605109711664e-06    67169.8366766529    67169.1668555169
109.599999999998    4.98458005008775e-06    68106.6815885085    68106.0026254802
109.699999999998    4.98310897519287e-06    69056.4763221079    69055.7880936435
109.799999999998    4.98163821838151e-06    70019.3982370158    70018.7006178705
109.899999999998    4.98016754431871e-06    70995.6270989619    70994.9199622478
109.999999999998    4.97869714626619e-06    71985.3451121677    71984.6283292718
110.099999999998    4.97722683980114e-06    72988.7369521023    72988.0103927175
110.199999999998    4.97575681170631e-06    74005.9897986742    74005.2533307229
110.299999999998    4.97428678916496e-06    75037.2933698641    75036.5468595432
110.399999999998    4.97281706330253e-06    76082.8399558056    76082.083267479
110.499999999998    4.97134752963869e-06    77142.8244533177    77142.0574495512
110.599999999998    4.96987806827422e-06    78217.4444008977    78216.6669424386
110.699999999998    4.96840869646789e-06    79306.9000141782    79306.1119599101
110.799999999998    4.96693972494933e-06    80411.394221855    80410.5954287259
110.899999999998    4.96547044379826e-06    81531.1327020936    81530.3230252546
110.999999999998    4.96400197165423e-06    82666.3239194177    82665.5032119018
111.099999999998    4.962533281402e-06    83817.1791620886    83816.3472751346
111.199999999998    4.96106479042442e-06    84983.912579982    84983.0693627724
111.299999999998    4.95959653414462e-06    86166.7412229649    86165.8865226616
111.399999999998    4.95812824538423e-06    87365.8850797852    87365.0187415556
111.499999999998    4.95666041232194e-06    88581.5671174748    88580.6889843335
111.599999999998    4.95519274251608e-06    89814.0133212778    89813.1232341944
111.699999999998    4.95372507995231e-06    91063.4527351078    91062.5505329577
111.799999999998    4.95225745809574e-06    92330.1175025425    92329.2030220452
111.899999999998    4.95079005647073e-06    93614.2429083604    93613.3159840235
111.999999999998    4.94932299108367e-06    94916.0674206306    94915.1278847312
112.099999999998    4.94785607115041e-06    96235.8327333598    96234.8804159732
112.199999999998    4.94638940579188e-06    97573.7838097061    97572.8185386196
112.299999999998    4.94492261786809e-06    98930.1689257644    98929.1905265427
112.399999999998    4.94345616148932e-06    100305.239714933    100304.248010725
112.499999999998    4.94198999023421e-06    101699.251212868    101698.246024473
112.599999999998    4.9405237052387e-06    103112.461903035    103111.443048944
112.699999999998    4.93905778206989e-06    104545.133762859    104544.101059047
112.799999999998    4.93759197921198e-06    105997.532310499    105996.485570536
112.899999999998    4.93612648474727e-06    107469.926652223    107468.865687157
112.999999999998    4.93466094750988e-06    108962.589530429    108961.514148865
113.099999999998    4.9331956236614e-06    110475.797372291    110474.707380228
113.199999999998    4.93173037249253e-06    112009.830339054    112008.725539937
113.299999999998    4.93026539563089e-06    113564.972375976    113563.85257059
113.399999999998    4.92880047258779e-06    115141.511262944    115140.376249468
113.499999999998    4.92733579548414e-06    116739.738665742    116738.588239624
113.599999999998    4.92587140643612e-06    118359.950188013    118358.784141969
113.699999999998    4.92440719062732e-06    120002.445423904    120001.263547913
113.799999999998    4.92294293725247e-06    121667.5280114    121666.330092702
113.899999999998    4.92147894153099e-06    123355.505686381    123354.29150931
113.999999999998    4.92001524763008e-06    125066.690337373    125065.459683381
114.099999999998    4.91855158275731e-06    126801.398061038    126800.150708739
114.199999999998    4.91708802000127e-06    128559.949218397    128558.684943441
114.299999999998    4.91562459304635e-06    130342.668491788    130341.387066834
114.399999999998    4.91416156842957e-06    132149.884942586    132148.586137196
114.499999999998    4.91269860969287e-06    133981.932069677    133980.615650441
114.599999999998    4.91123566652553e-06    135839.147868719    135837.813599136
114.699999999998    4.90977312155096e-06    137721.874892171    137720.522532491
114.799999999998    4.90831051294755e-06    139630.460310123    139629.089617538
114.899999999998    4.90684818007941e-06    141565.255971932    141563.866700311
114.999999999998    4.90538584239476e-06    143526.618468663    143525.210368686
115.099999999998    4.90392405281267e-06    145514.909196369    145513.482015241
115.199999999998    4.90246224704516e-06    147530.49442019    147529.047901923
115.299999999998    4.90100054379586e-06    149573.745339315    149572.279224486
115.399999999998    4.89953912599939e-06    151645.038152787    151643.552178472
115.499999999998    4.89807771138416e-06    153744.754126191    153743.248026061
115.599999999998    4.89661653482435e-06    155873.279659208    155871.753163326
115.699999999998    4.89515535316859e-06    158031.006354075    158029.459188995
115.799999999998    4.89369466710713e-06    160218.331084933    160216.762973422
115.899999999998    4.89223398330523e-06    162435.656068106    162434.066729408
115.999999999998    4.89077352114959e-06    164683.388933294    164681.778082856
116.099999999998    4.88931295408324e-06    166961.942795715    166960.310145318
116.199999999998    4.88785305115669e-06    169271.736329192    169270.081586534
116.299999999998    4.88639299964976e-06    171613.193840204    171611.516709381
116.399999999998    4.88493326190025e-06    173986.745342922    173985.045523946
116.499999999998    4.88347343045567e-06    176392.826635222    176391.103824271
116.599999999998    4.88201383303474e-06    178831.879375709    178830.133264816
116.699999999998    4.88055448312542e-06    181304.351161751    181302.581438861
116.799999999998    4.87909525775626e-06    183810.695608548    183808.901957513
116.899999999998    4.87763633533549e-06    186351.372429231    186349.554529647
116.999999999998    4.87617746414836e-06    188926.847516032    188925.005043344
117.099999999998    4.87471874148194e-06    191537.593022513    191535.725647827
117.199999999998    4.87326009923805e-06    194184.087446876    194182.194836969
117.299999999998    4.8718018117466e-06    196866.815716382    196864.897533508
117.399999999998    4.87034378556078e-06    199586.269272864    199584.32517484
117.499999999998    4.86888552699184e-06    202342.94615939    202340.975799699
117.599999999998    4.86742772286089e-06    205137.35110804    205135.3541353
117.699999999998    4.86597004649649e-06    207969.995628859    207967.971687169
117.799999999998    4.86451266379562e-06    210841.39809997    210839.346828646
117.899999999998    4.86305520420536e-06    213752.083858878    213750.00489262
117.999999999998    4.86159792956325e-06    216702.585294973    216700.478263537
118.099999999998    4.86014090443487e-06    219693.441943249    219691.30647146
118.199999999998    4.85868415606002e-06    222725.200579255    222723.036286964
118.299999999998    4.85722738969096e-06    225798.415315304    225796.221817464
118.399999999998    4.85577080291969e-06    228913.647697934    228911.424604315
118.499999999998    4.85431446722449e-06    232071.466806655    232069.213721835
118.599999999998    4.8528582843184e-06    235272.449354004    235270.165877375
118.699999999998    4.85140219346742e-06    238517.179786896    238514.865512585
118.799999999998    4.84994624949054e-06    241806.250389328    241803.904906069
118.899999999998    4.84849054307779e-06    245140.261386416    245137.884277463
118.999999999998    4.84703504008359e-06    248519.821049806    248517.411892922
119.099999999998    4.84557968858054e-06    251945.545804473    251943.104171866
119.199999999998    4.84412446234573e-06    255418.060336918    255415.585795156
119.299999999997    4.84266943061316e-06    258937.997704784    258935.489814677
119.399999999997    4.8412143405925e-06    262505.999447921    262503.457764607
119.499999999997    4.83975982646185e-06    266122.715700896    266120.139773306
119.599999999997    4.83830525848771e-06    269788.805306992    269786.194678432
119.699999999997    4.83685089227427e-06    273504.935933698    273502.290141309
119.799999999997    4.835396696259e-06    277271.784189717    277269.102764545
119.899999999997    4.8339426001484e-06    281090.035743504    281087.318210444
