0
0.01
0.02
0.03
0.04
0.05
0.06
0.07
0.0800000000000001
0.0900000000000001
0.1
0.11
0.12
0.13
0.14
0.15
0.16
0.17
0.18
0.19
0.2
0.21
0.22
0.23
0.24
0.25
0.26
0.27
0.28
0.29
0.3
0.31
0.32
0.33
0.34
0.35
0.36
0.37
0.38
0.39
0.4
0.41
0.42
0.43
0.44
0.45
0.46
0.47
0.48
0.49
0.5
0.509999999999999
0.519999999999998
0.529999999999997
0.539999999999996
0.549999999999995
0.559999999999994
0.569999999999993
0.579999999999992
0.58999999999999
0.599999999999989
0.609999999999988
0.619999999999987
0.629999999999986
0.639999999999985
0.649999999999984
0.659999999999983
0.669999999999982
0.679999999999981
0.689999999999979
0.699999999999978
0.709999999999977
0.719999999999976
0.729999999999975
0.739999999999974
0.749999999999973
0.759999999999972
0.769999999999971
0.779999999999969
0.789999999999968
0.799999999999967
0.809999999999966
0.819999999999965
0.829999999999964
0.839999999999963
0.849999999999962
0.859999999999961
0.86999999999996
0.879999999999958
0.889999999999957
0.899999999999956
0.909999999999955
0.919999999999954
0.929999999999953
0.939999999999952
0.949999999999951
0.95999999999995
0.969999999999949
0.979999999999947
0.989999999999946
0.999999999999945
1.00999999999994
1.01999999999994
1.02999999999994
1.03999999999994
1.04999999999994
1.05999999999994
1.06999999999994
1.07999999999994
1.08999999999994
1.09999999999993
1.10999999999993
1.11999999999993
1.12999999999993
1.13999999999993
1.14999999999993
1.15999999999993
1.16999999999993
1.17999999999993
1.18999999999992
1.19999999999992
1.20999999999992
1.21999999999992
1.22999999999992
1.23999999999992
1.24999999999992
1.25999999999992
1.26999999999992
1.27999999999991
1.28999999999991
1.29999999999991
1.30999999999991
1.31999999999991
1.32999999999991
1.33999999999991
1.34999999999991
1.35999999999991
1.3699999999999
1.3799999999999
1.3899999999999
1.3999999999999
1.4099999999999
1.4199999999999
1.4299999999999
1.4399999999999
1.4499999999999
1.45999999999989
1.46999999999989
1.47999999999989
1.48999999999989
1.49999999999989
1.50999999999989
1.51999999999989
1.52999999999989
1.53999999999989
1.54999999999988
1.55999999999988
1.56999999999988
1.57999999999988
1.58999999999988
1.59999999999988
1.60999999999988
1.61999999999988
1.62999999999988
1.63999999999987
1.64999999999987
1.65999999999987
1.66999999999987
1.67999999999987
1.68999999999987
1.69999999999987
1.70999999999987
1.71999999999987
1.72999999999986
1.73999999999986
1.74999999999986
1.75999999999986
1.76999999999986
1.77999999999986
1.78999999999986
1.79999999999986
1.80999999999986
1.81999999999986
1.82999999999985
1.83999999999985
1.84999999999985
1.85999999999985
1.86999999999985
1.87999999999985
1.88999999999985
1.89999999999985
1.90999999999985
1.91999999999984
1.92999999999984
1.93999999999984
1.94999999999984
1.95999999999984
1.96999999999984
1.97999999999984
1.98999999999984
1.99999999999984
2.00999999999984
2.01999999999984
2.02999999999985
2.03999999999985
2.04999999999985
2.05999999999986
2.06999999999986
2.07999999999986
2.08999999999987
2.09999999999987
2.10999999999987
2.11999999999988
2.12999999999988
2.13999999999988
2.14999999999989
2.15999999999989
2.16999999999989
2.1799999999999
2.1899999999999
2.1999999999999
2.20999999999991
2.21999999999991
2.22999999999991
2.23999999999992
2.24999999999992
2.25999999999992
2.26999999999993
2.27999999999993
2.28999999999993
2.29999999999994
2.30999999999994
2.31999999999994
2.32999999999995
2.33999999999995
2.34999999999995
2.35999999999996
2.36999999999996
2.37999999999996
2.38999999999997
2.39999999999997
2.40999999999997
2.41999999999998
2.42999999999998
2.43999999999998
2.44999999999999
2.45999999999999
2.46999999999999
2.48
2.49
2.5
2.51000000000001
2.52000000000001
2.53000000000001
2.54000000000002
2.55000000000002
2.56000000000002
2.57000000000003
2.58000000000003
2.59000000000003
2.60000000000004
2.61000000000004
2.62000000000004
2.63000000000005
2.64000000000005
2.65000000000005
2.66000000000006
2.67000000000006
2.68000000000006
2.69000000000007
2.70000000000007
2.71000000000007
2.72000000000008
2.73000000000008
2.74000000000008
2.75000000000009
2.76000000000009
2.77000000000009
2.7800000000001
2.7900000000001
2.8000000000001
2.81000000000011
2.82000000000011
2.83000000000011
2.84000000000012
2.85000000000012
2.86000000000012
2.87000000000013
2.88000000000013
2.89000000000013
2.90000000000014
2.91000000000014
2.92000000000014
2.93000000000015
2.94000000000015
2.95000000000015
2.96000000000016
2.97000000000016
2.98000000000016
2.99000000000017
3.00000000000017
3.01000000000017
3.02000000000018
3.03000000000018
3.04000000000018
3.05000000000019
3.06000000000019
3.07000000000019
3.0800000000002
3.0900000000002
3.1000000000002
3.11000000000021
3.12000000000021
3.13000000000021
3.14000000000022
3.15000000000022
3.16000000000022
3.17000000000023
3.18000000000023
3.19000000000023
3.20000000000024
3.21000000000024
3.22000000000024
3.23000000000025
3.24000000000025
3.25000000000025
3.26000000000026
3.27000000000026
3.28000000000026
3.29000000000027
3.30000000000027
3.31000000000027
3.32000000000028
3.33000000000028
3.34000000000028
3.35000000000029
3.36000000000029
3.37000000000029
3.3800000000003
3.3900000000003
3.4000000000003
3.41000000000031
3.42000000000031
3.43000000000031
3.44000000000032
3.45000000000032
3.46000000000032
3.47000000000033
3.48000000000033
3.49000000000033
3.50000000000034
3.51000000000034
3.52000000000034
3.53000000000035
3.54000000000035
3.55000000000035
3.56000000000036
3.57000000000036
3.58000000000036
3.59000000000037
3.60000000000037
3.61000000000037
3.62000000000038
3.63000000000038
3.64000000000038
3.65000000000039
3.66000000000039
3.67000000000039
3.6800000000004
3.6900000000004
3.7000000000004
3.71000000000041
3.72000000000041
3.73000000000041
3.74000000000042
3.75000000000042
3.76000000000042
3.77000000000043
3.78000000000043
3.79000000000043
3.80000000000044
3.81000000000044
3.82000000000044
3.83000000000045
3.84000000000045
3.85000000000045
3.86000000000046
3.87000000000046
3.88000000000046
3.89000000000047
3.90000000000047
3.91000000000047
3.92000000000048
3.93000000000048
3.94000000000048
3.95000000000049
3.96000000000049
3.97000000000049
3.9800000000005
3.9900000000005
4.0000000000005
4.0100000000005
4.02000000000049
4.03000000000049
4.04000000000048
4.05000000000047
4.06000000000047
4.07000000000046
4.08000000000046
4.09000000000045
4.10000000000045
4.11000000000044
4.12000000000044
4.13000000000043
4.14000000000043
4.15000000000042
4.16000000000041
4.17000000000041
4.1800000000004
4.1900000000004
4.20000000000039
4.21000000000039
4.22000000000038
4.23000000000038
4.24000000000037
4.25000000000036
4.26000000000036
4.27000000000035
4.28000000000035
4.29000000000034
4.30000000000034
4.31000000000033
4.32000000000033
4.33000000000032
4.34000000000031
4.35000000000031
4.3600000000003
4.3700000000003
4.38000000000029
4.39000000000029
4.40000000000028
4.41000000000028
4.42000000000027
4.43000000000026
4.44000000000026
4.45000000000025
4.46000000000025
4.47000000000024
4.48000000000024
4.49000000000023
4.50000000000023
4.51000000000022
4.52000000000021
4.53000000000021
4.5400000000002
4.5500000000002
4.56000000000019
4.57000000000019
4.58000000000018
4.59000000000018
4.60000000000017
4.61000000000016
4.62000000000016
4.63000000000015
4.64000000000015
4.65000000000014
4.66000000000014
4.67000000000013
4.68000000000013
4.69000000000012
4.70000000000011
4.71000000000011
4.7200000000001
4.7300000000001
4.74000000000009
4.75000000000009
4.76000000000008
4.77000000000008
4.78000000000007
4.79000000000006
4.80000000000006
4.81000000000005
4.82000000000005
4.83000000000004
4.84000000000004
4.85000000000003
4.86000000000003
4.87000000000002
4.88000000000001
4.89000000000001
4.9
4.91
4.91999999999999
4.92999999999999
4.93999999999998
4.94999999999998
4.95999999999997
4.96999999999997
4.97999999999996
4.98999999999995
4.99999999999995
5.00999999999994
5.01999999999994
5.02999999999993
5.03999999999993
5.04999999999992
5.05999999999992
5.06999999999991
5.0799999999999
5.0899999999999
5.09999999999989
5.10999999999989
5.11999999999988
5.12999999999988
5.13999999999987
5.14999999999987
5.15999999999986
5.16999999999985
5.17999999999985
5.18999999999984
5.19999999999984
5.20999999999983
5.21999999999983
5.22999999999982
5.23999999999982
5.24999999999981
5.2599999999998
5.2699999999998
5.27999999999979
5.28999999999979
5.29999999999978
5.30999999999978
5.31999999999977
5.32999999999977
5.33999999999976
5.34999999999975
5.35999999999975
5.36999999999974
5.37999999999974
5.38999999999973
5.39999999999973
5.40999999999972
5.41999999999972
5.42999999999971
5.4399999999997
5.4499999999997
5.45999999999969
5.46999999999969
5.47999999999968
5.48999999999968
5.49999999999967
5.50999999999967
5.51999999999966
5.52999999999965
5.53999999999965
5.54999999999964
5.55999999999964
5.56999999999963
5.57999999999963
5.58999999999962
5.59999999999962
5.60999999999961
5.6199999999996
5.6299999999996
5.63999999999959
5.64999999999959
5.65999999999958
5.66999999999958
5.67999999999957
5.68999999999957
5.69999999999956
5.70999999999955
5.71999999999955
5.72999999999954
5.73999999999954
5.74999999999953
5.75999999999953
5.76999999999952
5.77999999999952
5.78999999999951
5.79999999999951
5.8099999999995
5.81999999999949
5.82999999999949
5.83999999999948
5.84999999999948
5.85999999999947
5.86999999999947
5.87999999999946
5.88999999999946
5.89999999999945
5.90999999999944
5.91999999999944
5.92999999999943
5.93999999999943
5.94999999999942
5.95999999999942
5.96999999999941
5.97999999999941
5.9899999999994
5.99999999999939
6.00999999999939
6.01999999999938
6.02999999999938
6.03999999999937
6.04999999999937
6.05999999999936
6.06999999999936
6.07999999999935
6.08999999999934
6.09999999999934
6.10999999999933
6.11999999999933
6.12999999999932
6.13999999999932
6.14999999999931
6.15999999999931
6.1699999999993
6.17999999999929
6.18999999999929
6.19999999999928
6.20999999999928
6.21999999999927
6.22999999999927
6.23999999999926
6.24999999999926
6.25999999999925
6.26999999999924
6.27999999999924
6.28999999999923
6.29999999999923
6.30999999999922
6.31999999999922
6.32999999999921
6.33999999999921
6.3499999999992
6.35999999999919
6.36999999999919
6.37999999999918
6.38999999999918
6.39999999999917
6.40999999999917
6.41999999999916
6.42999999999916
6.43999999999915
6.44999999999914
6.45999999999914
6.46999999999913
6.47999999999913
6.48999999999912
6.49999999999912
6.50999999999911
6.51999999999911
6.5299999999991
6.53999999999909
6.54999999999909
6.55999999999908
6.56999999999908
6.57999999999907
6.58999999999907
6.59999999999906
6.60999999999906
6.61999999999905
6.62999999999905
6.63999999999904
6.64999999999903
6.65999999999903
6.66999999999902
6.67999999999902
6.68999999999901
6.69999999999901
6.709999999999
6.719999999999
6.72999999999899
6.73999999999898
6.74999999999898
6.75999999999897
6.76999999999897
6.77999999999896
6.78999999999896
6.79999999999895
6.80999999999895
6.81999999999894
6.82999999999893
6.83999999999893
6.84999999999892
6.85999999999892
6.86999999999891
6.87999999999891
6.8899999999989
6.8999999999989
6.90999999999889
6.91999999999888
6.92999999999888
6.93999999999887
6.94999999999887
6.95999999999886
6.96999999999886
6.97999999999885
6.98999999999885
6.99999999999884
7.00999999999883
7.01999999999883
7.02999999999882
7.03999999999882
7.04999999999881
7.05999999999881
7.0699999999988
7.0799999999988
7.08999999999879
7.09999999999878
7.10999999999878
7.11999999999877
7.12999999999877
7.13999999999876
7.14999999999876
7.15999999999875
7.16999999999875
7.17999999999874
7.18999999999873
7.19999999999873
7.20999999999872
7.21999999999872
7.22999999999871
7.23999999999871
7.2499999999987
7.2599999999987
7.26999999999869
7.27999999999868
7.28999999999868
7.29999999999867
7.30999999999867
7.31999999999866
7.32999999999866
7.33999999999865
7.34999999999865
7.35999999999864
7.36999999999863
7.37999999999863
7.38999999999862
7.39999999999862
7.40999999999861
7.41999999999861
7.4299999999986
7.4399999999986
7.44999999999859
7.45999999999859
7.46999999999858
7.47999999999857
7.48999999999857
7.49999999999856
7.50999999999856
7.51999999999855
7.52999999999855
7.53999999999854
7.54999999999854
7.55999999999853
7.56999999999852
7.57999999999852
7.58999999999851
7.59999999999851
7.6099999999985
7.6199999999985
7.62999999999849
7.63999999999849
7.64999999999848
7.65999999999847
7.66999999999847
7.67999999999846
7.68999999999846
7.69999999999845
7.70999999999845
7.71999999999844
7.72999999999844
7.73999999999843
7.74999999999842
7.75999999999842
7.76999999999841
7.77999999999841
7.7899999999984
7.7999999999984
7.80999999999839
7.81999999999839
7.82999999999838
7.83999999999837
7.84999999999837
7.85999999999836
7.86999999999836
7.87999999999835
7.88999999999835
7.89999999999834
7.90999999999834
7.91999999999833
7.92999999999832
7.93999999999832
7.94999999999831
7.95999999999831
7.9699999999983
7.9799999999983
7.98999999999829
7.99999999999829
8.0099999999983
8.01999999999831
8.02999999999832
8.03999999999833
8.04999999999835
8.05999999999836
8.06999999999837
8.07999999999838
8.0899999999984
8.09999999999841
8.10999999999842
8.11999999999843
8.12999999999844
8.13999999999846
8.14999999999847
8.15999999999848
8.16999999999849
8.17999999999851
8.18999999999852
8.19999999999853
8.20999999999854
8.21999999999855
8.22999999999857
8.23999999999858
8.24999999999859
8.2599999999986
8.26999999999862
8.27999999999863
8.28999999999864
8.29999999999865
8.30999999999866
8.31999999999868
8.32999999999869
8.3399999999987
8.34999999999871
8.35999999999873
8.36999999999874
8.37999999999875
8.38999999999876
8.39999999999877
8.40999999999879
8.4199999999988
8.42999999999881
8.43999999999882
8.44999999999884
8.45999999999885
8.46999999999886
8.47999999999887
8.48999999999888
8.4999999999989
8.50999999999891
8.51999999999892
8.52999999999893
8.53999999999895
8.54999999999896
8.55999999999897
8.56999999999898
8.57999999999899
8.58999999999901
8.59999999999902
8.60999999999903
8.61999999999904
8.62999999999906
8.63999999999907
8.64999999999908
8.65999999999909
8.6699999999991
8.67999999999912
8.68999999999913
8.69999999999914
8.70999999999915
8.71999999999917
8.72999999999918
8.73999999999919
8.7499999999992
8.75999999999921
8.76999999999923
8.77999999999924
8.78999999999925
8.79999999999926
8.80999999999928
8.81999999999929
8.8299999999993
8.83999999999931
8.84999999999932
8.85999999999934
8.86999999999935
8.87999999999936
8.88999999999937
8.89999999999939
8.9099999999994
8.91999999999941
8.92999999999942
8.93999999999943
8.94999999999945
8.95999999999946
8.96999999999947
8.97999999999948
8.9899999999995
8.99999999999951
9.00999999999952
9.01999999999953
9.02999999999954
9.03999999999956
9.04999999999957
9.05999999999958
9.06999999999959
9.07999999999961
9.08999999999962
9.09999999999963
9.10999999999964
9.11999999999965
9.12999999999967
9.13999999999968
9.14999999999969
9.1599999999997
9.16999999999972
9.17999999999973
9.18999999999974
9.19999999999975
9.20999999999976
9.21999999999978
9.22999999999979
9.2399999999998
9.24999999999981
9.25999999999983
9.26999999999984
9.27999999999985
9.28999999999986
9.29999999999987
9.30999999999989
9.3199999999999
9.32999999999991
9.33999999999992
9.34999999999994
9.35999999999995
9.36999999999996
9.37999999999997
9.38999999999998
9.4
9.41000000000001
9.42000000000002
9.43000000000003
9.44000000000005
9.45000000000006
9.46000000000007
9.47000000000008
9.48000000000009
9.49000000000011
9.50000000000012
9.51000000000013
9.52000000000014
9.53000000000016
9.54000000000017
9.55000000000018
9.56000000000019
9.5700000000002
9.58000000000022
9.59000000000023
9.60000000000024
9.61000000000025
9.62000000000027
9.63000000000028
9.64000000000029
9.6500000000003
9.66000000000031
9.67000000000033
9.68000000000034
9.69000000000035
9.70000000000036
9.71000000000038
9.72000000000039
9.7300000000004
9.74000000000041
9.75000000000042
9.76000000000044
9.77000000000045
9.78000000000046
9.79000000000047
9.80000000000049
9.8100000000005
9.82000000000051
9.83000000000052
9.84000000000053
9.85000000000055
9.86000000000056
9.87000000000057
9.88000000000058
9.8900000000006
9.90000000000061
9.91000000000062
9.92000000000063
9.93000000000064
9.94000000000066
9.95000000000067
9.96000000000068
9.97000000000069
9.98000000000071
9.99000000000072
10.0000000000007
10.0100000000007
10.0200000000008
10.0300000000008
10.0400000000008
10.0500000000008
10.0600000000008
10.0700000000008
10.0800000000008
10.0900000000008
10.1000000000009
10.1100000000009
10.1200000000009
10.1300000000009
10.1400000000009
10.1500000000009
10.1600000000009
10.1700000000009
10.180000000001
10.190000000001
10.200000000001
10.210000000001
10.220000000001
10.230000000001
10.240000000001
10.250000000001
10.260000000001
10.2700000000011
10.2800000000011
10.2900000000011
10.3000000000011
10.3100000000011
10.3200000000011
10.3300000000011
10.3400000000011
10.3500000000012
10.3600000000012
10.3700000000012
10.3800000000012
10.3900000000012
10.4000000000012
10.4100000000012
10.4200000000012
10.4300000000013
10.4400000000013
10.4500000000013
10.4600000000013
10.4700000000013
10.4800000000013
10.4900000000013
10.5000000000013
10.5100000000014
10.5200000000014
10.5300000000014
10.5400000000014
10.5500000000014
10.5600000000014
10.5700000000014
10.5800000000014
10.5900000000015
10.6000000000015
10.6100000000015
10.6200000000015
10.6300000000015
10.6400000000015
10.6500000000015
10.6600000000015
10.6700000000015
10.6800000000016
10.6900000000016
10.7000000000016
10.7100000000016
10.7200000000016
10.7300000000016
10.7400000000016
10.7500000000016
10.7600000000017
10.7700000000017
10.7800000000017
10.7900000000017
10.8000000000017
10.8100000000017
10.8200000000017
10.8300000000017
10.8400000000018
10.8500000000018
10.8600000000018
10.8700000000018
10.8800000000018
10.8900000000018
10.9000000000018
10.9100000000018
10.9200000000019
10.9300000000019
10.9400000000019
10.9500000000019
10.9600000000019
10.9700000000019
10.9800000000019
10.9900000000019
11.000000000002
11.010000000002
11.020000000002
11.030000000002
11.040000000002
11.050000000002
11.060000000002
11.070000000002
11.080000000002
11.0900000000021
11.1000000000021
11.1100000000021
11.1200000000021
11.1300000000021
11.1400000000021
11.1500000000021
11.1600000000021
11.1700000000022
11.1800000000022
11.1900000000022
11.2000000000022
11.2100000000022
11.2200000000022
11.2300000000022
11.2400000000022
11.2500000000023
11.2600000000023
11.2700000000023
11.2800000000023
11.2900000000023
11.3000000000023
11.3100000000023
11.3200000000023
11.3300000000024
11.3400000000024
11.3500000000024
11.3600000000024
11.3700000000024
11.3800000000024
11.3900000000024
11.4000000000024
11.4100000000025
11.4200000000025
11.4300000000025
11.4400000000025
11.4500000000025
11.4600000000025
11.4700000000025
11.4800000000025
11.4900000000026
11.5000000000026
11.5100000000026
11.5200000000026
11.5300000000026
11.5400000000026
11.5500000000026
11.5600000000026
11.5700000000026
11.5800000000027
11.5900000000027
11.6000000000027
11.6100000000027
11.6200000000027
11.6300000000027
11.6400000000027
11.6500000000027
11.6600000000028
11.6700000000028
11.6800000000028
11.6900000000028
11.7000000000028
11.7100000000028
11.7200000000028
11.7300000000028
11.7400000000029
11.7500000000029
11.7600000000029
11.7700000000029
11.7800000000029
11.7900000000029
11.8000000000029
11.8100000000029
11.820000000003
11.830000000003
11.840000000003
11.850000000003
11.860000000003
11.870000000003
11.880000000003
11.890000000003
11.9000000000031
11.9100000000031
11.9200000000031
11.9300000000031
11.9400000000031
11.9500000000031
11.9600000000031
11.9700000000031
11.9800000000031
11.9900000000032
12.0000000000032
12.0100000000032
12.0200000000032
12.0300000000032
12.0400000000032
12.0500000000032
12.0600000000032
12.0700000000033
12.0800000000033
12.0900000000033
12.1000000000033
12.1100000000033
12.1200000000033
12.1300000000033
12.1400000000033
12.1500000000034
12.1600000000034
12.1700000000034
12.1800000000034
12.1900000000034
12.2000000000034
12.2100000000034
12.2200000000034
12.2300000000035
12.2400000000035
12.2500000000035
12.2600000000035
12.2700000000035
12.2800000000035
12.2900000000035
12.3000000000035
12.3100000000036
12.3200000000036
12.3300000000036
12.3400000000036
12.3500000000036
12.3600000000036
12.3700000000036
12.3800000000036
12.3900000000037
12.4000000000037
12.4100000000037
12.4200000000037
12.4300000000037
12.4400000000037
12.4500000000037
12.4600000000037
12.4700000000037
12.4800000000038
12.4900000000038
12.5000000000038
12.5100000000038
12.5200000000038
12.5300000000038
12.5400000000038
12.5500000000038
12.5600000000039
12.5700000000039
12.5800000000039
12.5900000000039
12.6000000000039
12.6100000000039
12.6200000000039
12.6300000000039
12.640000000004
12.650000000004
12.660000000004
12.670000000004
12.680000000004
12.690000000004
12.700000000004
12.710000000004
12.7200000000041
12.7300000000041
12.7400000000041
12.7500000000041
12.7600000000041
12.7700000000041
12.7800000000041
12.7900000000041
12.8000000000042
12.8100000000042
12.8200000000042
12.8300000000042
12.8400000000042
12.8500000000042
12.8600000000042
12.8700000000042
12.8800000000042
12.8900000000043
12.9000000000043
12.9100000000043
12.9200000000043
12.9300000000043
12.9400000000043
12.9500000000043
12.9600000000043
12.9700000000044
12.9800000000044
12.9900000000044
13.0000000000044
13.0100000000044
13.0200000000044
13.0300000000044
13.0400000000044
13.0500000000045
13.0600000000045
13.0700000000045
13.0800000000045
13.0900000000045
13.1000000000045
13.1100000000045
13.1200000000045
13.1300000000046
13.1400000000046
13.1500000000046
13.1600000000046
13.1700000000046
13.1800000000046
13.1900000000046
13.2000000000046
13.2100000000047
13.2200000000047
13.2300000000047
13.2400000000047
13.2500000000047
13.2600000000047
13.2700000000047
13.2800000000047
13.2900000000048
13.3000000000048
13.3100000000048
13.3200000000048
13.3300000000048
13.3400000000048
13.3500000000048
13.3600000000048
13.3700000000048
13.3800000000049
13.3900000000049
13.4000000000049
13.4100000000049
13.4200000000049
13.4300000000049
13.4400000000049
13.4500000000049
13.460000000005
13.470000000005
13.480000000005
13.490000000005
13.500000000005
13.510000000005
13.520000000005
13.530000000005
13.5400000000051
13.5500000000051
13.5600000000051
13.5700000000051
13.5800000000051
13.5900000000051
13.6000000000051
13.6100000000051
13.6200000000052
13.6300000000052
13.6400000000052
13.6500000000052
13.6600000000052
13.6700000000052
13.6800000000052
13.6900000000052
13.7000000000053
13.7100000000053
13.7200000000053
13.7300000000053
13.7400000000053
13.7500000000053
13.7600000000053
13.7700000000053
13.7800000000053
13.7900000000054
13.8000000000054
13.8100000000054
13.8200000000054
13.8300000000054
13.8400000000054
13.8500000000054
13.8600000000054
13.8700000000055
13.8800000000055
13.8900000000055
13.9000000000055
13.9100000000055
13.9200000000055
13.9300000000055
13.9400000000055
13.9500000000056
13.9600000000056
13.9700000000056
13.9800000000056
13.9900000000056
14.0000000000056
14.0100000000056
14.0200000000056
14.0300000000057
14.0400000000057
14.0500000000057
14.0600000000057
14.0700000000057
14.0800000000057
14.0900000000057
14.1000000000057
14.1100000000058
14.1200000000058
14.1300000000058
14.1400000000058
14.1500000000058
14.1600000000058
14.1700000000058
14.1800000000058
14.1900000000059
14.2000000000059
14.2100000000059
14.2200000000059
14.2300000000059
14.2400000000059
14.2500000000059
14.2600000000059
14.2700000000059
14.280000000006
14.290000000006
14.300000000006
14.310000000006
14.320000000006
14.330000000006
14.340000000006
14.350000000006
14.3600000000061
14.3700000000061
14.3800000000061
14.3900000000061
14.4000000000061
14.4100000000061
14.4200000000061
14.4300000000061
14.4400000000062
14.4500000000062
14.4600000000062
14.4700000000062
14.4800000000062
14.4900000000062
14.5000000000062
14.5100000000062
14.5200000000063
14.5300000000063
14.5400000000063
14.5500000000063
14.5600000000063
14.5700000000063
14.5800000000063
14.5900000000063
14.6000000000064
14.6100000000064
14.6200000000064
14.6300000000064
14.6400000000064
14.6500000000064
14.6600000000064
14.6700000000064
14.6800000000064
14.6900000000065
14.7000000000065
14.7100000000065
14.7200000000065
14.7300000000065
14.7400000000065
14.7500000000065
14.7600000000065
14.7700000000066
14.7800000000066
14.7900000000066
14.8000000000066
14.8100000000066
14.8200000000066
14.8300000000066
14.8400000000066
14.8500000000067
14.8600000000067
14.8700000000067
14.8800000000067
14.8900000000067
14.9000000000067
14.9100000000067
14.9200000000067
14.9300000000068
14.9400000000068
14.9500000000068
14.9600000000068
14.9700000000068
14.9800000000068
14.9900000000068
15.0000000000068
15.0100000000069
15.0200000000069
15.0300000000069
15.0400000000069
15.0500000000069
15.0600000000069
15.0700000000069
15.0800000000069
15.090000000007
15.100000000007
15.110000000007
15.120000000007
15.130000000007
15.140000000007
15.150000000007
15.160000000007
15.170000000007
15.1800000000071
15.1900000000071
15.2000000000071
15.2100000000071
15.2200000000071
15.2300000000071
15.2400000000071
15.2500000000071
15.2600000000072
15.2700000000072
15.2800000000072
15.2900000000072
15.3000000000072
15.3100000000072
15.3200000000072
15.3300000000072
15.3400000000073
15.3500000000073
15.3600000000073
15.3700000000073
15.3800000000073
15.3900000000073
15.4000000000073
15.4100000000073
15.4200000000074
15.4300000000074
15.4400000000074
15.4500000000074
15.4600000000074
15.4700000000074
15.4800000000074
15.4900000000074
15.5000000000075
15.5100000000075
15.5200000000075
15.5300000000075
15.5400000000075
15.5500000000075
15.5600000000075
15.5700000000075
15.5800000000075
15.5900000000076
15.6000000000076
15.6100000000076
15.6200000000076
15.6300000000076
15.6400000000076
15.6500000000076
15.6600000000076
15.6700000000077
15.6800000000077
15.6900000000077
15.7000000000077
15.7100000000077
15.7200000000077
15.7300000000077
15.7400000000077
15.7500000000078
15.7600000000078
15.7700000000078
15.7800000000078
15.7900000000078
15.8000000000078
15.8100000000078
15.8200000000078
15.8300000000079
15.8400000000079
15.8500000000079
15.8600000000079
15.8700000000079
15.8800000000079
15.8900000000079
15.9000000000079
15.910000000008
15.920000000008
15.930000000008
15.940000000008
15.950000000008
15.960000000008
15.970000000008
15.980000000008
15.9900000000081
16.0000000000081
16.010000000008
16.020000000008
16.030000000008
16.040000000008
16.0500000000079
16.0600000000079
16.0700000000079
16.0800000000079
16.0900000000079
16.1000000000078
16.1100000000078
16.1200000000078
16.1300000000078
16.1400000000077
16.1500000000077
16.1600000000077
16.1700000000077
16.1800000000076
16.1900000000076
16.2000000000076
16.2100000000076
16.2200000000075
16.2300000000075
16.2400000000075
16.2500000000075
16.2600000000075
16.2700000000074
16.2800000000074
16.2900000000074
16.3000000000074
16.3100000000073
16.3200000000073
16.3300000000073
16.3400000000073
16.3500000000072
16.3600000000072
16.3700000000072
16.3800000000072
16.3900000000072
16.4000000000071
16.4100000000071
16.4200000000071
16.4300000000071
16.440000000007
16.450000000007
16.460000000007
16.470000000007
16.4800000000069
16.4900000000069
16.5000000000069
16.5100000000069
16.5200000000068
16.5300000000068
16.5400000000068
16.5500000000068
16.5600000000068
16.5700000000067
16.5800000000067
16.5900000000067
16.6000000000067
16.6100000000066
16.6200000000066
16.6300000000066
16.6400000000066
16.6500000000065
16.6600000000065
16.6700000000065
16.6800000000065
16.6900000000065
16.7000000000064
16.7100000000064
16.7200000000064
16.7300000000064
16.7400000000063
16.7500000000063
16.7600000000063
16.7700000000063
16.7800000000062
16.7900000000062
16.8000000000062
16.8100000000062
16.8200000000062
16.8300000000061
16.8400000000061
16.8500000000061
16.8600000000061
16.870000000006
16.880000000006
16.890000000006
16.900000000006
16.9100000000059
16.9200000000059
16.9300000000059
16.9400000000059
16.9500000000058
16.9600000000058
16.9700000000058
16.9800000000058
16.9900000000058
17.0000000000057
17.0100000000057
17.0200000000057
17.0300000000057
17.0400000000056
17.0500000000056
17.0600000000056
17.0700000000056
17.0800000000055
17.0900000000055
17.1000000000055
17.1100000000055
17.1200000000055
17.1300000000054
17.1400000000054
17.1500000000054
17.1600000000054
17.1700000000053
17.1800000000053
17.1900000000053
17.2000000000053
17.2100000000052
17.2200000000052
17.2300000000052
17.2400000000052
17.2500000000051
17.2600000000051
17.2700000000051
17.2800000000051
17.2900000000051
17.300000000005
17.310000000005
17.320000000005
17.330000000005
17.3400000000049
17.3500000000049
17.3600000000049
17.3700000000049
17.3800000000048
17.3900000000048
17.4000000000048
17.4100000000048
17.4200000000048
17.4300000000047
17.4400000000047
17.4500000000047
17.4600000000047
17.4700000000046
17.4800000000046
17.4900000000046
17.5000000000046
17.5100000000045
17.5200000000045
17.5300000000045
17.5400000000045
17.5500000000044
17.5600000000044
17.5700000000044
17.5800000000044
17.5900000000044
17.6000000000043
17.6100000000043
17.6200000000043
17.6300000000043
17.6400000000042
17.6500000000042
17.6600000000042
17.6700000000042
17.6800000000041
17.6900000000041
17.7000000000041
17.7100000000041
17.7200000000041
17.730000000004
17.740000000004
17.750000000004
17.760000000004
17.7700000000039
17.7800000000039
17.7900000000039
17.8000000000039
17.8100000000038
17.8200000000038
17.8300000000038
17.8400000000038
17.8500000000037
17.8600000000037
17.8700000000037
17.8800000000037
17.8900000000037
17.9000000000036
17.9100000000036
17.9200000000036
17.9300000000036
17.9400000000035
17.9500000000035
17.9600000000035
17.9700000000035
17.9800000000034
17.9900000000034
18.0000000000034
18.0100000000034
18.0200000000034
18.0300000000033
18.0400000000033
18.0500000000033
18.0600000000033
18.0700000000032
18.0800000000032
18.0900000000032
18.1000000000032
18.1100000000031
18.1200000000031
18.1300000000031
18.1400000000031
18.1500000000031
18.160000000003
18.170000000003
18.180000000003
18.190000000003
18.2000000000029
18.2100000000029
18.2200000000029
18.2300000000029
18.2400000000028
18.2500000000028
18.2600000000028
18.2700000000028
18.2800000000027
18.2900000000027
18.3000000000027
18.3100000000027
18.3200000000027
18.3300000000026
18.3400000000026
18.3500000000026
18.3600000000026
18.3700000000025
18.3800000000025
18.3900000000025
18.4000000000025
18.4100000000024
18.4200000000024
18.4300000000024
18.4400000000024
18.4500000000024
18.4600000000023
18.4700000000023
18.4800000000023
18.4900000000023
18.5000000000022
18.5100000000022
18.5200000000022
18.5300000000022
18.5400000000021
18.5500000000021
18.5600000000021
18.5700000000021
18.580000000002
18.590000000002
18.600000000002
18.610000000002
18.620000000002
18.6300000000019
18.6400000000019
18.6500000000019
18.6600000000019
18.6700000000018
18.6800000000018
18.6900000000018
18.7000000000018
18.7100000000017
18.7200000000017
18.7300000000017
18.7400000000017
18.7500000000017
18.7600000000016
18.7700000000016
18.7800000000016
18.7900000000016
18.8000000000015
18.8100000000015
18.8200000000015
18.8300000000015
18.8400000000014
18.8500000000014
18.8600000000014
18.8700000000014
18.8800000000013
18.8900000000013
18.9000000000013
18.9100000000013
18.9200000000013
18.9300000000012
18.9400000000012
18.9500000000012
18.9600000000012
18.9700000000011
18.9800000000011
18.9900000000011
19.0000000000011
19.010000000001
19.020000000001
19.030000000001
19.040000000001
19.050000000001
19.0600000000009
19.0700000000009
19.0800000000009
19.0900000000009
19.1000000000008
19.1100000000008
19.1200000000008
19.1300000000008
19.1400000000007
19.1500000000007
19.1600000000007
19.1700000000007
19.1800000000006
19.1900000000006
19.2000000000006
19.2100000000006
19.2200000000006
19.2300000000005
19.2400000000005
19.2500000000005
19.2600000000005
19.2700000000004
19.2800000000004
19.2900000000004
19.3000000000004
19.3100000000003
19.3200000000003
19.3300000000003
19.3400000000003
19.3500000000003
19.3600000000002
19.3700000000002
19.3800000000002
19.3900000000002
19.4000000000001
19.4100000000001
19.4200000000001
19.4300000000001
19.44
19.45
19.46
19.47
19.48
19.4899999999999
19.4999999999999
19.5099999999999
19.5199999999999
19.5299999999998
19.5399999999998
19.5499999999998
19.5599999999998
19.5699999999997
19.5799999999997
19.5899999999997
19.5999999999997
19.6099999999996
19.6199999999996
19.6299999999996
19.6399999999996
19.6499999999996
19.6599999999995
19.6699999999995
19.6799999999995
19.6899999999995
19.6999999999994
19.7099999999994
19.7199999999994
19.7299999999994
19.7399999999993
19.7499999999993
19.7599999999993
19.7699999999993
19.7799999999993
19.7899999999992
19.7999999999992
19.8099999999992
19.8199999999992
19.8299999999991
19.8399999999991
19.8499999999991
19.8599999999991
19.869999999999
19.879999999999
19.889999999999
19.899999999999
19.9099999999989
19.9199999999989
19.9299999999989
19.9399999999989
19.9499999999989
19.9599999999988
19.9699999999988
19.9799999999988
19.9899999999988
19.9999999999987
20.0099999999987
20.0199999999987
20.0299999999987
20.0399999999986
20.0499999999986
20.0599999999986
20.0699999999986
20.0799999999986
20.0899999999985
20.0999999999985
20.1099999999985
20.1199999999985
20.1299999999984
20.1399999999984
20.1499999999984
20.1599999999984
20.1699999999983
20.1799999999983
20.1899999999983
20.1999999999983
20.2099999999982
20.2199999999982
20.2299999999982
20.2399999999982
20.2499999999982
20.2599999999981
20.2699999999981
20.2799999999981
20.2899999999981
20.299999999998
20.309999999998
20.319999999998
20.329999999998
20.3399999999979
20.3499999999979
20.3599999999979
20.3699999999979
20.3799999999979
20.3899999999978
20.3999999999978
20.4099999999978
20.4199999999978
20.4299999999977
20.4399999999977
20.4499999999977
20.4599999999977
20.4699999999976
20.4799999999976
20.4899999999976
20.4999999999976
20.5099999999976
20.5199999999975
20.5299999999975
20.5399999999975
20.5499999999975
20.5599999999974
20.5699999999974
20.5799999999974
20.5899999999974
20.5999999999973
20.6099999999973
20.6199999999973
20.6299999999973
20.6399999999972
20.6499999999972
20.6599999999972
20.6699999999972
20.6799999999972
20.6899999999971
20.6999999999971
20.7099999999971
20.7199999999971
20.729999999997
20.739999999997
20.749999999997
20.759999999997
20.7699999999969
20.7799999999969
20.7899999999969
20.7999999999969
20.8099999999969
20.8199999999968
20.8299999999968
20.8399999999968
20.8499999999968
20.8599999999967
20.8699999999967
20.8799999999967
20.8899999999967
20.8999999999966
20.9099999999966
20.9199999999966
20.9299999999966
20.9399999999965
20.9499999999965
20.9599999999965
20.9699999999965
20.9799999999965
20.9899999999964
20.9999999999964
21.0099999999964
21.0199999999964
21.0299999999963
21.0399999999963
21.0499999999963
21.0599999999963
21.0699999999962
21.0799999999962
21.0899999999962
21.0999999999962
21.1099999999962
21.1199999999961
21.1299999999961
21.1399999999961
21.1499999999961
21.159999999996
21.169999999996
21.179999999996
21.189999999996
21.1999999999959
21.2099999999959
21.2199999999959
21.2299999999959
21.2399999999958
21.2499999999958
21.2599999999958
21.2699999999958
21.2799999999958
21.2899999999957
21.2999999999957
21.3099999999957
21.3199999999957
21.3299999999956
21.3399999999956
21.3499999999956
21.3599999999956
21.3699999999955
21.3799999999955
21.3899999999955
21.3999999999955
21.4099999999955
21.4199999999954
21.4299999999954
21.4399999999954
21.4499999999954
21.4599999999953
21.4699999999953
21.4799999999953
21.4899999999953
21.4999999999952
21.5099999999952
21.5199999999952
21.5299999999952
21.5399999999951
21.5499999999951
21.5599999999951
21.5699999999951
21.5799999999951
21.589999999995
21.599999999995
21.609999999995
21.619999999995
21.6299999999949
21.6399999999949
21.6499999999949
21.6599999999949
21.6699999999948
21.6799999999948
21.6899999999948
21.6999999999948
21.7099999999948
21.7199999999947
21.7299999999947
21.7399999999947
21.7499999999947
21.7599999999946
21.7699999999946
21.7799999999946
21.7899999999946
21.7999999999945
21.8099999999945
21.8199999999945
21.8299999999945
21.8399999999945
21.8499999999944
21.8599999999944
21.8699999999944
21.8799999999944
21.8899999999943
21.8999999999943
21.9099999999943
21.9199999999943
21.9299999999942
21.9399999999942
21.9499999999942
21.9599999999942
21.9699999999941
21.9799999999941
21.9899999999941
21.9999999999941
22.0099999999941
22.019999999994
22.029999999994
22.039999999994
22.049999999994
22.0599999999939
22.0699999999939
22.0799999999939
22.0899999999939
22.0999999999938
22.1099999999938
22.1199999999938
22.1299999999938
22.1399999999938
22.1499999999937
22.1599999999937
22.1699999999937
22.1799999999937
22.1899999999936
22.1999999999936
22.2099999999936
22.2199999999936
22.2299999999935
22.2399999999935
22.2499999999935
22.2599999999935
22.2699999999934
22.2799999999934
22.2899999999934
22.2999999999934
22.3099999999934
22.3199999999933
22.3299999999933
22.3399999999933
22.3499999999933
22.3599999999932
22.3699999999932
22.3799999999932
22.3899999999932
22.3999999999931
22.4099999999931
22.4199999999931
22.4299999999931
22.4399999999931
22.449999999993
22.459999999993
22.469999999993
22.479999999993
22.4899999999929
22.4999999999929
22.5099999999929
22.5199999999929
22.5299999999928
22.5399999999928
22.5499999999928
22.5599999999928
22.5699999999927
22.5799999999927
22.5899999999927
22.5999999999927
22.6099999999927
22.6199999999926
22.6299999999926
22.6399999999926
22.6499999999926
22.6599999999925
22.6699999999925
22.6799999999925
22.6899999999925
22.6999999999924
22.7099999999924
22.7199999999924
22.7299999999924
22.7399999999924
22.7499999999923
22.7599999999923
22.7699999999923
22.7799999999923
22.7899999999922
22.7999999999922
22.8099999999922
22.8199999999922
22.8299999999921
22.8399999999921
22.8499999999921
22.8599999999921
22.8699999999921
22.879999999992
22.889999999992
22.899999999992
22.909999999992
22.9199999999919
22.9299999999919
22.9399999999919
22.9499999999919
22.9599999999918
22.9699999999918
22.9799999999918
22.9899999999918
22.9999999999917
23.0099999999917
23.0199999999917
23.0299999999917
23.0399999999917
23.0499999999916
23.0599999999916
23.0699999999916
23.0799999999916
23.0899999999915
23.0999999999915
23.1099999999915
23.1199999999915
23.1299999999914
23.1399999999914
23.1499999999914
23.1599999999914
23.1699999999914
23.1799999999913
23.1899999999913
23.1999999999913
23.2099999999913
23.2199999999912
23.2299999999912
23.2399999999912
23.2499999999912
23.2599999999911
23.2699999999911
23.2799999999911
23.2899999999911
23.299999999991
23.309999999991
23.319999999991
23.329999999991
23.339999999991
23.3499999999909
23.3599999999909
23.3699999999909
23.3799999999909
23.3899999999908
23.3999999999908
23.4099999999908
23.4199999999908
23.4299999999907
23.4399999999907
23.4499999999907
23.4599999999907
23.4699999999907
23.4799999999906
23.4899999999906
23.4999999999906
23.5099999999906
23.5199999999905
23.5299999999905
23.5399999999905
23.5499999999905
23.5599999999904
23.5699999999904
23.5799999999904
23.5899999999904
23.5999999999903
23.6099999999903
23.6199999999903
23.6299999999903
23.6399999999903
23.6499999999902
23.6599999999902
23.6699999999902
23.6799999999902
23.6899999999901
23.6999999999901
23.7099999999901
23.7199999999901
23.72999999999
23.73999999999
23.74999999999
23.75999999999
23.76999999999
23.7799999999899
23.7899999999899
23.7999999999899
23.8099999999899
23.8199999999898
23.8299999999898
23.8399999999898
23.8499999999898
23.8599999999897
23.8699999999897
23.8799999999897
23.8899999999897
23.8999999999896
23.9099999999896
23.9199999999896
23.9299999999896
23.9399999999896
23.9499999999895
23.9599999999895
23.9699999999895
23.9799999999895
23.9899999999894
23.9999999999894
24.0099999999894
24.0199999999894
24.0299999999893
24.0399999999893
24.0499999999893
24.0599999999893
24.0699999999893
24.0799999999892
24.0899999999892
24.0999999999892
24.1099999999892
24.1199999999891
24.1299999999891
24.1399999999891
24.1499999999891
24.159999999989
24.169999999989
24.179999999989
24.189999999989
24.199999999989
24.2099999999889
24.2199999999889
24.2299999999889
24.2399999999889
24.2499999999888
24.2599999999888
24.2699999999888
24.2799999999888
24.2899999999887
24.2999999999887
24.3099999999887
24.3199999999887
24.3299999999886
24.3399999999886
24.3499999999886
24.3599999999886
24.3699999999886
24.3799999999885
24.3899999999885
24.3999999999885
24.4099999999885
24.4199999999884
24.4299999999884
24.4399999999884
24.4499999999884
24.4599999999883
24.4699999999883
24.4799999999883
24.4899999999883
24.4999999999883
24.5099999999882
24.5199999999882
24.5299999999882
24.5399999999882
24.5499999999881
24.5599999999881
24.5699999999881
24.5799999999881
24.589999999988
24.599999999988
24.609999999988
24.619999999988
24.6299999999879
24.6399999999879
24.6499999999879
24.6599999999879
24.6699999999879
24.6799999999878
24.6899999999878
24.6999999999878
24.7099999999878
24.7199999999877
24.7299999999877
24.7399999999877
24.7499999999877
24.7599999999876
24.7699999999876
24.7799999999876
24.7899999999876
24.7999999999876
24.8099999999875
24.8199999999875
24.8299999999875
24.8399999999875
24.8499999999874
24.8599999999874
24.8699999999874
24.8799999999874
24.8899999999873
24.8999999999873
24.9099999999873
24.9199999999873
24.9299999999872
24.9399999999872
24.9499999999872
24.9599999999872
24.9699999999872
24.9799999999871
24.9899999999871
24.9999999999871
25.0099999999871
25.019999999987
25.029999999987
25.039999999987
25.049999999987
25.0599999999869
25.0699999999869
25.0799999999869
25.0899999999869
25.0999999999869
25.1099999999868
25.1199999999868
25.1299999999868
25.1399999999868
25.1499999999867
25.1599999999867
25.1699999999867
25.1799999999867
25.1899999999866
25.1999999999866
25.2099999999866
25.2199999999866
25.2299999999865
25.2399999999865
25.2499999999865
25.2599999999865
25.2699999999865
25.2799999999864
25.2899999999864
25.2999999999864
25.3099999999864
25.3199999999863
25.3299999999863
25.3399999999863
25.3499999999863
25.3599999999862
25.3699999999862
25.3799999999862
25.3899999999862
25.3999999999862
25.4099999999861
25.4199999999861
25.4299999999861
25.4399999999861
25.449999999986
25.459999999986
25.469999999986
25.479999999986
25.4899999999859
25.4999999999859
25.5099999999859
25.5199999999859
25.5299999999859
25.5399999999858
25.5499999999858
25.5599999999858
25.5699999999858
25.5799999999857
25.5899999999857
25.5999999999857
25.6099999999857
25.6199999999856
25.6299999999856
25.6399999999856
25.6499999999856
25.6599999999855
25.6699999999855
25.6799999999855
25.6899999999855
25.6999999999855
25.7099999999854
25.7199999999854
25.7299999999854
25.7399999999854
25.7499999999853
25.7599999999853
25.7699999999853
25.7799999999853
25.7899999999852
25.7999999999852
25.8099999999852
25.8199999999852
25.8299999999852
25.8399999999851
25.8499999999851
25.8599999999851
25.8699999999851
25.879999999985
25.889999999985
25.899999999985
25.909999999985
25.9199999999849
25.9299999999849
25.9399999999849
25.9499999999849
25.9599999999848
25.9699999999848
25.9799999999848
25.9899999999848
25.9999999999848
26.0099999999847
26.0199999999847
26.0299999999847
26.0399999999847
26.0499999999846
26.0599999999846
26.0699999999846
26.0799999999846
26.0899999999845
26.0999999999845
26.1099999999845
26.1199999999845
26.1299999999845
26.1399999999844
26.1499999999844
26.1599999999844
26.1699999999844
26.1799999999843
26.1899999999843
26.1999999999843
26.2099999999843
26.2199999999842
26.2299999999842
26.2399999999842
26.2499999999842
26.2599999999841
26.2699999999841
26.2799999999841
26.2899999999841
26.2999999999841
26.309999999984
26.319999999984
26.329999999984
26.339999999984
26.3499999999839
26.3599999999839
26.3699999999839
26.3799999999839
26.3899999999838
26.3999999999838
26.4099999999838
26.4199999999838
26.4299999999838
26.4399999999837
26.4499999999837
26.4599999999837
26.4699999999837
26.4799999999836
26.4899999999836
26.4999999999836
26.5099999999836
26.5199999999835
26.5299999999835
26.5399999999835
26.5499999999835
26.5599999999835
26.5699999999834
26.5799999999834
26.5899999999834
26.5999999999834
26.6099999999833
26.6199999999833
26.6299999999833
26.6399999999833
26.6499999999832
26.6599999999832
26.6699999999832
26.6799999999832
26.6899999999831
26.6999999999831
26.7099999999831
26.7199999999831
26.7299999999831
26.739999999983
26.749999999983
26.759999999983
26.769999999983
26.7799999999829
26.7899999999829
26.7999999999829
26.8099999999829
26.8199999999828
26.8299999999828
26.8399999999828
26.8499999999828
26.8599999999828
26.8699999999827
26.8799999999827
26.8899999999827
26.8999999999827
26.9099999999826
26.9199999999826
26.9299999999826
26.9399999999826
26.9499999999825
26.9599999999825
26.9699999999825
26.9799999999825
26.9899999999824
26.9999999999824
27.0099999999824
27.0199999999824
27.0299999999824
27.0399999999823
27.0499999999823
27.0599999999823
27.0699999999823
27.0799999999822
27.0899999999822
27.0999999999822
27.1099999999822
27.1199999999821
27.1299999999821
27.1399999999821
27.1499999999821
27.1599999999821
27.169999999982
27.179999999982
27.189999999982
27.199999999982
27.2099999999819
27.2199999999819
27.2299999999819
27.2399999999819
27.2499999999818
27.2599999999818
27.2699999999818
27.2799999999818
27.2899999999817
27.2999999999817
27.3099999999817
27.3199999999817
27.3299999999817
27.3399999999816
27.3499999999816
27.3599999999816
27.3699999999816
27.3799999999815
27.3899999999815
27.3999999999815
27.4099999999815
27.4199999999814
27.4299999999814
27.4399999999814
27.4499999999814
27.4599999999814
27.4699999999813
27.4799999999813
27.4899999999813
27.4999999999813
27.5099999999812
27.5199999999812
27.5299999999812
27.5399999999812
27.5499999999811
27.5599999999811
27.5699999999811
27.5799999999811
27.589999999981
27.599999999981
27.609999999981
27.619999999981
27.629999999981
27.6399999999809
27.6499999999809
27.6599999999809
27.6699999999809
27.6799999999808
27.6899999999808
27.6999999999808
27.7099999999808
27.7199999999807
27.7299999999807
27.7399999999807
27.7499999999807
27.7599999999807
27.7699999999806
27.7799999999806
27.7899999999806
27.7999999999806
27.8099999999805
27.8199999999805
27.8299999999805
27.8399999999805
27.8499999999804
27.8599999999804
27.8699999999804
27.8799999999804
27.8899999999804
27.8999999999803
27.9099999999803
27.9199999999803
27.9299999999803
27.9399999999802
27.9499999999802
27.9599999999802
27.9699999999802
27.9799999999801
27.9899999999801
27.9999999999801
28.0099999999801
28.01999999998
28.02999999998
28.03999999998
28.04999999998
28.05999999998
28.0699999999799
28.0799999999799
28.0899999999799
28.0999999999799
28.1099999999798
28.1199999999798
28.1299999999798
28.1399999999798
28.1499999999797
28.1599999999797
28.1699999999797
28.1799999999797
28.1899999999797
28.1999999999796
28.2099999999796
28.2199999999796
28.2299999999796
28.2399999999795
28.2499999999795
28.2599999999795
28.2699999999795
28.2799999999794
28.2899999999794
28.2999999999794
28.3099999999794
28.3199999999793
28.3299999999793
28.3399999999793
28.3499999999793
28.3599999999793
28.3699999999792
28.3799999999792
28.3899999999792
28.3999999999792
28.4099999999791
28.4199999999791
28.4299999999791
28.4399999999791
28.449999999979
28.459999999979
28.469999999979
28.479999999979
28.489999999979
28.4999999999789
28.5099999999789
28.5199999999789
28.5299999999789
28.5399999999788
28.5499999999788
28.5599999999788
28.5699999999788
28.5799999999787
28.5899999999787
28.5999999999787
28.6099999999787
28.6199999999786
28.6299999999786
28.6399999999786
28.6499999999786
28.6599999999786
28.6699999999785
28.6799999999785
28.6899999999785
28.6999999999785
28.7099999999784
28.7199999999784
28.7299999999784
28.7399999999784
28.7499999999783
28.7599999999783
28.7699999999783
28.7799999999783
28.7899999999783
28.7999999999782
28.8099999999782
28.8199999999782
28.8299999999782
28.8399999999781
28.8499999999781
28.8599999999781
28.8699999999781
28.879999999978
28.889999999978
28.899999999978
28.909999999978
28.919999999978
28.9299999999779
28.9399999999779
28.9499999999779
28.9599999999779
28.9699999999778
28.9799999999778
28.9899999999778
28.9999999999778
29.0099999999777
29.0199999999777
29.0299999999777
29.0399999999777
29.0499999999776
29.0599999999776
29.0699999999776
29.0799999999776
29.0899999999776
29.0999999999775
29.1099999999775
29.1199999999775
29.1299999999775
29.1399999999774
29.1499999999774
29.1599999999774
29.1699999999774
29.1799999999773
29.1899999999773
29.1999999999773
29.2099999999773
29.2199999999773
29.2299999999772
29.2399999999772
29.2499999999772
29.2599999999772
29.2699999999771
29.2799999999771
29.2899999999771
29.2999999999771
29.309999999977
29.319999999977
29.329999999977
29.339999999977
29.3499999999769
29.3599999999769
29.3699999999769
29.3799999999769
29.3899999999769
29.3999999999768
29.4099999999768
29.4199999999768
29.4299999999768
29.4399999999767
29.4499999999767
29.4599999999767
29.4699999999767
29.4799999999766
29.4899999999766
29.4999999999766
29.5099999999766
29.5199999999766
29.5299999999765
29.5399999999765
29.5499999999765
29.5599999999765
29.5699999999764
29.5799999999764
29.5899999999764
29.5999999999764
29.6099999999763
29.6199999999763
29.6299999999763
29.6399999999763
29.6499999999762
29.6599999999762
29.6699999999762
29.6799999999762
29.6899999999762
29.6999999999761
29.7099999999761
29.7199999999761
29.7299999999761
29.739999999976
29.749999999976
29.759999999976
29.769999999976
29.7799999999759
29.7899999999759
29.7999999999759
29.8099999999759
29.8199999999759
29.8299999999758
29.8399999999758
29.8499999999758
29.8599999999758
29.8699999999757
29.8799999999757
29.8899999999757
29.8999999999757
29.9099999999756
29.9199999999756
29.9299999999756
29.9399999999756
29.9499999999755
29.9599999999755
29.9699999999755
29.9799999999755
29.9899999999755
