0    0    0.0120865740957202    0.0120865740957202
0.1    -0.000154726749492153    0.0123519522879349    0.0123557752343018
0.2    -6.93023062053067e-05    0.0126233044283645    0.0126250541978452
0.3    -5.24888936372561e-05    0.0129005178311949    0.0129018721700992
0.4    -9.0920942676016e-05    0.0131838591258651    0.0131862567216564
0.5    -4.69214901586572e-05    0.0134734770073665    0.013474741457934
0.6    -6.04945004159077e-05    0.0137694436086403    0.0137711096606515
0.7    -4.77154713515786e-05    0.0140719353277301    0.0140732782898642
0.8    -4.47522375807352e-05    0.0143810812321    0.0143823684608343
0.9    -3.82619008445536e-05    0.0146970317402383    0.0146981564560143
1    -3.89105624051589e-05    0.0150199429419945    0.0150211118563319
1.1    -2.85302103093371e-05    0.0153499517100548    0.0153508276097455
1.2    -2.77481655351182e-05    0.0156872139996169    0.0156880846065964
1.3    -2.69171045050871e-05    0.0160319057742149    0.016032768862413
1.4    -1.86403513055783e-05    0.0163841739539206    0.0163847847788233
1.5    -1.9608065481785e-05    0.016744183551928    0.0167448402068987
1.6    -1.56014345141371e-05    0.0171121120966873    0.0171126460520103
1.7    -1.23723878576045e-05    0.0174881251075438    0.0174885578526313
1.8    -1.13777599245411e-05    0.0178724032377289    0.0178728099381829
1.9    -8.55168151261511e-06    0.0182651279556394    0.0182654403534251
2    -6.62542135881005e-06    0.0186664787782458    0.018666726126459
2.1    -4.366188691661e-06    0.0190766447994021    0.019076811384591
2.2    -3.38920522867816e-06    0.0194958228394518    0.0194959549905891
2.3    -1.8304854252517e-06    0.0199242091622465    0.019924282104329
2.4    6.07193167222394e-07    0.0203619990323658    0.0203619743050474
2.5    1.10612213123693e-06    0.020809400764676    0.0208093547292494
2.6    2.27044277090533e-06    0.0212666275228643    0.0212665309537621
2.7    4.16424976962253e-06    0.02173388908672    0.0217337080767885
2.8    4.69237508642863e-06    0.0222114056262218    0.0222111971787072
2.9    5.5479092711203e-06    0.0226994036605962    0.0226991517935295
3    6.91993356906998e-06    0.023198108334223    0.0231977872777074
3.1    7.60084118700946e-06    0.0237077530411247    0.0237073926461325
3.2    8.22965771496469e-06    0.0242285795378795    0.0242281807553283
3.3    9.02611744485451e-06    0.0247608313704115    0.024760384386102
3.4    9.6790593910842e-06    0.0253047560821684    0.0253042662344357
3.5    1.03787924095833e-05    0.0258606077926211    0.0258600709944327
3.6    1.09258954668954e-05    0.0264286476582428    0.0264280701512693
3.7    1.12789893399755e-05    0.0270091430047398    0.0270085337399396
3.8    1.18436211237769e-05    0.0276023645019049    0.0276017106857539
3.9    1.24105789285787e-05    0.0282085881718198    0.0282078880106892
4    1.26660086288173e-05    0.0288280989944485    0.0288273687297968
4.1    1.29652805549416e-05    0.0294611876996966    0.0294604237644732
4.2    1.34541262262235e-05    0.0301081485408182    0.0301073383940562
4.3    1.3777792099551e-05    0.0307692836590985    0.0307684358051934
4.4    1.39267379978294e-05    0.0314449041571197    0.0314440283194342
4.5    1.41843357140337e-05    0.0321353259853729    0.0321344143617996
4.6    1.45070543135769e-05    0.0328408700123833    0.0328399171776362
4.7    1.47119064318252e-05    0.0335618657150511    0.033560878211523
4.8    1.48543057182418e-05    0.0342986511878978    0.0342976322377327
4.9    1.5033423527671e-05    0.0350515709191512    0.0350505170447726
5    1.5204628909948e-05    0.0358209760526428    0.0358198867799087
5.1    1.53356198159955e-05    0.0366072256954165    0.0366061029236433
5.2    1.54647675057542e-05    0.0374106869471588    0.037409529869901
5.3    1.55895826335342e-05    0.0382317348741032    0.0382305428591061
5.4    1.56779243323953e-05    0.0390707529693307    0.03906952789192
5.5    1.57517712620815e-05    0.0399281329905235    0.0399268751327014
5.6    1.58438032500799e-05    0.0408042746994554    0.0408029817301407
5.7    1.59281028201117e-05    0.0416995866286285    0.0416982582591802
5.8    1.59726578449637e-05    0.0426144868323324    0.0426131255208413
5.9    1.60024151618547e-05    0.0435494023901218    0.0435480086211913
5.99999999999999    1.60538953170559e-05    0.0445047688498055    0.0445033399229449
6.09999999999999    1.61127400995425e-05    0.0454810310534489    0.0454795654289985
6.19999999999999    1.61427354074572e-05    0.046478644348194    0.0464771437875015
6.29999999999999    1.61456510212752e-05    0.0474980745033357    0.0474965407534289
6.39999999999999    1.61530391064511e-05    0.0485397968177801    0.0485382287126374
6.49999999999999    1.6176268986181e-05    0.0496042961246164    0.0496026913257021
6.59999999999999    1.61963314442751e-05    0.0506920678854877    0.0506904258610163
6.69999999999999    1.61975925543488e-05    0.0518036190083031    0.0518019408476581
6.79999999999999    1.61875495629267e-05    0.0529394676746938    0.0529377537819239
6.89999999999999    1.61803631748394e-05    0.0541001429420863    0.0540983922504919
6.99999999999999    1.61772940982625e-05    0.055286184977818    0.055284396245007
7.09999999999999    1.61702921574725e-05    0.0564981457377538    0.0564963185842536
7.19999999999999    1.61558265917933e-05    0.0577365894182627    0.0577347238837486
7.29999999999999    1.61377340418469e-05    0.0590020925314728    0.0590001882420494
7.39999999999999    1.61195954272248e-05    0.0602952439772632    0.0602933001387189
7.49999999999999    1.61003970956878e-05    0.0616166453449634    0.0616146612719922
7.59999999999999    1.60781271068581e-05    0.0629669112936517    0.0629648865461993
7.69999999999999    1.60536622952059e-05    0.0643466698294574    0.0643446038632092
7.79999999999999    1.60291705508721e-05    0.0657565625424011    0.0657544545298791
7.89999999999999    1.60046004848262e-05    0.0671972449399779    0.0671950940442842
7.99999999999999    1.5977767334532e-05    0.0686693868377786    0.0686671925058673
8.09999999999999    1.59475522805451e-05    0.0701736726531093    0.0701714344921757
8.19999999999999    1.59156566875717e-05    0.0717108015766391    0.0717085189639711
8.29999999999999    1.58847690320633e-05    0.0732814877821228    0.0732791597000883
8.39999999999999    1.58556064656651e-05    0.0748864608192508    0.0748840861163985
8.49999999999999    1.58263428171164e-05    0.0765264661346255    0.0765240439047853
8.59999999999999    1.57948099767232e-05    0.0782022655250082    0.0781997951841793
8.69999999999999    1.57607667949107e-05    0.079914637407182    0.0799121184149559
8.79999999999998    1.57259295092322e-05    0.0816643769889818    0.0816618085329013
8.89999999999998    1.56921539667315e-05    0.0834522965245119    0.0834496774730386
8.99999999999998    1.56598266183785e-05    0.085279225745955    0.0852765548720017
9.09999999999998    1.56278629093717e-05    0.0871460123985965    0.0871432886292935
9.19999999999998    1.55949773639331e-05    0.0890535227307244    0.0890507451986976
9.29999999999998    1.55608535755097e-05    0.0910026418589883    0.0909998097454885
9.39999999999998    1.55262272840908e-05    0.0929942740569945    0.0929913864013586
9.49999999999998    1.54920773316327e-05    0.0950293430785402    0.0950263987202909
9.59999999999998    1.54588251527085e-05    0.0971087925842504    0.0971057902549722
9.69999999999998    1.54261843129009e-05    0.0992335866498208    0.0992305251058534
9.79999999999998    1.53935884750485e-05    0.10140471028125    0.101401588364548
9.89999999999998    1.53607109174077e-05    0.103623169880751    0.103619986478537
9.99999999999998    1.53276585399378e-05    0.105889993664579    0.105886747623002
10.1    1.52947919182671e-05    0.108206232076953    0.10820292214397
10.2    1.52624080209302e-05    0.11057295824388    0.110569583076183
10.3    1.5230558676086e-05    0.112991268478006    0.112987826690138
10.4    1.51991039457354e-05    0.115462282813084    0.115458773019953
10.5    1.51678871207423e-05    0.11798714553868    0.117983566361558
10.6    1.5136867886563e-05    0.120567025721952    0.120563375762921
10.7    1.51061257508659e-05    0.123203117724978    0.123199395537627
10.8    1.50757717756486e-05    0.125896641735512    0.125892845814662
10.9    1.50458611626112e-05    0.128648844322422    0.128644973115366
11    1.50163652445143e-05    0.131460999013767    0.131457050940299
11.1    1.49872151800358e-05    0.134334406886985    0.134330380350008
11.2    1.49583637158989e-05    0.13727039716223    0.137266290542602
11.3    1.49298258489596e-05    0.140270327798487    0.140266139437886
11.4    1.49016653990671e-05    0.143335586100262    0.143331314286032
11.5    1.4873952956842e-05    0.146467589344496    0.146463232305236
11.6    1.48467218201266e-05    0.149667785432356    0.149663341346385
11.7    1.48199525728118e-05    0.152937653562895    0.152933120572529
11.8    1.47935900435363e-05    0.156278704920531    0.156274081142747
11.9    1.47675766930732e-05    0.159692483368758    0.159687766896418
12    1.4741883767586e-05    0.163180566147551    0.163175755040597
12.1    1.47165216927296e-05    0.166744564578142    0.166739656850363
12.2    1.46915295837906e-05    0.170386124782691    0.170381118390656
12.3    1.46669513107491e-05    0.174106928426099    0.174101821265322
12.4    1.46428145580951e-05    0.177908693483452    0.177903483391729
12.5    1.46191190761676e-05    0.18179317503165    0.181787859797208
12.6    1.45958397440284e-05    0.185762166060375    0.18575674342991
12.7    1.45729416261103e-05    0.189817498296963    0.189811965978941
12.8    1.45503944297122e-05    0.193961043041965    0.193955398704732
12.9    1.4528182281099e-05    0.198194712015596    0.198188953281454
13    1.45063057752645e-05    0.202520458218198    0.202514582656045
13.1    1.448477678035e-05    0.206940276809139    0.206934281928541
13.2    1.44636104807361e-05    0.211456206008004    0.211450089256079
13.3    1.44428171576318e-05    0.216070328020124    0.216064086781784
13.4    1.44223985851907e-05    0.220784769986406    0.220778401586345
13.5    1.44023471810169e-05    0.225601704955886    0.225595206661318
13.6    1.43826493518993e-05    0.230523352878916    0.230516721901183
13.7    1.43632894471873e-05    0.235551981619382    0.235545215113987
13.8    1.43442547559801e-05    0.240689907985443    0.240683003049774
13.9    1.43255359979056e-05    0.245939498779543    0.245932452450199
14    1.43071293737831e-05    0.251303171869313    0.251295981118208
14.1    1.42890337119146e-05    0.2567833972813    0.256776059012916
14.2    1.42712491152489e-05    0.262382698319227    0.262375209368401
14.3    1.42537752102692e-05    0.268103652707905    0.268096009838448
14.4    1.42366092499908e-05    0.273948893763254    0.273941093667591
14.5    1.42197465886898e-05    0.279921111588415    0.27991315088707
14.6    1.42031805724997e-05    0.28602305429575    0.286014929536971
14.7    1.41869044226751e-05    0.292257529254594    0.292249236912968
14.8    1.417091098748e-05    0.298627404364938    0.298618940840143
14.9    1.4155194583478e-05    0.305135609357552    0.30512697097198
15    1.41397491580097e-05    0.311785137121348    0.311776320118758
15.1    1.4124571000329e-05    0.318579045058907    0.318570045601338
15.2    1.41096557312874e-05    0.325520456471107    0.325511270637567
15.3    1.40949998309816e-05    0.332612561971707    0.332603185755855
15.4    1.4080598682973e-05    0.33985862093257    0.33984905024163
15.5    1.40664481857696e-05    0.347261962960089    0.347252193612691
15.6    1.40525432983095e-05    0.354825989403314    0.35481601712829
15.7    1.40388789457276e-05    0.362554174894272    0.362543995328836
15.8    1.40254500804578e-05    0.370450068921024    0.370439677608868
15.9    1.40122515957568e-05    0.378517297434088    0.378506689823514
16    1.39992791549223e-05    0.386759564486976    0.386748735928349
16.1    1.39865279509034e-05    0.395180653911644    0.395169599655732
16.2    1.39739941405151e-05    0.403784431029741    0.403773146224888
16.3    1.39616738971965e-05    0.412574844400502    0.412563324090473
16.4    1.39495633727522e-05    0.421555927606191    0.421544166727995
16.5    1.3937658513389e-05    0.430731801075898    0.430719794457734
16.6    1.39259558662065e-05    0.440106673948487    0.440094416306951
16.7    1.39144514411513e-05    0.44968484597545    0.44967233191367
16.8    1.39031409901752e-05    0.459470709464457    0.459457933469974
16.9    1.3892020247684e-05    0.469468751264323    0.469455707706728
17    1.3881085450058e-05    0.479683554792216    0.479670237920242
17.1    1.38703322586919e-05    0.490119802103949    0.490106206043527
17.2    1.38597566854761e-05    0.500782276008266    0.500768394759661
17.3    1.38493548159655e-05    0.511675862226056    0.511661689661203
17.4    1.3839123134795e-05    0.522805551595513    0.522791081454959
17.5    1.38290577517793e-05    0.534176442324268    0.534161668214838
17.6    1.38191553963336e-05    0.54579374228954    0.545778657680918
17.7    1.38094127242747e-05    0.557662771387389    0.557647369609337
17.8    1.37998264998069e-05    0.56978896393213    0.569773238171456
17.9    1.37903933651765e-05    0.582177871106988    0.582161814404714
18    1.37811101874924e-05    0.594835163467072    0.594818768715147
18.1    1.37719737607152e-05    0.607766633495761    0.607749893434047
18.2    1.37629809656722e-05    0.620978198215598    0.620961105428602
18.3    1.37541286898763e-05    0.634475901854823    0.634458448768465
18.4    1.37454139167398e-05    0.64826591857071    0.648248097448911
18.5    1.37368335970321e-05    0.662354555230908    0.662336358172263
18.6    1.37283850121094e-05    0.676748254254021    0.676729673187928
18.7    1.37200650906518e-05    0.69145359651074    0.691434623194352
18.8    1.37118715308324e-05    0.706477304286856    0.706457930300438
18.9    1.37038014971064e-05    0.72182624430957    0.721806461053541
19    1.36958528913348e-05    0.737507430838552    0.737487229528668
19.1    1.36880240032433e-05    0.753528028823226    0.753507400486096
19.2    1.36803126822253e-05    0.769895357127889    0.769874292597622
19.3    1.36727175147046e-05    0.786616891826214    0.786595381739207
19.4    1.36652367070833e-05    0.803700269566787    0.803678304358096
19.5    1.36578695695458e-05    0.821153291011317    0.821130860908574
19.6    1.36506146731774e-05    0.838983924347208    0.838961019367338
19.7    1.36434711435941e-05    0.857200308876154    0.857176918819918
19.8    1.36364379963218e-05    0.875810758680386    0.875786873127886
19.9    1.3629514425622e-05    0.894823766368193    0.894799374673775
20    1.36226992068868e-05    0.914248006900247    0.914223098188374
20.1    1.36159911552061e-05    0.93409234149823    0.934066904658457
20.2    1.36093886458864e-05    0.954365821637115    0.954339845319882
20.3    1.3602889505662e-05    0.975077693122459    0.97505116573507
20.4    1.35964918617833e-05    0.996237400253905    0.996210309954828
20.5    1.35901926277376e-05    1.01785459007614    1.01782692477222
20.6    1.35839885949499e-05    1.03993911671854    1.03991086406012
20.7    1.35778763328501e-05    1.06250104582476    1.06247219320091
20.8    1.35718519925097e-05    1.08555065907372    1.08552119360787
20.9    1.35659116850433e-05    1.1090984587937    1.10906836733844
21    1.35600514394365e-05    1.13315517267134    1.13312444180319
21.1    1.35542680136133e-05    1.15773175855792    1.15770037457022
21.2    1.35485577790375e-05    1.18283940937547    1.18280735827356
21.3    1.35429181203062e-05    1.20848955812561    1.20845682561864
21.4    1.3537346819859e-05    1.23469388300434    1.23466045449826
21.5    1.3531842227864e-05    1.26146431262622    1.26143017321608
21.6    1.352640321527e-05    1.28881303136139    1.28877816582353
21.7    1.35210292414065e-05    1.31675248478896    1.31671687757271
21.8    1.35157203113812e-05    1.34529538527017    1.34525902048934
21.9    1.35104759032424e-05    1.37445471764422    1.3744175790713
22    1.35052963953017e-05    1.40424374504986    1.40420581610612
22.1    1.35001811444594e-05    1.43467601487477    1.43463727862555
22.2    1.34951298191978e-05    1.4657653648352    1.46572580398131
22.3    1.34901419230501e-05    1.49752592918725    1.49748552605766
22.4    1.34852156659304e-05    1.52997214507178    1.52993088161955
22.5    1.34803498451342e-05    1.56311875899428    1.56307661678693
22.6000000000001    1.34755423248846e-05    1.59698083344141    1.59693779365577
22.7000000000001    1.34707911657776e-05    1.63157375363613    1.63152979704965
22.8000000000001    1.34660937209337e-05    1.66691323443345    1.6668683414183
22.9000000000001    1.34614478099336e-05    1.70301532735938    1.70296947787268
23.0000000000001    1.34568512603199e-05    1.73989642779586    1.73984960137112
23.1000000000001    1.34523018701657e-05    1.77757328231493    1.7775254580535
23.2000000000001    1.34477976305589e-05    1.8160629961656    1.81601415272712
23.3000000000001    1.34433367681353e-05    1.85538304091719    1.85533315650969
23.4000000000001    1.34389177078168e-05    1.89555126226317    1.895500314633
23.5000000000001    1.34345397328731e-05    1.93658588798956    1.93653385440849
23.6000000000001    1.3430201442108e-05    1.97850553611223    1.97845239337014
23.7000000000001    1.34259022181232e-05    2.02132922318745    2.02127494757914
23.8000000000001    1.34216417128405e-05    2.06507637279998    2.0650209401136
23.9000000000001    1.34174200880462e-05    2.10976682423344    2.10971020973753
24.0000000000001    1.3413236975244e-05    2.15542084132727    2.15536301976179
24.1000000000001    1.34090928366964e-05    2.20205912152478    2.20200006708626
24.2000000000001    1.34049876782496e-05    2.24970280511675    2.24964249144849
24.3000000000001    1.34009219871048e-05    2.2983734846848    2.29831188486277
24.4000000000001    1.33968962527144e-05    2.34809321474862    2.34803030126908
24.5000000000001    1.33929101513917e-05    2.39888452162111    2.39882026639195
24.6000000000001    1.33889638270604e-05    2.45077041347527    2.4507047878011
24.7000000000001    1.33850572812908e-05    2.50377439062631    2.50370736519617
24.8000000000001    1.3381189498883e-05    2.55792045603274    2.55785200091206
24.9000000000001    1.33773598488354e-05    2.61323312601971    2.61316321063521
25.0000000000001    1.3373566876835e-05    2.66973744122809    2.66966603435863
25.1000000000001    1.33698093602974e-05    2.72745897779273    2.72738604755465
25.2000000000001    1.33660854870524e-05    2.78642385875379    2.78634937259038
25.3000000000001    1.33623935242066e-05    2.84665876570518    2.84658269037241
25.4000000000001    1.33587316231286e-05    2.90819095068487    2.90811325223798
25.5000000000001    1.33550980496667e-05    2.9710482483124    2.97096889209088
25.6000000000001    1.33514916410251e-05    3.03525908817942    3.03517803878886
25.7000000000001    1.33479109567482e-05    3.10085250749992    3.10076972879853
25.8000000000001    1.33443550717661e-05    3.16785816402727    3.16777361910716
25.9000000000001    1.33408239648382e-05    3.23630634924536    3.23622000041072
26.0000000000001    1.33373171154668e-05    3.30622800184191    3.30613981059551
26.1000000000001    1.33338349318487e-05    3.3776547214716    3.37756464849159
26.2000000000001    1.33303780950126e-05    3.45061878281681    3.45052678793707
26.3000000000001    1.33269468215614e-05    3.5251531499534    3.52505919214844
26.4000000000001    1.33235421683301e-05    3.60129149102829    3.60119552838877
26.5000000000001    1.33201643540251e-05    3.67906819325531    3.67897018297481
26.6000000000001    1.33168136014916e-05    3.75851837823494    3.75841827659065
26.7000000000001    1.33134903274029e-05    3.83967791760297    3.83957567993447
26.8000000000001    1.33101937062137e-05    3.92258344901296    3.92247902971173
26.9000000000001    1.33069231202903e-05    4.00727239245701    4.00716574494487
27.0000000000001    1.33036773930031e-05    4.09378296692923    4.09367404364249
27.1000000000001    1.33004553786685e-05    4.18215420743685    4.18204295980565
27.2000000000001    1.32972553909398e-05    4.27242598236451    4.27231236079651
27.3000000000001    1.32940758128218e-05    4.36463901119778    4.36452296505668
27.4000000000001    1.32909151724913e-05    4.45883488261306    4.45871636019595
27.5000000000001    1.32877716423097e-05    4.55505607294234    4.55493502146102
27.6000000000001    1.32846443186812e-05    4.65334596502175    4.65322233057212
27.7000000000001    1.32815324570726e-05    4.75374886743441    4.75362259497175
27.8000000000001    1.32784354726782e-05    4.85631003415863    4.85618106747226
27.9000000000001    1.32753531236033e-05    4.96107568463295    4.96094396631838
28.0000000000001    1.32722861090554e-05    5.06809302424965    5.06795849567386
28.1000000000001    1.32692341392116e-05    5.17741026528869    5.17727286657378
28.2000000000001    1.32661985477686e-05    5.28907664830297    5.28893631828271
28.3000000000001    1.32631797494256e-05    5.40314246396551    5.40299914016701
28.4000000000001    1.32601784361666e-05    5.51965907538861    5.51951269400116
28.5000000000001    1.32571950600421e-05    5.63867894092356    5.63852943677236
28.6000000000001    1.32542298096309e-05    5.76025563744932    5.7601029439692
28.7000000000001    1.32512826149877e-05    5.88444388415787    5.88428793336653
28.8000000000001    1.32483533104947e-05    6.01129956684348    6.01114028931261
28.9000000000001    1.32454408144815e-05    6.14087976270376    6.14071708753957
29.0000000000001    1.32425446939298e-05    6.2732427656599    6.27307662046468
29.1000000000001    1.32396636115187e-05    6.40844811220514    6.40827842305721
29.2000000000001    1.32367965910579e-05    6.54655660779072    6.54638329920839
29.3000000000001    1.32339424506297e-05    6.6876303537602    6.68745334867221
29.4000000000001    1.32311001586879e-05    6.83173277484407    6.83155199455479
29.5000000000001    1.32282688598607e-05    6.97892864722802    6.97874401138143
29.6000000000002    1.32254479474714e-05    7.12928412720928    7.12909555375099
29.7000000000002    1.32226372228923e-05    7.28286678045657    7.28267418559242
29.8000000000002    1.32198362743122e-05    7.43974561188984    7.43954891005239
29.9000000000002    1.32170459959645e-05    7.59999109619616    7.59979019998764
30.0000000000002    1.32142663672867e-05    7.76367520899846    7.76347002916536
30.1000000000002    1.3211497826485e-05    7.93087145869314    7.93066190407959
30.2000000000002    1.3208741025647e-05    8.10165491897158    8.10144089647514
30.3000000000002    1.32059967433665e-05    8.27610226203999    8.27588367656759
30.4000000000002    1.32032650141663e-05    8.45429179255101    8.45406854698849
30.5000000000002    1.32005458925546e-05    8.6363034822592    8.63607547742807
30.6000000000002    1.31978393806926e-05    8.82221900541188    8.82198614002637
30.7000000000002    1.31951450168396e-05    9.01212177488696    9.0118839455177
30.8000000000002    1.31924621437669e-05    9.20609697908927    9.20585408012192
30.9000000000002    1.31897900126622e-05    9.40423161961769    9.40398354320918
31.0000000000002    1.31871275040338e-05    9.60661454971701    9.60636118575626
31.1000000000002    1.31844740305111e-05    9.81333651352935    9.81307774958018
31.2000000000002    1.31818285856049e-05    10.0244901861625    10.0242259074236
31.3000000000002    1.31791905737499e-05    10.2401702145938    10.2399003038415
31.4000000000002    1.31765596940612e-05    10.4604732594306    10.4601975969623
31.5000000000002    1.31739354152602e-05    10.6854980375481    10.685216501135
31.6000000000002    1.31713179986797e-05    10.9153453656282    10.9150578304456
31.7000000000002    1.3168707471675e-05    11.1501182046224    11.1498245431997
31.8000000000002    1.3166104248735e-05    11.3899217051614    11.3896217873171
31.9000000000002    1.31635089865362e-05    11.6348632539346    11.6345569467127
32.0000000000002    1.31609217488751e-05    11.8850525210601    11.8847396886849
32.1000000000002    1.31583431455335e-05    12.1406015084671    12.1402820122698
32.2000000000002    1.31557732624102e-05    12.4016245993079    12.4012982976781
32.3000000000002    1.31532124323269e-05    12.6682386084203    12.6679053567365
32.4000000000002    1.31506599775181e-05    12.940562833855    12.9402224844473
32.5000000000002    1.31481157172216e-05    13.2187191094884    13.2183715115617
32.6000000000002    1.31455793709035e-05    13.5028318587379    13.5024768583088
32.7000000000002    1.31430497343405e-05    13.7930281494002    13.7926655892554
32.8000000000002    1.31405268926901e-05    14.0894377496335    14.0890674692279
32.9000000000002    1.31380099158398e-05    14.392193185109    14.3918150205238
33.0000000000002    1.31354982043213e-05    14.7014297973558    14.7010435812195
33.1000000000002    1.31329916552231e-05    15.0172858033284    15.0168913647303
33.2000000000002    1.31304899772299e-05    15.3399023562256    15.3394995206467
33.3000000000002    1.31279932098835e-05    15.6694236075911    15.6690121968186
33.4000000000002    1.31255013058943e-05    16.0059967707285    16.0055766027804
33.5000000000002    1.31230144620875e-05    16.3497721854606    16.3493430744982
33.6000000000002    1.31205333619159e-05    16.7009033842643    16.7004651404942
33.7000000000002    1.31180579429625e-05    17.0595471598122    17.0590995894272
33.8000000000002    1.31155886086112e-05    17.4258636339503    17.4254065390283
33.9000000000002    1.31131256718974e-05    17.8000163281386    17.799549506558
34.0000000000002    1.31106688637343e-05    18.1821722353836    18.1816954807553
34.1000000000002    1.31082180587291e-05    18.5725018936887    18.5720149952617
34.2000000000002    1.31057733197044e-05    18.9711794610502    18.9706822036119
34.3000000000002    1.31033339431873e-05    19.3783827920252    19.3778749558375
34.4000000000002    1.31008997305236e-05    19.7942935159017    19.7937748765872
34.5000000000002    1.30984698262126e-05    20.2190971165024    20.2185674449733
34.6000000000002    1.30960441714669e-05    20.6529830136541    20.6524420759826
34.7000000000002    1.30936223543269e-05    21.096144646361    21.0955922036922
34.8000000000002    1.30912041106294e-05    21.5487795577196    21.5482153661625
34.9000000000002    1.30887890860537e-05    22.0110894816171    22.0105132921431
35.0000000000002    1.30863777393273e-05    22.4832804312541    22.4826919895536
35.1000000000002    1.30839698648728e-05    22.9655627895372    22.9649618359371
35.2000000000002    1.30815657423004e-05    23.4581514013834    23.4575376707125
35.3000000000002    1.30791657709811e-05    23.9612656679793    23.9606388894455
35.4000000000002    1.30767700104568e-05    24.4751296430373    24.4744895401252
35.5000000000002    1.30743786763119e-05    24.9999721310909    24.9993184214327
35.6000000000002    1.30719917326556e-05    25.5360267878655    25.5353591831303
35.7000000000002    1.30696093789798e-05    26.083532222767    26.082850428523
35.8000000000002    1.30672312004164e-05    26.6427321035257    26.6420358191438
35.9000000000002    1.30648570184317e-05    27.2138752630361    27.2131641815478
36.0000000000002    1.3062486577272e-05    27.797215808434    27.7964896164031
36.1000000000002    1.30601194288174e-05    28.3930132324551    28.3922716098533
36.2000000000002    1.30577552266039e-05    29.0015325271225    29.0007751471863
36.3000000000002    1.30553939858385e-05    29.6230442998122    29.6222708288813
36.4000000000002    1.30530355137646e-05    30.2578248917499    30.2570349891348
36.5000000000002    1.30506792760282e-05    30.9061564989956    30.9053498168511
36.6000000000003    1.30483255134735e-05    31.56832729597    31.5675034790984
36.7000000000003    1.30459746019083e-05    32.2446315615838    32.2437902472708
36.8000000000003    1.30436265032027e-05    32.9353698080283    32.9345106259101
36.9000000000003    1.30412813759439e-05    33.640848912285    33.639971484175
37.0000000000003    1.30389392990979e-05    34.3613822504132    34.3604861901421
37.1000000000003    1.30366003724688e-05    35.0972898346714    35.0963747479176
37.2000000000003    1.30342649965706e-05    35.8488984535297    35.8479639376259
37.3000000000003    1.30319323706183e-05    36.616541814629    36.615587458473
37.4000000000003    1.30296031048944e-05    37.4005606907428    37.3995860745183
37.5000000000003    1.30272767145141e-05    38.2013030687989    38.2003077638732
37.6000000000003    1.30249527089041e-05    39.0191243020223    39.0181078707637
37.7000000000003    1.30226315541996e-05    39.8543872652586    39.8533492607738
37.8000000000003    1.30203124174534e-05    40.7074625135469    40.7064024795896
37.9000000000003    1.30179952525362e-05    41.5787284440099    41.5776459147233
38.0000000000003    1.30156801555785e-05    42.4685714611327    42.467465960836
38.1000000000003    1.30133669686615e-05    43.3773861455092    43.3762571885127
38.2000000000003    1.30110554105327e-05    44.305575426132    44.3044225165389
38.3000000000003    1.30087460739863e-05    45.2535507563054    45.25237338772
38.4000000000003    1.30064386871908e-05    46.2217322932619    46.2205299486459
38.5000000000003    1.30041337479049e-05    47.2105490815621    47.2093212329401
38.6000000000003    1.30018309746977e-05    48.2204392403574    48.2191853486592
38.7000000000003    1.29995306639831e-05    49.2518501545932    49.2505696693663
38.8000000000003    1.29972324858303e-05    50.3052386702327    50.3039310294639
38.9000000000003    1.2994937043237e-05    51.3810712935775    51.3797359233572
39.0000000000003    1.29926434090874e-05    52.4798243947686    52.4784607091974
39.1000000000003    1.29903519258755e-05    53.6019844155478    53.6005918163552
39.2000000000003    1.2988062261552e-05    54.7480480813638    54.74662595772
39.3000000000003    1.29857745000933e-05    55.9185226179157    55.9170703461244
39.4000000000003    1.29834880312728e-05    57.1139259722253    57.112442915532
39.5000000000003    1.29812032548652e-05    58.3347870383353    58.3332725465405
39.6000000000003    1.29789198434654e-05    59.5816458877356    59.5800992969964
39.7000000000003    1.29766377634051e-05    60.8550540046224    60.8534746371335
39.8000000000003    1.29743571740507e-05    62.1555745260946    62.1539616897716
39.9000000000003    1.29720783140062e-05    63.4837824873963    63.4821354755653
40.0000000000003    1.29698009529064e-05    64.8402650723143    64.8385831634649
40.1000000000003    1.29675255838442e-05    66.2256218688367    66.2239043262172
40.2000000000003    1.29652515826289e-05    67.6404651301833    67.6387112016283
40.3000000000003    1.29629797330126e-05    69.0854200413124    69.0836289587305
40.4000000000003    1.29607095095236e-05    70.5611249910167    70.5592959702348
40.5000000000003    1.29584407598102e-05    72.0682318497194    72.0663640900965
40.6000000000003    1.29561737810984e-05    73.6074062530798    73.6054989370973
40.7000000000003    1.29539080977604e-05    75.1793278915309    75.1773801845526
40.8000000000003    1.29516435273032e-05    76.7846908058698    76.7827018557427
40.9000000000003    1.29493804877783e-05    78.424203689024    78.422172625619
41.0000000000003    1.29471182492993e-05    80.0985901941314    80.0965161291469
41.1000000000003    1.29448571337723e-05    81.8085892490665    81.8064712754831
41.2000000000003    1.29425973484425e-05    83.5549553775516    83.5527925692561
41.3000000000003    1.29403386350186e-05    85.3384590270008    85.3362504384639
41.4000000000003    1.29380811671078e-05    87.1598869032374    87.1576315690346
41.5000000000003    1.29358248293559e-05    89.020042312232    89.0177392466768
41.6000000000003    1.2933569913371e-05    90.9197455090078    90.9173937056549
41.7000000000003    1.29313164668597e-05    92.8598340538608    92.8574324851139
41.8000000000003    1.29290640814876e-05    94.8411631760446    94.8387107927991
41.9000000000003    1.2926813034984e-05    96.8646061450669    96.8621018761324
42.0000000000003    1.29245632655257e-05    98.9310546497518    98.9284974014536
42.1000000000003    1.2922314611691e-05    101.041419185228    101.038807840957
42.2000000000003    1.29200669262518e-05    103.196629447999    103.193962867733
42.3000000000003    1.29178203560152e-05    105.397634739272    105.394911759024
42.4000000000003    1.29155747071225e-05    107.645404376704    107.642623808093
42.5000000000003    1.29133300227091e-05    109.940928114768    109.938088744458
42.6000000000003    1.29110858470832e-05    112.285216573894    112.282317163187
42.7000000000003    1.29088426698446e-05    114.679301678603    114.676340962697
42.8000000000003    1.29066002910868e-05    117.124237104805    117.1212137924
42.9000000000003    1.29043592798033e-05    119.621098736463    119.61801150903
43.0000000000003    1.29021190363786e-05    122.170985131822    122.16783264331
43.1000000000003    1.28998797534777e-05    124.775017999403    124.771798875473
43.2000000000003    1.2897641676756e-05    127.434342683945    127.431055521363
43.3000000000003    1.28954043229463e-05    130.150128662521    130.146772028743
43.4000000000003    1.28931682075702e-05    132.923570051018    132.920142483315
43.5000000000003    1.28909328402288e-05    135.755886121196    135.752386126292
43.6000000000003    1.28886982306433e-05    138.648321828545    138.644747881848
43.7000000000004    1.28864645679428e-05    141.602148351161    141.598498896054
43.8000000000004    1.2884231704405e-05    144.618663639863    144.614937087134
43.9000000000004    1.28819993626922e-05    147.699192979809    147.695387707009
44.0000000000004    1.28797676895479e-05    150.845089563832    150.841203914457
44.1000000000004    1.28775369291027e-05    154.057735077757    154.053767360506
44.2000000000004    1.28753066728371e-05    157.338540297952    157.334488786201
44.3000000000004    1.28730772932668e-05    160.688945701378    160.684808632199
44.4000000000004    1.28708486304222e-05    164.110422088381    164.10619766195
44.5000000000004    1.28686207273261e-05    167.604471218511    167.600157597277
44.6000000000004    1.28663936073402e-05    171.17262645963    171.168221767529
44.7000000000004    1.28641673605845e-05    174.816453450569    174.811955772199
44.8000000000004    1.28619418595729e-05    178.537550777631    178.532958157505
44.9000000000004    1.2859717037216e-05    182.3375506652    182.332861106893
45.0000000000004    1.28574929727686e-05    186.218119680768    186.213331146006
45.1000000000004    1.28552694270262e-05    190.180959454657    190.176069862567
45.2000000000004    1.28530464789464e-05    194.227807414763    194.222814640863
45.3000000000004    1.28508241376018e-05    198.360437536611    198.355339411929
45.4000000000004    1.28486022781699e-05    202.580661109077    202.575455419275
45.5000000000004    1.28463810637037e-05    206.890327516077    206.885012000391
45.6000000000004    1.28441603096024e-05    211.291325034581    211.285897384993
45.7000000000004    1.28419403533719e-05    215.785581649285    215.780039509319
45.8000000000004    1.28397207740535e-05    220.375065884293    220.36940684833
45.9000000000004    1.28375019375144e-05    225.061787652158    225.056009264068
46.0000000000004    1.28352837205991e-05    229.847799120639    229.841898872942
46.1000000000004    1.28330662812298e-05    234.735195597547    234.729170930214
46.2000000000004    1.28308493532824e-05    239.726116434032    239.719964733592
46.3000000000004    1.28286328631993e-05    244.822745946714    244.816464545047
46.4000000000004    1.2826417072816e-05    250.027314359012    250.020900532051
46.5000000000004    1.28242016100839e-05    255.342098762105    255.335549728983
46.6000000000004    1.28219867958834e-05    260.769424095907    260.762737017424
46.7000000000004    1.28197724250863e-05    266.31166415049    266.304836128167
46.8000000000004    1.28175583933989e-05    271.971242588375    271.964270663172
46.9000000000004    1.28153450282432e-05    277.750633988136    277.743515138954
47.0000000000004    1.28131318894367e-05    283.652364909762    283.645096052574
47.1000000000004    1.28109193842128e-05    289.679014982233    289.6715929683
47.2000000000004    1.28087074352272e-05    295.833218013765    295.825639628556
47.3000000000004    1.28064959117384e-05    302.117663125203    302.109925087065
47.4000000000004    1.28042849179067e-05    308.535095907038    308.527194865655
47.5000000000004    1.28020745745775e-05    315.088319600516    315.080252135466
47.6000000000004    1.27998645145083e-05    321.780196303358    321.771958922963
47.7000000000004    1.27976549053837e-05    328.613648200583    328.605237340089
47.8000000000004    1.27954457519475e-05    335.591658820951    335.583070841108
47.9000000000004    1.27932369732769e-05    342.717274319563    342.708505505134
48.0000000000004    1.27910288357061e-05    349.993604787162    349.984651345103
48.1000000000004    1.27888208321816e-05    357.423825586697    357.414683645079
48.2000000000004    1.27866133053027e-05    365.011178717711    365.001844323478
48.3000000000004    1.27844059334181e-05    372.75897420914    372.749443326903
48.4000000000004    1.2782199322062e-05    380.670591541111    380.660860050747
48.5000000000004    1.2779993075902e-05    388.749481096361    388.739544791993
48.6000000000004    1.27777870408368e-05    396.999165641866    396.989020229914
48.7000000000004    1.27755817811387e-05    405.423241841311    405.412882938087
48.8000000000004    1.27733766202728e-05    414.025381799044    414.014804929882
48.9000000000004    1.27711720414282e-05    422.809334636155    422.798535232569
49.0000000000004    1.27689678330776e-05    431.778928099327    431.767901497638
49.1000000000004    1.2766763929445e-05    440.938070203173    440.926811642408
49.2000000000004    1.27645603248519e-05    450.290750906704    450.27925552653
49.3000000000004    1.27623572550915e-05    459.841043824675    459.829306663105
49.4000000000004    1.27601542974628e-05    469.593107974517    469.581123966405
49.5000000000004    1.27579517526625e-05    479.551189559602    479.53895353383
49.6000000000004    1.27557495957036e-05    489.719623789593    489.707130467169
49.7000000000004    1.27535477489794e-05    500.102836738663    500.090080730532
49.8000000000004    1.27513463247241e-05    510.705347242356    510.692323046927
49.9000000000004    1.27491452437064e-05    521.531768833902    521.5184708349
50.0000000000004    1.27469445086827e-05    532.586811720789    532.573234184791
50.1000000000004    1.27447439839516e-05    543.875284802432    543.861421876583
50.2000000000004    1.2742543988762e-05    555.402097729766    555.387943438804
50.3000000000004    1.2740344230397e-05    567.172263007657    567.15781125204
50.4000000000004    1.27381448209386e-05    579.190898140986    579.176142693864
50.5000000000004    1.27359458176862e-05    591.46322782532    591.448162329948
50.6000000000004    1.27337469168002e-05    603.994586183099    603.979204150571
50.7000000000005    1.27315485953211e-05    616.790419046272    616.774713851837
50.8000000000005    1.27293500989833e-05    629.856286286367    629.840251168124
50.9000000000005    1.27271522932382e-05    643.197864192957    643.18149224698
51.0000000000005    1.27249546102698e-05    656.82094790154    656.804232080749
51.1000000000005    1.27227572257609e-05    670.731453871876    670.714386982111
51.2000000000005    1.27205603188461e-05    684.935422417781    684.91799711473
51.3000000000005    1.27183636010887e-05    699.439020289478    699.4212290762
51.4000000000005    1.27161671365341e-05    714.248543309575    714.230378532854
51.5000000000005    1.27139711724005e-05    729.370419063754    729.351872910586
51.6000000000005    1.27117755033746e-05    744.81120964734    744.792274142265
51.7000000000005    1.27095797899451e-05    760.57761446887    760.558281470829
51.8000000000005    1.27073847600503e-05    776.676473111835    776.656734309108
51.9000000000005    1.27051897820655e-05    793.114768255832    793.094615164581
52.0000000000005    1.27029948873412e-05    809.899628658335    809.879052618028
52.1000000000005    1.27008003420079e-05    827.038332198336    827.017324367687
52.2000000000005    1.2698606396473e-05    844.538308983146    844.516860336369
52.3000000000005    1.26964123729313e-05    862.407144519701    862.385245844256
52.4000000000005    1.26942188497318e-05    880.652582951643    880.630224842225
52.5000000000005    1.26920254060895e-05    899.282530363571    899.259703219848
52.6000000000005    1.26898322579191e-05    918.305058153855    918.281752175305
52.7000000000005    1.26876394646047e-05    937.72840647739    937.704611659416
52.8000000000005    1.26854467757646e-05    957.560987759778    957.536693890067
52.9000000000005    1.2683254590582e-05    977.811390284354    977.786586937332
53.0000000000005    1.26810625422728e-05    998.488381853612    998.463058387505
53.1000000000005    1.26788707008651e-05    1019.60091352654    1019.57505907805
53.2000000000005    1.26766791234354e-05    1041.15812343341    1041.13172691314
53.3000000000005    1.26744878000594e-05    1063.16934066971    1063.14239075761
53.4000000000005    1.26722966583254e-05    1085.64408927071    1085.61657441146
53.5000000000005    1.26701057865322e-05    1108.59209226855    1108.56400066631
53.6000000000005    1.26679151597136e-05    1132.02327583328    1131.99459544697
53.7000000000005    1.26657248509819e-05    1155.94777349987    1155.91849203786
53.8000000000005    1.26635346868957e-05    1180.37593048271    1180.34603539821
53.9000000000005    1.26613448091425e-05    1205.31830807961    1205.28778656464
54.0000000000005    1.2659155096849e-05    1230.78568816698    1230.75452714762
54.1000000000005    1.26569658457464e-05    1256.78907778817    1256.75726391798
54.2000000000005    1.26547766507497e-05    1283.33971383687    1283.30723349301
54.3000000000005    1.26525876659167e-05    1310.44906783747    1310.41590711361
54.4000000000005    1.265039901412e-05    1338.12885082444    1338.09499552493
54.5000000000005    1.26482103329822e-05    1366.39101832282    1366.356453958
54.6000000000005    1.26460222345112e-05    1395.24777543176    1395.21248720924
54.7000000000005    1.26438339958399e-05    1424.71158201343    1424.67555483548
54.8000000000005    1.26416463281267e-05    1454.79515798926    1454.7583764425
54.9000000000005    1.26394587415754e-05    1485.51148874597    1485.47393709826
55.0000000000005    1.26372712378378e-05    1516.87383065345    1516.83549284587
55.1000000000005    1.26350841662044e-05    1548.89571669688    1548.85657633593
55.2000000000005    1.26328972432451e-05    1581.59096222543    1581.55100257803
55.3000000000005    1.26307106129192e-05    1614.97367081996    1614.93287480507
55.4000000000005    1.26285239416912e-05    1649.05824028211    1649.01659046514
55.5000000000005    1.26263376469372e-05    1683.85936874735    1683.81684733036
55.6000000000005    1.26241514944742e-05    1719.39206092452    1719.34864974084
55.7000000000005    1.2621965676266e-05    1755.67163446441    1755.62731496959
55.8000000000005    1.26197800352371e-05    1792.71372646013    1792.66847972535
55.9000000000005    1.26175946481243e-05    1830.534300082    1830.48810678527
56.0000000000005    1.26154094884068e-05    1869.14965134959    1869.10249176804
56.1000000000005    1.26132244637409e-05    1908.57641604396    1908.52827004575
56.2000000000005    1.26110396113397e-05    1948.83157676271    1948.78242379816
56.3000000000005    1.26088548584187e-05    1989.9324701211    1989.88228921444
56.4000000000005    1.26066705775782e-05    2031.89679410194    2031.84556384072
56.5000000000005    1.26044862525576e-05    2074.74261555749    2074.69031408718
56.6000000000005    1.26023023491798e-05    2118.48837786654    2118.43498287732
56.7000000000005    1.26001186232046e-05    2163.15290874962    2163.09839746996
56.8000000000005    1.25979348475142e-05    2208.75542824586    2208.69977743298
56.9000000000005    1.25957515501331e-05    2255.3155568547    2255.25874278147
57.0000000000005    1.25935683605817e-05    2302.85332384585    2302.79532229478
57.1000000000005    1.25913851277061e-05    2351.38917574099    2351.32996199318
57.2000000000005    1.25892024487806e-05    2400.94398497076    2400.88353379201
57.3000000000005    1.25870197793107e-05    2451.5390587106    2451.47734434616
57.4000000000005    1.25848374384867e-05    2503.19614789918    2503.13314405888
57.5000000000005    1.25826551101584e-05    2555.93745644316    2555.87313629348
57.6000000000005    1.25804730653559e-05    2609.78565061205    2609.71998676196
57.7000000000005    1.25782912996429e-05    2664.76386862712    2664.69683311794
57.8000000000006    1.25761096998835e-05    2720.89573044843    2720.82729474271
57.9000000000006    1.25739281720523e-05    2778.20534776392    2778.13548273341
58.0000000000006    1.25717469232214e-05    2836.7173341847    2836.64601009654
58.1000000000006    1.25695658593818e-05    2896.45681565101    2896.38400215684
58.2000000000006    1.25673850090625e-05    2957.44944105288    2957.37510717552
58.3000000000006    1.25652043342734e-05    3019.72139307013    3019.64550719098
58.4000000000006    1.25630236661593e-05    3083.2993992362    3083.22192908281
58.5000000000006    1.25608432975392e-05    3148.2107432302    3148.13165585998
58.6000000000006    1.25586633015214e-05    3214.48327640217    3214.40253818983
58.7000000000006    1.25564833329272e-05    3282.14542953621    3282.06300616239
58.8000000000006    1.25543035698642e-05    3351.22622485625    3351.1420812899
58.9000000000006    1.25521240381076e-05    3421.75528827967    3421.66938876428
59.0000000000006    1.25499445220193e-05    3493.76286192366    3493.67516996401
59.1000000000006    1.254776529115e-05    3567.27981686962    3567.19029521318
59.2000000000006    1.25455863232024e-05    3642.33766619085    3642.24627681417
59.3000000000006    1.25434075050843e-05    3718.96857824905    3718.87528234255
59.4000000000006    1.25412287849015e-05    3797.20539026497    3797.11014821633
59.5000000000006    1.2539050361946e-05    3877.08162216898    3876.9843935447
59.6000000000006    1.25368720490343e-05    3958.63149073733    3958.53223426872
59.7000000000006    1.25346939201496e-05    4041.88992401982    4041.78859758381
59.8000000000006    1.25325160089057e-05    4126.89257606505    4126.78913666685
59.9000000000006    1.25303382490068e-05    4213.67584194918    4213.57024570519
60.0000000000006    1.25281606634555e-05    4302.27687311461    4302.16907523335
60.1000000000006    1.25259833208769e-05    4392.73359302479    4392.62354778777
60.2000000000006    1.25238060585178e-05    4485.08471314165    4484.97237388636
60.3000000000006    1.25216290741747e-05    4579.36974923245    4579.25506832965
60.4000000000006    1.25194520423137e-05    4675.62903801257    4675.51196685122
60.5000000000006    1.25172755665594e-05    4773.90375413127    4773.78424308959
60.6000000000006    1.25150989809727e-05    4874.23592750752    4874.1139259442
60.7000000000006    1.25129227067487e-05    4976.66846102291    4976.54391724574
60.8000000000006    1.25107464592238e-05    5081.24514857913    5081.11800983023
60.9000000000006    1.25085705618177e-05    5188.0106935274    5187.88090595519
61.0000000000006    1.25063946831015e-05    5297.01072747755    5296.87823612094
61.1000000000006    1.25042191805113e-05    5408.29182949445    5408.15657825281
61.2000000000006    1.25020436318837e-05    5521.90154568986    5521.76347730788
61.3000000000006    1.24998683632594e-05    5637.88840921764    5637.7474652535
61.4000000000006    1.24976932379254e-05    5756.30196068076    5756.15808148673
61.5000000000006    1.24955182811705e-05    5877.19276895834    5877.04589365425
61.6000000000006    1.24933434686992e-05    6000.61245246167    6000.46251891006
61.7000000000006    1.24911688200322e-05    6126.61370082759    6126.46064560736
61.8000000000006    1.24889944841342e-05    6255.25029705851    6255.09405543689
61.9000000000006    1.24868201366941e-05    6386.57714011818    6386.41764602968
62.0000000000006    1.2484646142785e-05    6520.6502679924    6520.48745400264
62.1000000000006    1.24824721757106e-05    6657.52688122435    6657.36067851087
62.2000000000006    1.24802985937037e-05    6797.26536693421    6797.09570524883
62.3000000000006    1.24781249336312e-05    6939.92532333297    6939.75213098366
62.4000000000006    1.24759516532718e-05    7085.56758474068    7085.39078854913
62.5000000000006    1.24737783940761e-05    7234.25424711915    7234.0737724017
62.6000000000006    1.24716053821758e-05    7386.04869413011    7385.86446465846
62.7000000000006    1.24694323092989e-05    7541.01562372921    7540.82756170651
62.8000000000006    1.24672598817494e-05    7699.22107530684    7699.02910132017
62.9000000000006    1.2465087139905e-05    7860.73245738744    7860.53649040006
63.0000000000006    1.24629148986366e-05    8025.61857589811    8025.41853318859
63.1000000000006    1.24607426211636e-05    8193.94966301853    8193.74546016745
63.2000000000006    1.24585705923258e-05    8365.79740662417    8365.58895746605
63.3000000000006    1.24563987979532e-05    8541.23498033456    8541.02219692679
63.4000000000006    1.24542269933676e-05    8720.33707417952    8720.11986676991
63.5000000000006    1.24520555778619e-05    8903.17992589549    8902.95820287388
63.6000000000006    1.24498841231907e-05    9089.84135286516    9089.61502073988
63.7000000000006    1.24477129657993e-05    9280.40078471358    9280.16974805911
63.8000000000006    1.24455420387585e-05    9474.9392965739    9474.70345799837
63.9000000000006    1.24433710845884e-05    9673.53964303683    9673.29890314548
64.0000000000006    1.24412004348343e-05    9876.28629279753    9876.04055014022
64.1000000000006    1.24390298414636e-05    10083.2654640142    10083.0146150545
64.2000000000006    1.24368595077213e-05    10294.5651603933    10294.3090994567
64.3000000000006    1.24346892318045e-05    10510.2752080156    10510.0138272539
64.4000000000006    1.24325193451776e-05    10730.4872929188    10730.2204822542
64.5000000000006    1.24303494552126e-05    10955.2949994523    10955.0226465473
64.6000000000006    1.24281797142413e-05    11184.793849419    11184.5158396181
64.7000000000006    1.24260102721061e-05    11419.0813420211    11418.7975583033
64.8000000000006    1.24238409429443e-05    11658.2569946263    11657.9673175641
64.9000000000006    1.24216717137337e-05    11902.4223843706    11902.1266920767
65.0000000000006    1.24195026047813e-05    12151.6811906152    12151.3793586914
65.1000000000006    1.2417333692633e-05    12406.1392382749    12405.8311397592
65.2000000000006    1.24151648765088e-05    12665.9045420359    12665.590047354
65.3000000000006    1.24129965307403e-05    12931.0873514811    12930.7663283811
65.4000000000006    1.24108280206721e-05    13201.8001971412    13201.4725106645
65.5000000000006    1.24086599339542e-05    13478.1579374915    13477.8234498852
65.6000000000005    1.24064918606915e-05    13760.2778069115    13759.9363775982
65.7000000000005    1.24043238816344e-05    14048.2794646303    14047.9309501365
65.8000000000005    1.24021563076865e-05    14342.2850446747    14341.9292985649
65.9000000000005    1.23999887027914e-05    14642.4192068424    14642.0560796797
66.0000000000005    1.23978213233136e-05    14948.8091887206    14948.4385279854
66.1000000000005    1.23956541925058e-05    15261.5848587717    15261.2065088049
66.2000000000005    1.23934870815946e-05    15580.8787705071    15580.492572454
66.3000000000005    1.23913199753994e-05    15906.826217773    15906.4320095108
66.4000000000005    1.23891534275866e-05    16239.5652911678    16239.162907221
66.5000000000005    1.23869867850045e-05    16579.2369356184    16578.8262071285
66.6000000000005    1.23848204275875e-05    16925.9850091358    16925.5657637583
66.7000000000005    1.23826542661241e-05    17279.9563427745    17279.5284046233
66.8000000000005    1.23804880643162e-05    17641.3008018225    17640.8639914023
66.9000000000005    1.23783222368074e-05    18010.1713482436    18009.7254823537
67.0000000000005    1.23761565037027e-05    18386.7241044009    18386.2689960831
67.1000000000005    1.23739908759535e-05    18771.1184180851    18770.6538765373
67.2000000000005    1.23718251856025e-05    19163.5169288761    19163.0427593796
67.3000000000005    1.23696599993407e-05    19564.0856358628    19563.6016396746
67.4000000000004    1.23674950054845e-05    19972.9939667519    19972.4999410555
67.5000000000004    1.23653302715159e-05    20390.4148483914    20389.9105861988
67.6000000000004    1.23631652801463e-05    20816.5247787394    20816.01006883
67.7000000000004    1.23610006435281e-05    21251.5039003059    21250.9785270932
67.8000000000004    1.23588362591513e-05    21695.5360750991    21694.9998185708
67.9000000000004    1.23566719564494e-05    22148.8089611072    22148.2615967377
68.0000000000004    1.2354507670807e-05    22611.5140903452    22610.9553889991
68.1000000000004    1.23523437285373e-05    23083.8469485    23083.27667632
68.2000000000004    1.23501798755361e-05    23566.0070562062    23565.4249745428
68.3000000000004    1.23480164038833e-05    24058.1980519857    24057.6039172737
68.4000000000004    1.2345852729808e-05    24560.6277768849    24560.0213405849
68.5000000000004    1.23436893103181e-05    25073.5083608445    25072.8893692909
68.6000000000004    1.2341526155438e-05    25597.0563108359    25596.4245051534
68.7000000000004    1.23393632871129e-05    26131.4926008022    26130.8477167988
68.8000000000004    1.23372004681146e-05    26677.0427634403    26676.3845315121
68.9000000000004    1.23350377040576e-05    27233.9369838588    27233.2651288671
69.0000000000004    1.23328750556851e-05    27802.4101951539    27801.7244363089
69.1000000000003    1.23307127582495e-05    28382.7021759396    28382.0022266748
69.2000000000003    1.2328550643505e-05    28975.0576498728    28974.3432177495
69.3000000000003    1.23263885279766e-05    29579.7263872151    29578.9971738037
69.4000000000003    1.23242266411266e-05    30196.9633084702    30196.2190092038
69.5000000000003    1.23220650016854e-05    30827.028590142    30826.2688942028
69.6000000000003    1.23199034037987e-05    31470.1877726542    31469.4123628602
69.7000000000003    1.23177419890489e-05    32126.7118704777    32125.920423131
69.8000000000003    1.23155806803776e-05    32796.8774845085    32796.0696692757
69.9000000000003    1.23134195651776e-05    33480.966916743    33480.1423965095
70.0000000000003    1.23112588259967e-05    34179.2682872982    34178.4267180223
70.1000000000003    1.23090979253809e-05    34892.0756538234    34891.2166844444
70.2000000000003    1.23069373067359e-05    35619.6891333518    35618.8124055795
70.3000000000003    1.23047769172075e-05    36362.4150266431    36361.5201748439
70.4000000000003    1.23026166901402e-05    37120.5659450665    37119.6525961148
70.5000000000003    1.23004564410746e-05    37894.4609400768    37893.5287132113
70.6000000000003    1.2298296552123e-05    38684.4256353346    38683.4741419595
70.7000000000003    1.22961368310182e-05    39490.7923615271    39489.8212050957
70.8000000000003    1.22939771637729e-05    40313.900293942    40312.9090697889
70.9000000000002    1.2291817628921e-05    41154.0955928518    41153.0838880121
71.0000000000002    1.2289658195572e-05    42011.7315467652    42010.6989398138
71.1000000000002    1.22874991977065e-05    42887.1687186035    42886.1147794514
71.2000000000002    1.22853400080395e-05    43780.7750948633    43779.6993846631
71.3000000000002    1.22831810816901e-05    44692.9262378238    44691.8283086978
71.4000000000002    1.22810224739922e-05    45624.0054408614    45622.8848357512
71.5000000000002    1.2278864007677e-05    46574.4038869363    46573.2601394371
71.6000000000002    1.22767056229102e-05    47544.5208103139    47543.3534444734
71.7000000000002    1.2274547488586e-05    48534.7636615868    48533.5721916887
71.8000000000002    1.22723894299347e-05    49545.5482760649    49544.332206463
71.9000000000002    1.22702314434636e-05    50577.2990456029    50576.0578705022
72.0000000000002    1.22680738157022e-05    51630.449093933    51629.1822971529
72.1000000000002    1.22659161032898e-05    52705.4404555764    52704.147510414
72.2000000000002    1.22637588590828e-05    53802.7242584041    53801.4046273152
72.3000000000002    1.22616016472737e-05    54922.7609099226    54921.414044406
72.4000000000002    1.22594444637602e-05    56066.0202873607    56064.6456276892
72.5000000000002    1.22572875153161e-05    57232.9819316319    57231.5789065994
72.6000000000002    1.22551306635795e-05    58424.1352452539    58422.7032719802
72.7000000000001    1.22529741017123e-05    59639.9796943039    59638.5181779586
72.8000000000001    1.22508176563006e-05    60881.0250144937    60879.5333480955
72.9000000000001    1.22486613750206e-05    62147.791421445    62146.2689855881
73.0000000000001    1.22465053298268e-05    63440.8098252534    63439.2559878512
73.1000000000001    1.22443491738329e-05    64760.6220494264    64759.0361655064
73.2000000000001    1.22421934767487e-05    66107.781054284    66106.1624656071
73.3000000000001    1.2240037813956e-05    67482.8511649133    67481.1991998334
73.4000000000001    1.22378822531211e-05    68886.408303771    68884.7222768971
73.5000000000001    1.22357268855143e-05    70319.0402280233    70317.3194399362
73.6000000000001    1.2233571775362e-05    71781.3467717246    71779.5905086943
73.7000000000001    1.22314167968282e-05    73273.9400929311    73272.1476266523
73.8000000000001    1.22292617259947e-05    74797.4449258488    74795.6155131603
73.9000000000001    1.22271072007183e-05    76352.4988381178    76350.6317205706
74.0000000000001    1.22249525793036e-05    77939.7524933394    77937.8468970786
74.1000000000001    1.22227981279385e-05    79559.8699189507    79557.9250542641
74.2000000000001    1.22206440162811e-05    81213.5287795537    81211.5438405618
74.3000000000001    1.22184899096321e-05    82901.4206558132    82899.3948202223
74.4    1.22163359711889e-05    84624.2513290336    84622.1837577206
74.5    1.22141822228972e-05    86382.7410715296    86380.6309082228
74.6    1.22120285846651e-05    88177.6249429105    88175.471313858
74.7    1.22098751160455e-05    90009.6530923962    90007.4551059864
74.8    1.22077219158459e-05    91879.5910672872    91877.3478136772
74.9    1.22055687760432e-05    93788.2201277146    93785.9306785163
75    1.22034157568763e-05    95736.3375677967    95734.0009756503
75.1    1.22012627636325e-05    97724.757043331    97722.372341549
75.2    1.21991102922645e-05    99754.3089061548    99751.875108212
75.3    1.21969578731572e-05    101825.840545311    101823.356644632
75.4    1.2194805522534e-05    103940.216735155    103937.681704611
75.5    1.2192653433824e-05    106098.319990546    106095.732782
75.6    1.2190501373389e-05    108301.05092926    108298.410473228
75.7    1.21883497133359e-05    110549.328641774    110546.633846863
75.8    1.21861976881684e-05    112844.091068586    112841.340821298
75.9    1.21840462695117e-05    115186.295385186    115183.48854908
76    1.21818949811556e-05    117576.918394874    117574.053810426
76.1    1.21797437790179e-05    120016.956929561    120014.033413599
76.1999999999999    1.21775926636499e-05    122507.428258717    122504.444603931
76.2999999999999    1.21754416610902e-05    125049.370506637    125046.325481081
76.3999999999999    1.21732910747013e-05    127643.843078186    127640.735424705
76.4999999999999    1.21711403711825e-05    130291.927093203    130288.755529137
76.5999999999999    1.21689899941368e-05    132994.725829734    132991.489046146
76.6999999999999    1.21668396316119e-05    135753.365176267    135750.061837611
76.7999999999999    1.21646895981026e-05    138568.994093172    138565.62283658
76.8999999999999    1.21625397947169e-05    141442.785083498    141439.344518339
76.9999999999999    1.21603898045527e-05    144375.934673357    144372.423380768
77.0999999999999    1.21582402009124e-05    147369.663902056    147366.080434081
77.1999999999999    1.21560907381812e-05    150425.218822185    150421.561701423
77.2999999999999    1.2153941452282e-05    153543.871009872    153540.138728796
77.3999999999999    1.21517922325131e-05    156726.918085397    156723.109105792
77.4999999999999    1.21496433310159e-05    159975.684244385    159971.796996603
77.5999999999999    1.21474944058005e-05    163291.520799776    163287.553682296
77.6999999999999    1.21453456171206e-05    166675.806734817    166671.758113432
77.7999999999999    1.21431972062646e-05    170129.949267268    170125.817474392
77.8999999999998    1.21410490328614e-05    173655.384425069    173651.16775919
77.9999999999998    1.213890061527e-05    177253.577633703    177249.274358814
78.0999999999998    1.21367525568252e-05    180926.024315464    180921.632659988
78.1999999999998    1.21346047585691e-05    184674.250500907    184669.768657215
78.2999999999998    1.21324569651945e-05    188499.813452696    188495.239576439
78.3999999999998    1.21303093028921e-05    192404.302302121    192399.634511347
78.4999999999998    1.21281619984225e-05    196389.338698529    196384.575072874
78.5999999999998    1.21260147319394e-05    200456.57747193    200451.716052056
78.6999999999998    1.21238675737925e-05    204607.707309053    204602.746095706
78.7999999999998    1.212172069799e-05    208844.451443115    208839.388396268
78.8999999999998    1.21195737926554e-05    213168.568357579    213163.401395811
78.9999999999998    1.21174271619103e-05    217581.852504196    217576.579503592
79.0999999999998    1.21152808659484e-05    222086.1350356    222080.75382899
79.1999999999998    1.21131343845692e-05    226683.284552774    226677.792929118
79.2999999999998    1.21109883145988e-05    231375.207867661    231369.603570657
79.3999999999998    1.21088422412484e-05    236163.850781247    236158.131508877
79.4999999999998    1.21066964562942e-05    241051.198877418    241045.362280689
79.5999999999998    1.21045507964368e-05    246039.278332908    246033.322015122
79.6999999999997    1.21024051638436e-05    251130.156743679    251124.078259432
79.7999999999997    1.21002598985745e-05    256325.943968034    256319.740822012
79.8999999999997    1.20981147281179e-05    261628.792986832    261622.46263311
79.9999999999997    1.2095969633026e-05    267040.900781134    267034.440622022
80.0999999999997    1.20938248829692e-05    272564.509227634    272557.916612476
80.1999999999997    1.20916800609958e-05    278201.906012233    278195.178236704
80.2999999999997    1.20895355927387e-05    283955.42556213    283948.559866685
80.3999999999997    1.20873911249798e-05    289827.449996785    289820.443565981
80.4999999999997    1.20852467737653e-05    295820.410098164    295813.26005926
80.5999999999997    1.20831028290159e-05    301936.786300619    301929.489722311
80.6999999999997    1.20809587074278e-05    308179.109700836    308171.663592594
80.7999999999997    1.20788150147123e-05    314549.963088224    314542.364398373
80.8999999999997    1.2076671506397e-05    321051.981996176    321044.227611177
80.9999999999997    1.20745279304382e-05    327687.855774622    327679.942517837
81.0999999999997    1.2072384619284e-05    334460.328684291    334452.253314324
81.1999999999997    1.20702414838421e-05    341372.201013129    341363.960222794
81.2999999999997    1.20680985156702e-05    348426.330215327    348417.920630258
81.3999999999997    1.20659556524887e-05    355625.632073393    355617.050250729
81.4999999999996    1.20638129579723e-05    362973.081883754    362964.324310667
81.5999999999996    1.20616704889373e-05    370471.715666355    370462.778758629
81.6999999999996    1.20595280626998e-05    378124.631398725    378115.5114995
81.7999999999996    1.20573859355149e-05    385934.990275035    385925.683653001
81.8999999999996    1.2055243961371e-05    393906.01799061    393896.520838811
81.9999999999996    1.20531020629507e-05    402041.006052446    402031.3144867
82.0999999999996    1.20509603421841e-05    410343.313116234    410333.423173431
82.1999999999996    1.20488187688146e-05    418816.366350427    418806.273987036
82.2999999999996    1.20466771851211e-05    427463.662827902    427453.36391846
82.3999999999996    1.20445361033635e-05    436288.770945764    436278.261280642
82.4999999999996    1.20423949405963e-05    445295.331873872    445284.60715852
82.5999999999996    1.20402540840447e-05    454487.061032649    454476.116885034
82.6999999999996    1.20381132531583e-05    463867.749600776    463856.58155021
82.7999999999996    1.20359727033097e-05    473441.266053367    473429.869538226
82.8999999999996    1.20338320922145e-05    483211.557731248    483199.928097696
82.9999999999996    1.20316920167228e-05    493182.652441944    493170.784941166
83.0999999999996    1.20295518183176e-05    503358.660093043    503346.549880554
83.1999999999995    1.20274118362417e-05    513743.774358564    513731.416491292
83.2999999999995    1.20252720147885e-05    524342.274379    524329.663813689
83.3999999999995    1.20231322340502e-05    535158.52649572    535145.658086978
83.4999999999995    1.20209927397149e-05    546196.986020414    546183.854518261
83.5999999999995    1.20188534476842e-05    557462.199040284    557448.79908839
83.6999999999995    1.20167141660163e-05    568958.804259717    568945.130393386
83.7999999999995    1.20145751765316e-05    580691.534879148    580677.581522592
83.8999999999995    1.20124364598219e-05    592665.22051188    592650.981976312
83.9999999999995    1.20102976279353e-05    604884.78913962    604870.259621428
84.0999999999995    1.20081591879149e-05    617355.269107509    617340.442684853
84.1999999999995    1.20060207383903e-05    630081.79115943    630066.66179097
84.2999999999995    1.20038823953552e-05    643069.590514429    643054.152036277
84.3999999999995    1.20017444401065e-05    656324.008985039    656308.255108061
84.4999999999995    1.19996064777706e-05    669850.49713839    669834.421446563
84.5999999999995    1.19974686567177e-05    683654.616500939    683638.212448079
84.6999999999995    1.19953310343108e-05    697742.041807694    697725.302714949
84.7999999999995    1.19931935340765e-05    712118.563296843    712101.4823502
84.8999999999995    1.19910563563766e-05    726790.08905069    726772.659297857
84.9999999999994    1.19889191246481e-05    741762.647383836    741744.861732289
85.0999999999994    1.19867821441604e-05    757042.389279545    757024.240492702
85.1999999999994    1.19846453972617e-05    772635.590875255    772617.071570046
85.2999999999994    1.19825085537641e-05    788548.655998263    788529.75864267
85.3999999999994    1.19803723767688e-05    804788.118752527    804768.835660851
85.4999999999994    1.19782360754339e-05    821360.646157671    821340.969489917
85.5999999999994    1.19760997106622e-05    838273.040841225    838252.96259864
85.6999999999994    1.19739636334786e-05    855532.243785125    855511.755806499
85.7999999999994    1.19718276873477e-05    873145.337127628    873124.431086867
85.8999999999994    1.19696921457985e-05    891119.54702171    891098.214423769
85.9999999999994    1.19675565722504e-05    909462.246551118    909440.478729854
86.0999999999994    1.19654210343491e-05    928180.958705199    928158.746819039
86.1999999999994    1.19632858690913e-05    947283.359413677    947260.694441569
86.2999999999994    1.19611509227011e-05    966777.280642634    966754.153381338
86.3999999999994    1.19590158675642e-05    986670.713552891    986647.114613672
86.4999999999994    1.19568811338726e-05    1006971.81172202    1006947.73152543
86.5999999999994    1.19547464994559e-05    1027688.89443129    1027664.3232046
86.6999999999993    1.19526120770707e-05    1048830.45001887    1048805.37779154
86.7999999999993    1.19504779008959e-05    1070405.13930056    1070379.55590037
86.8999999999993    1.19483437386094e-05    1092421.79905949    1092395.69410908
86.9999999999993    1.19462097317504e-05    1114889.44560604    1114862.80851796
87.0999999999993    1.19440758790903e-05    1137817.27840953    1137790.09838235
87.1999999999993    1.19419422978475e-05    1161214.68380307    1161186.94981676
87.2999999999993    1.19398087904649e-05    1185091.23876293    1185062.93957524
87.3999999999993    1.193767554444e-05    1209456.71476416    1209427.83890518
87.4999999999993    1.19355422837136e-05    1234321.08171374    1234291.61748248
87.5999999999993    1.19334092911601e-05    1259694.51196292    1259664.4474213
87.6999999999993    1.19312763883409e-05    1285587.38440043    1285556.70736964
87.7999999999993    1.19291436990216e-05    1312010.28862801    1311978.98668288
87.8999999999993    1.1927011173403e-05    1338974.02922002    1338942.08968454
87.9999999999993    1.19248787103547e-05    1366489.63006875    1366457.04001119
88.0999999999993    1.19227465780864e-05    1394568.33881729    1394535.08504398
88.1999999999993    1.19206144161823e-05    1423221.63138143    1423187.70043331
88.2999999999993    1.19184825021267e-05    1452461.21656274    1452426.59470819
88.3999999999993    1.19163508713047e-05    1482299.04075433    1482263.71398437
88.4999999999992    1.19142190487682e-05    1512747.29274136    1512711.24676559
88.5999999999992    1.1912087676942e-05    1543818.40859807    1543781.62883571
88.6999999999992    1.19099566812348e-05    1575525.07668335    1575487.54825948
88.7999999999992    1.19078255893903e-05    1607880.2427368    1607841.95047778
88.8999999999992    1.19056943481362e-05    1640897.11507728    1640858.04350343
88.9999999999992    1.1903563511895e-05    1674589.16990591    1674549.30322338
89.0999999999992    1.19014329388254e-05    1708970.15671584    1708929.47881253
89.1999999999992    1.18993025328829e-05    1744054.1038107    1744012.59824976
89.2999999999992    1.18971722455245e-05    1779855.32393408    1779812.97394721
89.3999999999992    1.18950418837135e-05    1816388.42001208    1816345.20849342
89.4999999999992    1.18929120118103e-05    1853668.29101136    1853624.20050795
89.5999999999992    1.1890782098797e-05    1891710.13791489    1891665.15062374
89.6999999999992    1.18886523382898e-05    1930529.46981791    1930483.56757623
89.7999999999992    1.18865229242564e-05    1970142.1101462    1970095.2744242
89.8999999999992    1.18843935194751e-05    2010564.20299951    2010516.41489507
89.9999999999992    1.1882264328865e-05    2051812.21962229    2051763.45985137
90.0999999999992    1.18801351491498e-05    2093902.96500453    2093853.21389515
90.1999999999992    1.18780063477929e-05    2136853.58461512    2136802.82209719
90.2999999999991    1.18758775178338e-05    2180681.57127052    2180629.77687114
90.3999999999991    1.18737490011643e-05    2225404.7721414    2225351.92497351
90.4999999999991    1.18716205140983e-05    2271041.39589993    2270987.47465681
90.5999999999991    1.18694921790135e-05    2317610.0200107    2317555.00295571
90.6999999999991    1.18673641627372e-05    2365129.59816797    2365073.46312567
90.7999999999991    1.18652363697955e-05    2413619.46788225    2413562.19223085
90.8999999999991    1.18631083870872e-05    2463099.3582193    2463040.91888326
90.9999999999991    1.18609807466288e-05    2513589.39769435    2513529.77113067
91.0999999999991    1.18588532248378e-05    2565110.12232484    2565049.28451741
91.1999999999991    1.18567260520843e-05    2617682.48384484    2617620.41029263
91.2999999999991    1.18545988310553e-05    2671327.85808427    2671264.52379486
91.3999999999991    1.18524719000149e-05    2726068.0535163    2726003.43299221
91.4999999999991    1.18503450528748e-05    2781925.31997628    2781859.3872077
91.5999999999991    1.18482183934973e-05    2838922.35755558    2838855.08600844
91.6999999999991    1.18460917552598e-05    2897082.3256739    2897013.68828088
91.7999999999991    1.18439653350049e-05    2956428.85233354    2956358.8214813
91.8999999999991    1.18418390589774e-05    3016986.04355936    3016914.59107915
91.999999999999    1.18397132289578e-05    3078778.49302803    3078705.59018227
92.099999999999    1.18375872347142e-05    3141831.29189045    3141756.90936697
92.199999999999    1.18354615015343e-05    3206170.03879115    3206094.14668525
92.299999999999    1.18333358663852e-05    3271820.85008857    3271743.41789482
92.399999999999    1.18312105758361e-05    3338810.37028022    3338731.36687779
92.499999999999    1.18290854062067e-05    3407165.782637    3407085.17628043
92.599999999999    1.18269602416912e-05    3476914.82005061    3476832.5783566
92.699999999999    1.18248353751427e-05    3548085.77609838    3548001.86603021
92.799999999999    1.18227105584057e-05    3620707.51632995    3620621.90418815
92.899999999999    1.18205859418308e-05    3694809.48978007    3694722.14118636
92.999999999999    1.18184613899354e-05    3770421.74071227    3770332.620598
93.099999999999    1.18163370980391e-05    3847574.92059764    3847483.99318753
93.199999999999    1.18142129853908e-05    3926300.30033385    3926207.52913388
93.299999999999    1.18120890211593e-05    4006629.7827088    4006535.13049151
93.399999999999    1.18099650934774e-05    4088595.91511411    4088499.34390453
93.499999999999    1.18078414284482e-05    4172231.90251312    4172133.37357112
93.599999999999    1.18057178633412e-05    4257571.62066879    4257471.0944769
93.699999999999    1.18035946483598e-05    4344649.62963638    4344547.06588077
93.7999999999989    1.18014712920838e-05    4433501.18752652    4433396.54508748
93.8999999999989    1.17993483404429e-05    4524162.26454372    4524055.50147044
93.9999999999989    1.17972255377302e-05    4616669.55730598    4616560.63080701
94.0999999999989    1.1795102741434e-05    4711060.50345127    4710949.36987678
94.1999999999989    1.17929802160089e-05    4807373.29653618    4807259.91135697
94.2999999999989    1.17908577692308e-05    4905646.90123296    4905531.21902719
94.3999999999989    1.17887355407147e-05    5005921.0688307    5005803.04326284
94.4999999999989    1.17866136513423e-05    5108236.35304675    5108115.93684939
94.5999999999989    1.17844915359119e-05    5212634.12615459    5212511.2711169
94.6999999999989    1.17823698133378e-05    5319156.59543439    5319031.25237102
94.7999999999989    1.17802480341199e-05    5427846.81995271    5427718.93869552
94.8999999999989    1.17781267451135e-05    5538748.72767797    5538618.25704562
94.9999999999989    1.17760054969715e-05    5651907.13293827    5651774.02072687
95.0999999999989    1.17738842585932e-05    5767367.75422855    5767231.9471867
95.1999999999989    1.17717632533763e-05    5885177.23237375    5885038.67617863
95.2999999999989    1.17696424523103e-05    6005383.14905528    6005241.78829413
95.3999999999989    1.17675218374014e-05    6128034.04570811    6127889.82385633
95.4999999999988    1.17654013722101e-05    6253179.44279561    6253032.30219479
95.5999999999988    1.1763280904621e-05    6380869.8594699    6380719.74130664
95.6999999999988    1.17611606215553e-05    6511156.83362512    6511003.6779037
95.7999999999988    1.17590407030322e-05    6644092.94235167    6643936.68787038
95.8999999999988    1.17569207680882e-05    6779731.82279939    6779572.40713389
95.9999999999988    1.17548012024835e-05    6918128.1934577    6917965.55292629
96.0999999999988    1.17526817188673e-05    7059337.87586096    7059171.94550868
96.1999999999988    1.17505622867106e-05    7203417.8167278    7203248.53029755
96.2999999999988    1.17484431587322e-05    7350426.11054264    7350253.40044501
96.3999999999988    1.17463237543292e-05    7500422.02258855    7500245.81988754
96.4999999999988    1.17442051266379e-05    7653466.01244016    7653286.24680181
96.5999999999988    1.17420862277391e-05    7809619.75792604    7809436.35762233
96.6999999999988    1.17399677149631e-05    7968946.1795697    7968759.07142461
96.7999999999988    1.17378493093185e-05    8131509.4655187    8131318.57489381
96.8999999999988    1.17357309729666e-05    8297375.09697174    8297180.34773343
96.9999999999988    1.17336128862505e-05    8466609.87411351    8466411.18859936
97.0999999999988    1.17314949348586e-05    8639281.94256735    8639079.24156064
97.1999999999988    1.17293769573439e-05    8815460.82037628    8815254.02307586
97.2999999999987    1.17272595775446e-05    8995217.42552241    8995006.44949717
97.3999999999987    1.17251418270713e-05    9178624.10399609    9178408.865181
97.4999999999987    1.17230245758928e-05    9365754.6584251    9365535.07105526
97.5999999999987    1.17209073738989e-05    9556684.37727533    9556460.35387631
97.6999999999987    1.17187904638062e-05    9751490.06463435    9751261.51597511
97.7999999999987    1.17166735317344e-05    9950250.07058932    9950016.90565797
97.8999999999987    1.17145569892569e-05    10153044.322211    10152806.4481649
97.9999999999987    1.17124404137755e-05    10359954.3551559    10359711.6773021
98.0999999999987    1.17103240616819e-05    10571063.3458996    10570815.7676439
98.1999999999987    1.17082077352906e-05    10786456.1446117    10786203.5674304
98.2999999999987    1.17060917096198e-05    11006219.3086885    11005961.6320797
98.3999999999987    1.17039759130257e-05    11230441.1369523    11230178.2584039
98.4999999999987    1.1701859972782e-05    11459211.704535    11458943.5194917
98.5999999999987    1.16997445850826e-05    11692622.8984555    11692349.3002536
98.6999999999987    1.16976290456089e-05    11930768.4539077    11930489.3337655
98.7999999999987    1.1695513892382e-05    12173743.9912717    12173459.2382181
98.8999999999987    1.16933986591162e-05    12421647.0538627    12421356.5547177
98.9999999999986    1.16912838800353e-05    12674577.146433    12674280.7857389
99.0999999999986    1.16891690325149e-05    12932635.7744405    12932333.4344434
99.1999999999986    1.16870542678739e-05    13195926.4841012    13195618.0446881
99.2999999999986    1.16849398251002e-05    13464554.9032387    13464240.2418878
99.3999999999986    1.16828256972704e-05    13738628.7829485    13738307.774688
99.4999999999986    1.16807112565712e-05    14018258.0400928    14017930.557469
99.5999999999986    1.16785974862434e-05    14303554.800641    14303220.7136244
99.6999999999986    1.16764836332031e-05    14594633.4438746    14594292.6198572
99.7999999999986    1.16743699719934e-05    14891610.6474723    14891262.9511871
99.8999999999986    1.16722564305023e-05    15194605.4334933    15194250.7269716
99.9999999999986    1.16701430774643e-05    15503739.2152766    15503377.3577898
100.099999999999    1.16680299304691e-05    15819135.845274    15818766.6932802
100.199999999999    1.16659168207143e-05    16140921.663836    16140545.0709302
100.299999999999    1.16638039326174e-05    16469225.5489693    16468841.3658149
100.399999999999    1.16616911774178e-05    16804178.9670847    16803787.041364
100.499999999999    1.16595786258297e-05    17145916.0247549    17145516.2011047
100.599999999999    1.16574662580439e-05    17494573.5215043    17494165.6414581
100.699999999999    1.16553540240973e-05    17850291.0036477    17849874.9055753
100.799999999999    1.16532418184625e-05    18213210.8192016    18212786.3382482
100.899999999999    1.16511298593939e-05    18583478.1738886    18583045.1418991
100.999999999999    1.16490182716001e-05    18961241.1882556    18960799.4337115
101.099999999999    1.16469065343747e-05    19346650.9559288    19346200.3039066
101.199999999999    1.16447952414645e-05    19739861.6030285    19739401.875089
101.299999999999    1.16426838717157e-05    20141030.3487647    20140561.3629266
101.399999999999    1.16405727734129e-05    20550317.5672396    20549839.1378744
101.499999999999    1.16384618301769e-05    20967886.8504779    20967398.7882567
101.599999999999    1.16363510126411e-05    21393905.0727125    21393407.1845282
101.699999999998    1.16342402411267e-05    21828542.4559471    21828034.5448421
101.799999999998    1.16321299488763e-05    22271972.6368236    22271454.5018908
101.899999999998    1.16300195760733e-05    22724372.7348193    22723844.171167
101.999999999998    1.16279092346302e-05    23185923.4217991    23185384.2204428
102.099999999998    1.1625799135599e-05    23656808.9929515    23656258.9407272
102.199999999998    1.1623689450077e-05    24137217.4391339    24136656.3186168
102.299999999998    1.16215797128324e-05    24627340.5206568    24626768.1101071
102.399999999998    1.16194702131057e-05    25127373.842534    25126789.9157752
102.499999999998    1.1617360664283e-05    25637516.9312289    25636921.2575876
102.599999999998    1.16152515775698e-05    26157973.3129247    26157365.6571012
102.699999999998    1.16131423888122e-05    26688950.5933515    26688330.7153833
102.799999999998    1.16110336214964e-05    27230660.5391985    27230028.1943106
102.899999999998    1.1608924767184e-05    27783319.1611439    27782674.0997085
102.999999999998    1.16068161875441e-05    28347146.7985343    28346488.7659273
103.099999999998    1.16047077885241e-05    28922368.2057459    28921696.9422725
103.199999999998    1.16025995713293e-05    29509212.6402613    29508527.8810504
103.299999999998    1.1600491363835e-05    30107913.9524955    30107215.4274072
103.399999999998    1.15983834576644e-05    30718710.6774059    30717998.110899
103.499999999998    1.15962756700838e-05    31341846.1279205    31341119.2389743
103.599999999998    1.15941681131163e-05    31977568.4902224    31976826.9922096
103.699999999998    1.15920604783998e-05    32626130.9209252    32625374.5215278
103.799999999998    1.15899531868298e-05    33287791.6461776    33287020.0472267
103.899999999998    1.15878461910923e-05    33962814.0627353    33962026.960125
103.999999999998    1.1585739205355e-05    34651466.8410391    34650663.9246257
104.099999999998    1.15836320634803e-05    35354024.0303391    35353204.983814
104.199999999998    1.15815254445585e-05    36070765.1659035    36069929.6666107
104.299999999998    1.15794189692315e-05    36801975.3783564    36801123.0972417
104.399999999998    1.15773126463918e-05    37547945.5051844    37547076.106641
104.499999999998    1.15752062526728e-05    38308972.2044559    38308085.3462123
104.599999999998    1.15731004201433e-05    39085358.0707947    39084453.4037167
104.699999999998    1.15709946769302e-05    39877411.753656    39876488.9216958
104.799999999998    1.15688887356986e-05    40685448.0779476    40684506.7179942
104.899999999998    1.15667831380813e-05    41509788.1670431    41508827.9087145
104.999999999998    1.15646779412266e-05    42350759.5682335    42349780.0337716
105.099999999998    1.15625725940273e-05    43208696.3806694    43207697.1848454
105.199999999998    1.1560467590504e-05    44083939.3858366    44082920.1357145
105.299999999998    1.15583625616198e-05    44976836.1806205    44975796.4754789
105.399999999998    1.15562577792824e-05    45887741.3130077    45886680.7441289
105.499999999998    1.15541531874523e-05    46817016.4204768    46815934.5710177
105.599999999998    1.15520485370719e-05    47765030.3711338    47763926.8159837
105.699999999998    1.15499443892931e-05    48732159.4076427    48731033.7131821
105.799999999998    1.15478402127907e-05    49718787.2940092    49717639.0180468
105.899999999998    1.15457362802767e-05    50725305.4652738    50724134.1567981
105.999999999998    1.15436323409506e-05    51752113.180169    51750918.3792265
106.099999999998    1.15415289194975e-05    52799617.6768021    52798398.9142397
106.199999999998    1.15394253290956e-05    53868234.3314213    53866991.1288318
106.299999999998    1.15373221444866e-05    54958386.8203279    54957118.6897321
106.399999999998    1.15352187608046e-05    56070507.2849936    56069213.72878
106.499999999998    1.15331156773442e-05    57205036.5004495    57203717.0110607
106.599999999998    1.15310129490836e-05    58362424.0470073    58361078.1067925
106.699999999998    1.15289102401157e-05    59543128.485384    59541755.5664449
106.799999999998    1.15268077551069e-05    60747617.5352919    60746217.0992166
106.899999999998    1.15247052246079e-05    61976368.2575642    61974939.7552771
106.999999999998    1.15226029715229e-05    63229867.2398863    63228410.1113639
107.099999999998    1.15205010014582e-05    64508610.7862033    64507124.4602962
107.199999999998    1.15183990443534e-05    65813105.109877    65811589.0041261
107.299999999998    1.15162973472081e-05    67143866.5306644    67142320.0510101
107.399999999998    1.15141958954988e-05    68501421.6755948    68499844.2161814
107.499999999998    1.15120944446289e-05    69886307.6838223    69884698.626797
107.599999999998    1.15099929460887e-05    71299072.4155301    71297431.1307801
107.699999999998    1.15078919661955e-05    72740274.6649676    72738600.5097888
107.799999999998    1.15057909036088e-05    74210484.3777031    74208776.6967191
107.899999999998    1.15036900385919e-05    75710282.872173    75708540.9969572
107.999999999998    1.1501589449169e-05    77240263.0656118    77238486.3144578
108.099999999998    1.14994889904241e-05    78801029.7044526    78799217.3821463
108.199999999998    1.14973886297083e-05    80393199.5992814    80391350.9968175
108.299999999998    1.14952885242167e-05    82017401.8644384    82015516.2587171
108.399999999998    1.14931886320123e-05    83674278.1623558    83672354.815936
108.499999999998    1.14910887381358e-05    85364482.9527271    85362521.1135734
108.599999999998    1.14889890038683e-05    87088683.7466009    87086682.6477317
108.699999999998    1.14868896301708e-05    88847561.3654967    88845520.2246804
108.799999999998    1.148479024061e-05    90641810.2056434    90639728.2252001
108.899999999998    1.14826910021417e-05    92472138.5074394    92470014.8738389
108.999999999998    1.14805919539917e-05    94339268.6302361    94337102.5138076
109.099999999998    1.14784930016221e-05    96243937.3325523    96241727.8871911
109.199999999998    1.14763944244199e-05    98186896.0578239    98184642.4205946
109.299999999998    1.1474295705026e-05    100168911.2258    100166612.516761
109.399999999998    1.14721973330281e-05    102190764.529695    102188419.851361
109.499999999998    1.14700991014646e-05    104253253.239207    104250861.676346
109.599999999998    1.14680010297644e-05    106357190.509524    106354751.128758
109.699999999998    1.14659030682501e-05    108503405.696434    108500917.545898
109.799999999998    1.14638053691051e-05    110692744.677654    110690206.786586
109.899999999998    1.14617077084239e-05    112926070.180502    112923481.558954
109.999999999998    1.1459610320864e-05    115204262.116047    115201621.754402
110.099999999998    1.14575129734699e-05    117528217.919844    117525524.788538
110.199999999998    1.1455415842472e-05    119898852.899407    119896105.948436
110.299999999998    1.14533188022435e-05    122317100.588527    122314298.747121
110.399999999998    1.14512221509758e-05    124783913.108596    124781055.284702
110.499999999998    1.14491254745364e-05    127300261.537054    127297346.617093
110.599999999998    1.14470289096939e-05    129867136.283107    129864163.131414
110.699999999998    1.14449326421239e-05    132485547.470862    132482514.929235
110.799999999998    1.14428364993758e-05    135156525.330014    135153432.217366
110.899999999998    1.14407403292335e-05    137881120.594252    137877965.706152
110.999999999998    1.143864449989e-05    140660404.907508    140657187.015583
111.099999999998    1.14365488773514e-05    143495471.238234    143492189.08983
111.199999999998    1.14344533790093e-05    146387434.301841    146384086.619534
111.299999999998    1.14323579098681e-05    149337430.991469    149334016.472584
111.399999999998    1.14302627134289e-05    152346620.817254    152343138.133264
111.499999999998    1.14281676945266e-05    155416186.354257    155412634.150372
111.599999999998    1.14260727491995e-05    158547333.699219    158543710.593879
111.699999999998    1.1423977992317e-05    161741292.936323    161737597.520598
111.799999999998    1.14218834623406e-05    164999318.61214    164995549.449214
111.899999999998    1.14197890083732e-05    168322690.219931    168318845.844618
111.999999999998    1.14176947092836e-05    171712712.693498    171708791.611605
112.099999999998    1.1415600525452e-05    175170716.910763    175166717.598561
112.199999999998    1.1413506734597e-05    178698060.207272    178693981.110802
112.299999999998    1.14114128704382e-05    182296126.899821    182291966.43456
112.399999999998    1.1409319258295e-05    185966328.820388    185962085.370369
112.499999999998    1.14072258408447e-05    189710105.860592    189705777.77792
112.599999999998    1.1405132462462e-05    193528926.526875    193524512.131137
112.699999999998    1.14030393764474e-05    197424288.506613    197419786.084083
112.799999999998    1.1400946303765e-05    201397719.245386    201393127.048576
112.899999999998    1.13988535850485e-05    205450776.535605    205446092.782353
112.999999999998    1.13967609209613e-05    209585049.116739    209580271.989788
113.099999999998    1.13946684919807e-05    213802157.287354    213797284.933463
113.199999999998    1.13925760436268e-05    218103753.529207    218098784.058627
113.299999999998    1.13904837355132e-05    222491523.143616    222486454.629198
113.399999999998    1.13883917766997e-05    226967184.900365    226962015.376794
113.499999999998    1.13862999873075e-05    231532491.699378    231527219.162598
113.599999999998    1.13842081830759e-05    236189231.245413    236183853.651874
113.699999999998    1.13821167585076e-05    240939226.736039    240933742.001646
113.799999999998    1.13800254003846e-05    245784337.56314    245778743.562791
113.899999999998    1.13779342764435e-05    250726460.028232    250720754.594781
113.999999999998    1.13758431782187e-05    255767528.071846    255761708.995464
114.099999999998    1.13737520751806e-05    260909514.017259    260903579.044509
114.199999999998    1.137166120774e-05    266154429.328859    266148376.161695
114.299999999998    1.13695706814403e-05    271504325.385417    271498151.680374
114.399999999998    1.13674802609005e-05    276961294.268576    276954997.636061
114.499999999998    1.13653899188226e-05    282527469.566839    282521047.570119
114.599999999998    1.13633000059267e-05    288205027.195369    288198477.349422
114.699999999998    1.13612100162263e-05    293996186.231904    293989506.002968
114.799999999998    1.13591201087219e-05    299903209.769111    299896396.573341
114.899999999998    1.13570306144435e-05    305928405.783684    305921456.986062
114.999999999998    1.13549409900937e-05    312074128.02254    312067040.936397
115.099999999998    1.13528517815818e-05    318342776.906417    318335548.791753
115.199999999998    1.13507625660937e-05    324736800.451242    324729428.514283
115.299999999998    1.13486735325377e-05    331258695.207601    331251176.599354
115.399999999998    1.13465846961211e-05    337911007.21866    337903339.033941
115.499999999998    1.13444962176402e-05    344696332.996918    344688512.273148
115.599999999998    1.13424075304337e-05    351617320.520146    351609344.236728
115.699999999998    1.13403190174637e-05    358676670.246885    358668535.323408
115.799999999998    1.13382308591826e-05    365877136.15189    365868839.447089
115.899999999998    1.13361431155731e-05    373221526.781913    373213065.092553
115.999999999998    1.13340551138304e-05    380712706.332227    380704076.392447
116.099999999998    1.1331967309748e-05    388353595.744277    388344794.223512
116.199999999998    1.13298798791308e-05    396147173.824885    396138197.3268
116.299999999998    1.13277922581243e-05    404096478.387438    404087323.449225
116.399999999998    1.1325704972735e-05    412204607.415468    412195270.505671
116.499999999998    1.13236180593116e-05    420474720.249071    420465197.766629
116.599999999998    1.13215312998873e-05    428910038.794631    428900327.067724
116.699999999998    1.13194445202072e-05    437513848.758267    437503944.042907
116.799999999998    1.13173578609565e-05    446289500.903496    446279399.381836
116.899999999998    1.13152711483028e-05    455240412.333569    455230110.112735
116.999999999998    1.13131850639005e-05    464370067.798961    464359560.908797
117.099999999998    1.13110988622808e-05    473682021.030529    473671305.423396
117.199999999998    1.13090129350469e-05    483179896.09882    483168967.64702
117.299999999998    1.13069272860029e-05    492867388.800024    492856243.294592
117.399999999998    1.130484143504e-05    502748268.069137    502736901.218733
117.499999999998    1.13027561378652e-05    512826377.420818    512814784.848876
117.599999999998    1.13006705898067e-05    523105636.418511    523093813.663155
117.699999999998    1.12985854260868e-05    533590042.172378    533577984.683263
117.799999999998    1.12965005803946e-05    544283670.866585    544271374.003889
117.899999999998    1.12944154900035e-05    555190679.316558    555178138.349784
117.999999999998    1.12923309574949e-05    566315306.556737    566302516.661429
118.099999999998    1.12902465825847e-05    577661875.459469    577648831.716705
118.199999999998    1.1288162099334e-05    589234794.385637    589221491.780051
118.299999999998    1.12860778368362e-05    601038558.867619    601024992.284816
118.399999999998    1.12839936469168e-05    613077753.325241    613063917.550417
118.499999999998    1.12819098378237e-05    625357052.815342    625342942.53076
118.599999999998    1.12798261378121e-05    637881224.815631    637866834.599325
118.699999999998    1.12777426102779e-05    650655131.043485    650640455.366801
118.799999999998    1.12756590404114e-05    663683729.310379    663668762.536254
118.899999999998    1.12735760462254e-05    676972075.412627    676956811.792356
118.999999999998    1.12714926805171e-05    690525325.059177    690509758.732338
119.099999999998    1.12694097349798e-05    704348735.83714    704332860.827041
119.199999999998    1.12673271760621e-05    718447669.215809    718431479.428329
119.299999999997    1.12652446223712e-05    732827592.589939    732811081.811744
119.399999999997    1.12631619908954e-05    747494081.363017    747477243.258816
119.499999999997    1.12610797911448e-05    762452821.071305    762435649.180569
119.599999999997    1.12589977892633e-05    777709609.549479    777692097.2851
119.699999999997    1.12569156521274e-05    793270359.138656    793252499.784653
119.799999999997    1.12548338786876e-05    809141098.937632    809122885.645314
119.899999999997    1.12527523010742e-05    825327977.098164    825309402.884588
