0    1    0.109938956224444    0.109938956224444
0.1    1.01105354409635    0.111139337266042    0.10992428434181
0.2    1.02222786745321    0.112353479823121    0.109910405889286
0.3    1.03352424006097    0.113580446517853    0.109896257983415
0.4    1.04494395675678    0.114820987305741    0.109882435860114
0.5    1.05648843752212    0.116075307483403    0.109868980445867
0.6    1.06815901825346    0.117343272532516    0.109855621239226
0.7    1.07995709202862    0.118625188420209    0.109842501425108
0.8    1.0918840559375    0.119921145892207    0.10982956041907
0.9    1.10394132120706    0.121231315014885    0.109816810627515
1    1.11613031894048    0.122555876815412    0.109804271719589
1.1    1.12845249657014    0.123894922051127    0.109791880852492
1.2    1.1409093033507    0.125248608773179    0.109779636650644
1.3    1.15350221832478    0.126617162241992    0.109767593187533
1.4    1.1662327357991    0.128000679505699    0.109755690760981
1.5    1.17910235422592    0.129399318205035    0.109743923198242
1.6    1.19211259944011    0.130813271867526    0.109732312139779
1.7    1.20526500859943    0.132242675061962    0.109720828297865
1.8    1.2185611344525    0.133687707878207    0.109709479564415
1.9    1.23200255017507    0.135148540338545    0.10969826346491
2    1.24559084252021    0.136625322609851    0.109687160459061
2.1    1.25932761469704    0.138118227614613    0.109676168459024
2.2    1.27321448804313    0.139627443002627    0.109665295450123
2.3    1.28725310329756    0.141153140816089    0.109654535269323
2.4    1.30144511620635    0.142695476565888    0.109643868027134
2.5    1.31579219861074    0.144254638624468    0.109633298310157
2.6    1.33029604393124    0.14583081815194    0.109622830810641
2.7    1.34495836224113    0.147424180807356    0.10961244968335
2.8    1.35978088009272    0.149034914118209    0.109602154508929
2.9    1.37476534506477    0.150663212698376    0.109591948356305
3    1.38991352263239    0.152309252293559    0.109581819166056
3.1    1.40522719552348    0.153973221831345    0.109571763428608
3.2    1.42070816699866    0.155655322870371    0.109561785091447
3.3    1.43635826009756    0.15735574781498    0.109551880047177
3.4    1.45217931656166    0.159074687119505    0.109542041609674
3.5    1.46817319752146    0.160812337190345    0.109532265990024
3.6    1.48434178399973    0.16256890126418    0.109522552700848
3.7    1.50068697777429    0.164344586174111    0.109512902162884
3.8    1.51721070123455    0.166139593420427    0.109503309781061
3.9    1.53391489645838    0.167954125200365    0.109493770213817
4    1.55080152627462    0.169788394757853    0.109484284017777
4.1    1.56787257540995    0.171642616210825    0.109474850764544
4.2    1.58513004951679    0.173516997844068    0.109465464929495
4.3    1.60257597497876    0.17541175462066    0.109456123989993
4.4    1.62021240044092    0.177327110609517    0.109446829663357
4.5    1.63804139710067    0.179263286774992    0.109437580205413
4.6    1.65606505779592    0.181220501081923    0.1094283707206
4.7    1.67428549731705    0.183198978477095    0.109419199276743
4.8    1.69270485349133    0.185198950288326    0.109410066324521
4.9    1.71132528737472    0.187220647683826    0.109400970735981
5    1.7301489830281    0.189264302108567    0.109391910156383
5.1    1.74917814779643    0.191330148422606    0.109382882849091
5.2    1.76841501271262    0.193418424528686    0.109373887429284
5.3    1.78786183270217    0.195529370873286    0.109364922555433
5.4    1.80752088688728    0.197663231202292    0.109355987328416
5.5    1.82739447894262    0.199820251702683    0.109347080778259
5.6    1.84748493722781    0.202000679948003    0.10933820129062
5.7    1.86779461493222    0.204204766419955    0.109329347449353
5.8    1.88832589051181    0.206432765888394    0.109320518733365
5.9    1.9090811681099    0.208684935704813    0.109311714551887
5.99999999999999    1.93006287765277    0.210961534052551    0.10930293333713
6.09999999999999    1.95127347492041    0.213262821545268    0.109294173413579
6.19999999999999    1.97271544196182    0.215589063609901    0.109285434190905
6.29999999999999    1.99439128764239    0.217940529739963    0.109276715702862
6.39999999999999    2.01630354790981    0.220317490948359    0.109268017296676
6.49999999999999    2.03845478583207    0.222720219388848    0.109259337482895
6.59999999999999    2.06084759178758    0.225148990416319    0.109250674971566
6.69999999999999    2.08348458391533    0.227604083900758    0.109242029270521
6.79999999999999    2.10636840856774    0.230085783295478    0.109233400178048
6.89999999999999    2.12950174057442    0.232594374270072    0.109224787112562
6.99999999999999    2.15288728342175    0.235130144766293    0.109216189150685
7.09999999999999    2.17652776952768    0.237693385978142    0.109207605483353
7.19999999999999    2.20042596061738    0.240284392789591    0.109199035591352
7.29999999999999    2.2245846480856    0.242903463399501    0.109190479044497
7.39999999999999    2.24900665329728    0.245550898954297    0.109181935319886
7.49999999999999    2.27369482787646    0.248227003657868    0.109173403842284
7.59999999999999    2.29865205402885    0.250932085022326    0.109164884081745
7.69999999999999    2.32388124488093    0.25366645389065    0.109156375546053
7.79999999999999    2.34938534480698    0.256430424369655    0.109147877735963
7.89999999999999    2.37516732975486    0.259224313944464    0.109139390179815
7.99999999999999    2.40123020759587    0.262048443685092    0.109130912503161
8.09999999999999    2.42757701849188    0.264903138247    0.109122444408199
8.19999999999999    2.45421083524527    0.26778872563392    0.109113985558277
8.29999999999999    2.48113476361866    0.270705537036321    0.109105535501629
8.39999999999999    2.50835194265254    0.273653907005273    0.10909709373394
8.49999999999999    2.53586554501971    0.276634173837264    0.109088659838672
8.59999999999999    2.56367877741999    0.279646679803298    0.109080233555908
8.69999999999999    2.59179488098037    0.282691771028415    0.109071814711465
8.79999999999998    2.62021713162567    0.285769797195193    0.10906340308442
8.89999999999998    2.64894884041941    0.288881111401407    0.109054998342538
8.99999999999998    2.67799335390596    0.292026070318996    0.109046600094457
9.09999999999998    2.70735405448321    0.295205034507538    0.109038207994516
9.19999999999998    2.73703436080746    0.298418368621512    0.109029821800803
9.29999999999998    2.76703772820751    0.301666441386821    0.109021441345594
9.39999999999998    2.79736764908483    0.304949625441637    0.109013066459606
9.49999999999998    2.82802765329584    0.308268297232362    0.109004696921227
9.59999999999998    2.8590213085313    0.311622837071114    0.108996332465671
9.69999999999998    2.89035222071006    0.315013629308036    0.108987972832822
9.79999999999998    2.92202403439291    0.318441062492339    0.108979617807456
9.89999999999998    2.95404043320853    0.321905529434881    0.108971267223057
9.99999999999998    2.98640514027988    0.325407427181033    0.108962920935281
10.1    3.01912191864474    0.328947156967427    0.108954578791932
10.2    3.05219457167337    0.332525124229553    0.108946240621628
10.3    3.08562694349065    0.336141738672849    0.108937906243645
10.4    3.11942291940794    0.339797414370804    0.108929575485487
10.5    3.15358642636481    0.343492569844939    0.108921248193248
10.6    3.18812143337693    0.34722762810864    0.108912924229755
10.7    3.22303195198654    0.351003016689284    0.108904603465982
10.8    3.25832203671478    0.354819167655176    0.108896285774418
10.9    3.29399578551757    0.358676517662394    0.10888797102879
11    3.33005734024726    0.362575508016974    0.108879659108228
11.1    3.36651088712097    0.366516584736606    0.108871349900802
11.2    3.40336065719458    0.370500198599447    0.108863043302867
11.3    3.44061092684086    0.374526805180199    0.10885473921461
11.4    3.47826601823062    0.378596864884354    0.108846437535259
11.5    3.51633029981773    0.382710842993109    0.108838138161522
11.6    3.55480818682925    0.38686920972385    0.108829840990358
11.7    3.5937041417625    0.391072440300893    0.108821545924227
11.8    3.63302267488942    0.395321015025171    0.108813252875501
11.9    3.67276834476753    0.399615419333086    0.108804961767437
12    3.71294575875604    0.403956143841817    0.108796672531288
12.1    3.7535595735359    0.408343684386256    0.108788385101236
12.2    3.79461449563329    0.412778542056986    0.108780099409834
12.3    3.83611528194729    0.417261223247619    0.108771815386061
12.4    3.87806674028282    0.421792239714592    0.108763532956587
12.5    3.92047372989021    0.426372108646485    0.108755252049202
12.6    3.96334116201211    0.431001352736131    0.108746972596555
12.7    4.00667400043744    0.435680500248706    0.108738694538448
12.8    4.05047726206186    0.440410085082035    0.108730417821886
12.9    4.09475601745385    0.445190646819535    0.108722142399185
13    4.13951539142576    0.450022730779455    0.108713868225153
13.1    4.18476056360974    0.454906888065172    0.1087055952546
13.2    4.2304967690388    0.459843675620318    0.108697323441
13.3    4.2767292987338    0.464833656290209    0.108689052736593
13.4    4.32346350029684    0.469877398888696    0.108680783093563
13.5    4.37070477851154    0.474975478267969    0.10867251446567
13.6    4.41845859595043    0.480128475388532    0.10866424680964
13.7    4.46673047358925    0.48533697738724    0.108655980085865
13.8    4.51552599142788    0.490601577642635    0.108647714258312
13.9    4.56485078911777    0.495922875838111    0.108639449293797
14    4.6147105665955    0.501301478024266    0.108631185161001
14.1    4.66511108472263    0.506737996682013    0.108622921829554
14.2    4.71605816593191    0.512233050787654    0.108614659269461
14.3    4.76755769488016    0.517787265880405    0.108606397450932
14.4    4.81961561910799    0.523401274132241    0.108598136344556
14.5    4.87223794970661    0.529075714419415    0.108589875921654
14.6    4.92543076199187    0.534811232394898    0.108581616154648
14.7    4.97920019618559    0.540608480561112    0.108573357017309
14.8    5.03355245810409    0.546468118342633    0.108565098484831
14.9    5.08849381985411    0.552390812158884    0.108556840533752
15    5.14403062053587    0.558377235497068    0.108548583141774
15.1    5.20016926695353    0.564428068985683    0.108540326287561
15.2    5.25691623433301    0.570544000468944    0.108532069950575
15.3    5.31427806704732    0.576725725082302    0.10852381411098
15.4    5.37226137934947    0.582973945329094    0.108515558749617
15.5    5.43087285611313    0.589289371158253    0.108507303848024
15.6    5.49011925358112    0.595672720042905    0.108499049388473
15.7    5.55000740012171    0.60212471705974    0.108490795353991
15.8    5.61054419699306    0.608646094969009    0.108482541728342
15.9    5.67173661911552    0.615237594295154    0.10847428849598
16    5.7335917158521    0.621899963408084    0.108466035641964
16.1    5.79611661179713    0.6286339586052    0.108457783151862
16.2    5.85931850757314    0.635440344194277    0.108449531011665
16.3    5.92320468063599    0.64231989257729    0.108441279207715
16.4    5.98778248608859    0.649273384335282    0.108433027726665
16.5    6.05305935750305    0.656301608314271    0.108424776555471
16.6    6.11904280775145    0.663405361712194    0.108416525681404
16.7    6.18574042984548    0.67058545016683    0.10840827509207
16.8    6.25315989778481    0.677842687844648    0.108400024775438
16.9    6.32130896741441    0.685177897530505    0.108391774719843
17    6.39019547729092    0.692591910718148    0.108383524913978
17.1    6.45982734955804    0.700085567701512    0.108375275346857
17.2    6.53021259083122    0.707659717666807    0.10836702600776
17.3    6.60135929309141    0.715315218785436    0.108358776886155
17.4    6.67327563458831    0.723052938307779    0.108350527971618
17.5    6.74596988075296    0.730873752657918    0.108342279253749
17.6    6.81945038511989    0.738778547529325    0.108334030722087
17.7    6.89372559025883    0.746768217981583    0.108325782366041
17.8    6.96880402871621    0.754843668538149    0.108317534174828
17.9    7.04469432396646    0.763005813285186    0.108309286137426
18    7.12140519137324    0.771255575971462    0.10830103824253
18.1    7.19894543916075    0.779593890109306    0.108292790478516
18.2    7.2773239693951    0.788021699076617    0.108284542833417
18.3    7.35654977897607    0.796539956219914    0.108276295294882
18.4    7.43663196063909    0.805149624958436    0.108268047850151
18.5    7.51757970396776    0.813851678889285    0.108259800486018
18.6    7.59940229641694    0.82264710189365    0.108251553188798
18.7    7.68210912434649    0.831536888244136    0.1082433059443
18.8    7.76570967406577    0.840522042713251    0.108235058737805
18.9    7.85021353288914    0.849603580683115    0.108226811554059
19    7.93563039020239    0.858782528256457    0.108218564377285
19.1    8.02197003854043    0.868059922368972    0.108210317191226
19.2    8.10924237467619    0.877436810903149    0.108202069979218
19.3    8.19745740072106    0.886914252803626    0.108193822724301
19.4    8.28662522523691    0.896493318194166    0.108185575409383
19.5    8.37675606435989    0.906175088496322    0.108177328017438
19.6    8.46786024293618    0.915960656549837    0.108169080531758
19.7    8.55994819566986    0.92585112673483    0.108160832936253
19.8    8.65303046828314    0.935847615095741    0.108152585215781
19.9    8.74711771868901    0.945951249467007    0.10814433735651
20    8.84222071817655    0.956163169600381    0.108136089346293
20.1    8.93835035260908    0.966484527293753    0.108127841175037
20.2    9.03551762363529    0.976916486521297    0.108119592835042
20.3    9.13373364991334    0.987460223564706    0.108111344321287
20.4    9.23300966834824    0.998116927145264    0.108103095631635
20.5    9.3333570353424    1.00888779855648    0.10809484676694
20.6    9.43478722805953    1.01977405179703    0.10808659773102
20.7    9.5373118457018    1.03077691370381    0.108078348530499
20.8    9.64094261080029    1.04189762408488    0.108070099174503
20.9    9.74569137051878    1.05313743585237    0.108061849674223
21    9.85157009797077    1.06449761515531    0.10805360004235
21.1    9.95859089354984    1.07597944151267    0.108045350292438
21.2    10.0667659862733    1.08758420794689    0.108037100438203
21.3    10.1761077351392    1.09931322111835    0.108028850492837
21.4    10.286628630497    1.1111678014613    0.10802060046836
21.5    10.3983412954315    1.12314928332178    0.108012350375077
21.6    10.5112584871613    1.13525901509805    0.108004100221175
21.7    10.6253930984511    1.147498359384    0.107995850012483
21.8    10.7407581590381    1.15986869311581    0.107987599752425
21.9    10.8573668370743    1.17237140772207    0.107979349442152
22    10.9752324405825    1.18500790927734    0.107971099080836
22.1    11.0943684189297    1.19777961865895    0.107962848666107
22.2    11.2147883643143    1.21068797170667    0.107954598194568
22.3    11.3365060132711    1.22373441938488    0.10794634766235
22.4    11.4595352481913    1.23692042794667    0.107938097065664
22.5    11.5838900988604    1.25024747909935    0.107929846401283
22.6000000000001    11.7095847440112    1.26371707017093    0.107921595666939
22.7000000000001    11.8366335128946    1.27733071427729    0.107913344861594
22.8000000000001    11.9650508868666    1.2910899404896    0.107905093985581
22.9000000000001    12.0948515009925    1.30499629400216    0.107896843040617
23.0000000000001    12.2260501456671    1.3190513363004    0.107888592029689
23.1000000000001    12.3586617682526    1.33325664532937    0.107880340956842
23.2000000000001    12.4927014747329    1.34761381566293    0.107872089826891
23.3000000000001    12.6281845313852    1.36212445867372    0.107863838645088
23.4000000000001    12.7651263664677    1.37679020270452    0.107855587416759
23.5000000000001    12.9035425719261    1.39161269324103    0.107847336146953
23.6000000000001    13.0434489051159    1.40659359308659    0.107839084840122
23.7000000000001    13.1848612905434    1.42173458253904    0.107830833499837
23.8000000000001    13.3277958216237    1.43703735957002    0.107822582128584
23.9000000000001    13.4722687624574    1.45250364000695    0.107814330727619
24.0000000000001    13.6182965496251    1.46813515771787    0.107806079296921
24.1000000000001    13.765895794001    1.48393366479933    0.107797827835223
24.2000000000001    13.915083282585    1.49990093176741    0.107789576340127
24.3000000000001    14.0658759803544    1.51603874775179    0.107781324808296
24.4000000000001    14.2182910321353    1.53234892069287    0.107773073235704
24.5000000000001    14.372345764493    1.54883327754187    0.107764821617935
24.6000000000001    14.5280576876437    1.56549366446347    0.1077565699505
24.7000000000001    14.6854444973857    1.58233194704092    0.107748318229156
24.8000000000001    14.8445240770519    1.59935001048324    0.107740066450205
24.9000000000001    15.0053144994824    1.61654975983411    0.107731814610742
25.0000000000001    15.1678340290187    1.63393312018212    0.10772356270883
25.1000000000001    15.3321011235188    1.65150203687211    0.107715310743599
25.2000000000001    15.4981344363931    1.66925847571722    0.107707058715237
25.3000000000001    15.6659528186622    1.68720442321172    0.107698806624888
25.4000000000001    15.8355753210355    1.70534188674438    0.10769055447446
25.5000000000001    16.0070211960111    1.72367289481282    0.107682302266355
25.6000000000001    16.180309899998    1.74219949723888    0.107674050003152
25.7000000000001    16.3554610954589    1.76092376538564    0.107665797687267
25.8000000000001    16.5324946530751    1.77984779237644    0.107657545320625
25.9000000000001    16.7114306539342    1.79897369331665    0.107649292904384
26.0000000000001    16.8922893917385    1.81830360551859    0.107641040438715
26.1000000000001    17.0750913750379    1.83783968873011    0.107632787922696
26.2000000000001    17.2598573294845    1.85758412536736    0.107624535354305
26.3000000000001    17.4466082001114    1.87753912075179    0.10761628273052
26.4000000000001    17.6353651536349    1.89770690335159    0.107608030047535
26.5000000000001    17.8261495807817    1.9180897250273    0.107599777301049
26.6000000000001    18.0189830986403    1.93868986128131    0.107591524486618
26.7000000000001    18.2138875530379    1.95950961151074    0.107583271600022
26.8000000000001    18.4108850209425    1.98055129926315    0.10757501863763
26.9000000000001    18.6099978128906    2.00181727249442    0.107566765596707
27.0000000000001    18.8112484754414    2.02330990382819    0.107558512475643
27.1000000000001    19.0146597936562    2.04503159081635    0.107550259274091
27.2000000000001    19.2202547936046    2.06698475620032    0.107542005992974
27.3000000000001    19.4280567448963    2.08917184817281    0.107533752634402
27.4000000000001    19.6380891632392    2.11159534064012    0.107525499201462
27.5000000000001    19.8503758130243    2.13425773348543    0.107517245697942
27.6000000000001    20.0649407099363    2.1571615528332    0.107508992127994
27.7000000000001    20.2818081235909    2.18030935131564    0.107500738495775
27.8000000000001    20.5010025801994    2.20370370834163    0.107492484805111
27.9000000000001    20.7225488652593    2.22734723036911    0.107484231059201
28.0000000000001    20.9464720262732    2.25124255118138    0.107475977260402
28.1000000000001    21.1727973754955    2.27539233216795    0.107467723410105
28.2000000000001    21.4015504927068    2.29979926261032    0.107459469508718
28.3000000000001    21.6327572280176    2.32446605997281    0.107451215555744
28.4000000000001    21.8664437047014    2.34939547019837    0.10744296154995
28.5000000000001    22.1026363220573    2.37459026800911    0.107434707489594
28.6000000000001    22.3413617583032    2.40005325721104    0.107426453372703
28.7000000000001    22.5826469734995    2.42578727100252    0.107418199197338
28.8000000000001    22.8265192125037    2.4517951722857    0.107409944961853
28.9000000000001    23.0730060079566    2.47807985398045    0.107401690665096
29.0000000000001    23.3221351832998    2.50464423934017    0.107393436306538
29.1000000000001    23.5739348558246    2.53149128226924    0.10738518188633
29.2000000000001    23.8284334397536    2.55862396764173    0.10737692740527
29.3000000000001    24.085659649353    2.58604531162163    0.107368672864689
29.4000000000001    24.345642502078    2.61375836198453    0.107360418266285
29.5000000000001    24.6084113217499    2.64176619844149    0.107352163611903
29.6000000000002    24.8739957417663    2.67007193296534    0.107343908903305
29.7000000000002    25.142425708343    2.6986787101203    0.107335654141947
29.8000000000002    25.4137314837903    2.7275897073955    0.107327399328794
29.9000000000002    25.6879436498221    2.75680813554302    0.107319144464182
30.0000000000002    25.9650931108989    2.7863372389211    0.107310889547765
30.1000000000002    26.2452110976063    2.81618029584278    0.107302634578528
30.2000000000002    26.5283291700675    2.84634061893013    0.107294379554885
30.3000000000002    26.8144792213923    2.87682155547403    0.107286124474829
30.4000000000002    27.1036934811623    2.90762648779911    0.107277869336147
30.5000000000002    27.3960045189521    2.93875883363355    0.107269614136636
30.6000000000002    27.691445247889    2.9702220464827    0.107261358874331
30.7000000000002    27.9900489282487    3.00201961600636    0.10725310354769
30.8000000000002    28.2918491710903    3.03415506839866    0.107244848155739
30.9000000000002    28.5968799419284    3.06663196677033    0.107236592698145
31.0000000000002    28.9051755644443    3.09945391153297    0.107228337175213
31.1000000000002    29.216770724235    3.13262454078515    0.107220081587821
31.2000000000002    29.5317004726014    3.16614753070075    0.107211825937291
31.3000000000002    29.8500002303752    3.20002659591976    0.107203570225217
31.4000000000002    30.1717057917853    3.23426548994214    0.107195314453275
31.5000000000002    30.4968533283636    3.26886800552548    0.107187058623037
31.6000000000002    30.8254793928904    3.30383797508718    0.107178802735804
31.7000000000002    31.157620923381    3.33917927111174    0.107170546792486
31.8000000000002    31.4933152471128    3.37489580656373    0.10716229079354
31.9000000000002    31.8326000846938    3.4109915353068    0.107154034738963
32.0000000000002    32.1755135541741    3.44747045252895    0.107145778628348
32.1000000000002    32.5220941751996    3.48433659517376    0.107137522460986
32.2000000000002    32.8723808732089    3.52159404237739    0.107129266236006
32.3000000000002    33.226412983675    3.55924691591077    0.107121009952519
32.4000000000002    33.584230256391    3.59729938062638    0.107112753609764
32.5000000000002    33.9458728598003    3.6357556449091    0.107104497207219
32.6000000000002    34.3113813853728    3.67461996113039    0.107096240744679
32.7000000000002    34.6807968520264    3.71389662610582    0.107087984222278
32.8000000000002    35.054160710594    3.75358998155546    0.107079727640464
32.9000000000002    35.4315148483375    3.79370441456751    0.107071470999934
33.0000000000002    35.8129015935075    3.83424435806532    0.107063214301531
33.1000000000002    36.1983637199505    3.87521429127841    0.107054957546123
33.2000000000002    36.5879444517632    3.91661874021784    0.107046700734485
33.3000000000002    36.9816874679941    3.9584622781569    0.107038443867191
33.4000000000002    37.3796369073946    4.00074952611739    0.107030186944538
33.5000000000002    37.7818373732176    4.04348515336221    0.107021929966501
33.6000000000002    38.188333938067    4.08667387789438    0.107013672932735
33.7000000000002    38.5991721487965    4.13032046696285    0.10700541584262
33.8000000000002    39.0143980314596    4.17442973757498    0.106997158695333
33.9000000000002    39.4340580963115    4.21900655701536    0.106988901489953
34.0000000000002    39.8581993428626    4.26405584337067    0.106980644225571
34.1000000000002    40.2868692649856    4.30958256606005    0.106972386901397
34.2000000000002    40.7201158560747    4.35559174637043    0.106964129516853
34.3000000000002    41.1579876142597    4.40208845799641    0.106955872071628
34.4000000000002    41.6005335476739    4.44907782758424    0.106947614565703
34.5000000000002    42.0478031797765    4.49656503527997    0.106939356999337
34.6000000000002    42.4998465547299    4.54455531528158    0.106931099373012
34.7000000000002    42.9567142428328    4.59305395639557    0.10692284168736
34.8000000000002    43.418457346009    4.64206630259841    0.106914583943068
34.9000000000002    43.8851275033525    4.69159775360346    0.106906326140788
35.0000000000002    44.3567768967297    4.74165376543396    0.106898068281051
35.1000000000002    44.8334582564393    4.79223985100258    0.106889810364211
35.2000000000002    45.3152248669302    4.84336158069821    0.106881552390414
35.3000000000002    45.802130572579    4.89502458298007    0.1068732943596
35.4000000000002    46.2942297835263    4.94723454497938    0.106865036271537
35.5000000000002    46.7915774815748    4.99999721310832    0.106856778125875
35.6000000000002    47.2942292261479    5.05331839367613    0.106848519922221
35.7000000000002    47.8022411603101    5.10720395351184    0.106840261660207
35.8000000000002    48.3156700168503    5.16165982059315    0.106832003339558
35.9000000000002    48.8345731244287    5.21669198468111    0.106823744960137
36.0000000000002    49.3590084137865    5.27230649796027    0.106815486521963
36.1000000000002    49.8890344240207    5.32850947568409    0.106807228025213
36.2000000000002    50.4247103089233    5.38530709682582    0.106798969470189
36.3000000000002    50.9660958433859    5.44270560473485    0.106790710857268
36.4000000000002    51.5132514298703    5.50071130779919    0.106782452186848
36.5000000000002    52.0662381049457    5.55933058011444    0.106774193459281
36.6000000000003    52.6251175458932    5.61856986215976    0.106765934674824
36.7000000000003    53.1899520773777    5.67843566148141    0.1067576758336
36.8000000000003    53.7608046781895    5.73893455338431    0.10674941693558
36.9000000000003    54.3377389880545    5.80007318163185    0.106741157980587
37.0000000000003    54.9208193145158    5.86185825915411    0.10673289896833
37.1000000000003    55.5101106398854    5.92429656876421    0.106724639898438
37.2000000000003    56.1056786282687    5.98739496388285    0.106716380770522
37.3000000000003    56.7075896326619    6.05116036927043    0.106708121584225
37.4000000000003    57.3159107021228    6.11559978176653    0.106699862339272
37.5000000000003    57.9307095890152    6.18072027103629    0.106691603035504
37.6000000000003    58.55205475633    6.24652898032358    0.106683343672893
37.7000000000003    59.18001538508    6.31303312721061    0.106675084251536
37.8000000000003    59.8146613817721    6.38024000438439    0.106666824771639
37.9000000000003    60.4560633859568    6.44815698040998    0.106658565233472
38.0000000000003    61.1042927778541    6.51679150051103    0.10665030563733
38.1000000000003    61.759421686059    6.58615108735817    0.106642045983485
38.2000000000003    62.4215229953258    6.65624334186574    0.106633786272151
38.3000000000003    63.0906703544322    6.72707594399717    0.106625526503454
38.4000000000003    63.7669381841252    6.79865665357958    0.106617266677422
38.5000000000003    64.4504016851481    6.87099331112774    0.106609006793996
38.6000000000003    65.1411368463508    6.9440938386774    0.106600746853045
38.7000000000003    65.8392204528836    7.01796624062793    0.1065924868544
38.8000000000003    66.5447300944763    7.09261860459398    0.106584226797889
38.9000000000003    67.2577441738024    7.16805910226593    0.106575966683372
39.0000000000003    67.9783419149295    7.24429599027874    0.106567706510766
39.1000000000003    68.7066033718581    7.32133761108909    0.106559446280063
39.2000000000003    69.4426094371474    7.39919239386055    0.106551185991327
39.3000000000003    70.1864418506302    7.47786885535683    0.106542925644687
39.4000000000003    70.9381832082187    7.55737560084354    0.106534665240313
39.5000000000003    71.697916970799    7.6377213249984    0.106526404778385
39.6000000000003    72.4657274732184    7.7189148128306    0.106518144259068
39.7000000000003    73.2416999333651    7.80096494060975    0.106509883682479
39.8000000000003    74.0259204613403    7.88388067680471    0.106501623048673
39.9000000000003    74.818476068726    7.96767108303275    0.106493362357633
40.0000000000003    75.6194546779469    8.05234531501936    0.106485101609278
40.1000000000003    76.4289451317299    8.13791262356857    0.106476840803473
40.2000000000003    77.2470372026606    8.22438235554399    0.106468579940057
40.3000000000003    78.0738216028386    8.31176395486015    0.106460319018865
40.4000000000003    78.9093899936326    8.40006696348408    0.106452058039758
40.5000000000003    79.7538349955355    8.48930102244699    0.106443797002642
40.6000000000003    80.607250198122    8.57947587286542    0.10643553590748
40.7000000000003    81.4697301701085    8.67060135697236    0.106427274754294
40.8000000000003    82.3413704695165    8.762687419158    0.106419013543162
40.9000000000003    83.2222676539402    8.85574410702026    0.106410752274196
41.0000000000003    84.1125192909205    8.94978157242574    0.106402490947526
41.1000000000003    85.0122239684253    9.04481007258121    0.106394229563275
41.2000000000003    85.9214813054368    9.14083997111598    0.106385968121543
41.3000000000003    86.8403919626485    9.23788173917597    0.10637770662239
41.4000000000003    87.769057653272    9.33594595652939    0.10636944506583
41.5000000000003    88.7075811539544    9.43504331268447    0.106361183451837
41.6000000000003    89.6560663158088    9.53518460801928    0.106352921780352
41.7000000000003    90.6146180755582    9.63638075492354    0.106344660051299
41.8000000000003    91.5833424667936    9.73864277895255    0.106336398264604
41.9000000000003    92.5623466313487    9.8419818199927    0.106328136420209
42.0000000000003    93.5517388307921    9.94640913343865    0.106319874518087
42.1000000000003    94.5516284580365    10.051936091382    0.106311612558246
42.2000000000003    95.5621260490685    10.1585741838114    0.106303350540728
42.3000000000003    96.5833432947987    10.2663350198243    0.106295088465603
42.4000000000003    97.6153930530334    10.3752303288507    0.106286826332953
42.5000000000003    98.6583893605689    10.4852719618886    0.106278564142861
42.6000000000003    99.7124474454111    10.5964718927525    0.106270301895395
42.7000000000003    100.777683739119    10.7088422193346    0.106262039590593
42.8000000000003    101.854215889278    10.8223951648794    0.106253777228466
42.9000000000003    102.942162772095    10.9371430792718    0.106245514808987
43.0000000000003    104.041644505132    11.0530984403389    0.106237252332105
43.1000000000003    105.152782460163    11.1702738551659    0.106228989797752
43.2000000000003    106.275699276166    11.2886820614253    0.106220727205857
43.3000000000003    107.410518872448    11.4083359287199    0.106212464556358
43.4000000000003    108.55736646191    11.5292484599395    0.106204201849212
43.5000000000003    109.716368564436    11.6514327926309    0.106195939084405
43.6000000000003    110.887653020436    11.7749022003813    0.106187676261949
43.7000000000004    112.071349004512    11.8996700942153    0.106179413381882
43.8000000000004    113.267587039279    12.0257500240053    0.106171150444257
43.9000000000004    114.476499009313    12.1531556798968    0.106162887449136
44.0000000000004    115.698218175258    12.2819008937474    0.106154624396574
44.1000000000004    116.932879188063    12.4119996405799    0.106146361286613
44.2000000000004    118.180618103374    12.5434660400526    0.106138098119276
44.3000000000004    119.441572396073    12.6763143579425    0.106129834894565
44.4000000000004    120.715880974963    12.810559007646    0.106121571612463
44.5000000000004    122.003684197602    12.9462145516947    0.10611330827294
44.6000000000004    123.305123885302    13.0832957032863    0.106105044875965
44.7000000000004    124.62034333826    13.2218173278324    0.106096781421506
44.8000000000004    125.949487350868    13.361794444521    0.106088517909548
44.9000000000004    127.292702227164    13.5032422278948    0.106080254340089
45.0000000000004    128.650135796447    13.6461760094456    0.106071990713145
45.1000000000004    130.021937429053    13.7906112792239    0.106063727028747
45.2000000000004    131.408258052292    13.9365636874648    0.106055463286934
45.3000000000004    132.809250166546    14.08404904623    0.106047199487748
45.4000000000004    134.225067861538    14.2330833310663    0.106038935631224
45.5000000000004    135.655866832759    14.3836826826817    0.106030671717386
45.6000000000004    137.101804398074    14.535863408638    0.106022407746241
45.7000000000004    138.563039514487    14.6896419850616    0.106014143717783
45.8000000000004    140.039732795086    14.845035058372    0.10600587963199
45.9000000000004    141.532046526161    15.0020594470279    0.105997615488834
46.0000000000004    143.040144684492    15.1607321432917    0.105989351288285
46.1000000000004    144.56419295482    15.3210703150122    0.105981087030316
46.2000000000004    146.104358747494    15.4830913074241    0.105972822714912
46.3000000000004    147.660811216304    15.6468126449675    0.10596455834207
46.4000000000004    149.233721276488    15.8122520331233    0.105956293911801
46.5000000000004    150.823261622929    15.9794273602687    0.105948029424126
46.6000000000004    152.429606748542    16.1483566995502    0.105939764879074
46.7000000000004    154.052932962839    16.3190583107755    0.105931500276674
46.8000000000004    155.693418410697    16.4915506423251    0.105923235616953
46.9000000000004    157.351243091304    16.6658523330832    0.10591497089993
47.0000000000004    159.026588877313    16.841982214388    0.105906706125611
47.1000000000004    160.719639534182    17.0199593120029    0.105898441293997
47.2000000000004    162.430580739714    17.1998028481074    0.105890176405077
47.3000000000004    164.159600103803    17.3815322433094    0.105881911458839
47.4000000000004    165.906887188376    17.5651671186766    0.105873646455271
47.5000000000004    167.672633527539    17.7507272977903    0.105865381394364
47.6000000000004    169.457032647934    17.9382328088181    0.105857116276117
47.7000000000004    171.260280089302    18.1277038866091    0.105848851100539
47.8000000000004    173.082573425256    18.3191609748086    0.105840585867644
47.9000000000004    174.924112284264    18.5126247279948    0.105832320577454
48.0000000000004    176.785098370855    18.7081160138364    0.105824055229989
48.1000000000004    178.665735487031    18.905655915273    0.10581578982527
48.2000000000004    180.566229553909    19.1052657327165    0.105807524363311
48.3000000000004    182.486788633574    19.3069669862757    0.10579925884412
48.4000000000004    184.427622951164    19.5107814180035    0.105790993267694
48.5000000000004    186.388944917175    19.7167309941674    0.105782727634028
48.6000000000004    188.370969149998    19.9248379075431    0.105774461943109
48.7000000000004    190.373912498684    20.1351245797316    0.105766196194927
48.8000000000004    192.397994065944    20.3476136634998    0.10575793038947
48.9000000000004    194.443435231384    20.562328045145    0.105749664526736
49.0000000000004    196.510459674973    20.7792908468823    0.105741398606726
49.1000000000004    198.59929340076    20.9985254292575    0.105733132629449
49.2000000000004    200.710164760825    21.2200553935824    0.105724866594919
49.3000000000004    202.843304479477    21.4439045843959    0.105716600503151
49.4000000000004    204.998945677704    21.6700970919495    0.105708334354162
49.5000000000004    207.177323897867    21.8986572547177    0.105700068147966
49.6000000000004    209.378677128647    22.1296096619347    0.105691801884572
49.7000000000004    211.603245830253    22.3629791561559    0.105683535563983
49.8000000000004    213.851272959878    22.5987908358469    0.105675269186201
49.9000000000004    216.123003997423    22.8370700579978    0.105667002751221
50.0000000000004    218.418686971478    23.0778424407653    0.105658736259041
50.1000000000004    220.738572485576    23.3211338661402    0.105650469709657
50.2000000000004    223.082913744706    23.566970482643    0.105642203103071
50.3000000000004    225.451966582104    23.8153787080461    0.105633936439286
50.4000000000004    227.845989486315    24.0663852321238    0.105625669718313
50.5000000000004    230.265243628529    24.3200170194291    0.105617402940163
50.6000000000004    232.709992890201    24.5763013120994    0.105609136104848
50.7000000000005    235.180503890949    24.83526563269    0.105600869212381
50.8000000000005    237.677046016739    25.0969377870362    0.105592602262773
50.9000000000005    240.199891448356    25.3613458671451    0.105584335256029
51.0000000000005    242.749315190168    25.6285182541157    0.105576068192153
51.1000000000005    245.325595099179    25.8984836210902    0.105567801071144
51.2000000000005    247.929011914386    26.1712709362343    0.105559533892999
51.3000000000005    250.559849286426    26.4469094657481    0.105551266657714
51.4000000000005    253.218393807536    26.7254287769079    0.105542999365287
51.5000000000005    255.904935041808    27.0068587411375    0.10553473201572
51.6000000000005    258.619765555763    27.2912295371121    0.105526464609015
51.7000000000005    261.36318094923    27.5785716538923    0.10551819714518
51.8000000000005    264.135479886542    27.8689158940895    0.105509929624224
51.9000000000005    266.936964128048    28.1622933770642    0.105501662046156
52.0000000000005    269.767938561955    28.4587355421553    0.105493394410988
52.1000000000005    272.628711236479    28.7582741519434    0.105485126718728
52.2000000000005    275.519593392343    29.0609412955456    0.105476858969382
52.3000000000005    278.440899495588    29.3667693919454    0.105468591162954
52.4000000000005    281.392947270732    29.6757911933556    0.105460323299447
52.5000000000005    284.37605773426    29.9880397886152    0.105452055378861
52.6000000000005    287.390555228455    30.3035486066212    0.105443787401197
52.7000000000005    290.436767455584    30.6223514197945    0.105435519366457
52.8000000000005    293.515025512414    30.9444823475814    0.105427251274646
52.9000000000005    296.6256639251    31.2699758599899    0.105418983125768
53.0000000000005    299.769020684412    31.5988667811618    0.105410714919832
53.1000000000005    302.945437281332    31.9311902929806    0.105402446656846
53.2000000000005    306.155258743008    32.2669819387158    0.10539417833682
53.3000000000005    309.398833669076    32.6062776267041    0.105385909959761
53.4000000000005    312.676514268349    32.9491136340678    0.105377641525675
53.5000000000005    315.988656395889    33.2955266104705    0.105369373034568
53.6000000000005    319.335619590443    33.6455535819116    0.105361104486443
53.7000000000005    322.717767112271    33.9992319545584    0.105352835881299
53.8000000000005    326.135465981355    34.3565995186181    0.105344567219139
53.9000000000005    329.589087015995    34.7176944522474    0.105336298499964
54.0000000000005    333.079004871804    35.082555325503    0.105328029723776
54.1000000000005    336.605598081096    35.4512211043311    0.105319760890578
54.2000000000005    340.169249092671    35.8237311545974    0.105311492000378
54.3000000000005    343.770344312015    36.2001252461572    0.105303223053182
54.4000000000005    347.409274141902    36.5804435569668    0.105294954048997
54.5000000000005    351.086433023408    36.9647266772367    0.105286684987831
54.6000000000005    354.802219477349    37.3530156136257    0.105278415869691
54.7000000000005    358.557036146134    37.7453517934782    0.105270146694582
54.8000000000005    362.351289836045    38.1417770691044    0.10526187746251
54.9000000000005    366.185391559954    38.5423337221031    0.105253608173478
55.0000000000005    370.059756580466    38.9470644677291    0.105245338827489
55.1000000000005    373.9748044535    39.3560124593039    0.105237069424546
55.2000000000005    377.930959072326    39.769221292671    0.105228799964652
55.3000000000005    381.928648712035    40.1867350106967    0.105220530447813
55.4000000000005    385.968306074466    40.6085981078159    0.105212260874034
55.5000000000005    390.050368333598    41.0348555346227    0.105203991243323
55.6000000000005    394.17527718139    41.4655527025087    0.105195721555685
55.7000000000005    398.343478874099    41.9007354883468    0.105187451811129
55.8000000000005    402.55542427906    42.3404502392231    0.10517918200966
55.9000000000005    406.811568921944    42.7847437772157    0.105170912151284
56.0000000000005    411.112373034503    43.2336634042223    0.105162642236005
56.1000000000005    415.458301602789    43.6872569068368    0.105154372263827
56.2000000000005    419.84982441587    44.145572561274    0.105146102234753
56.3000000000005    424.287416115043    44.6086591383456    0.105137832148786
56.4000000000005    428.771556243539    45.0765659084844    0.10512956200593
56.5000000000005    433.30272929674    45.5493426468209    0.105121291806189
56.6000000000005    437.881424772903    46.0270396383098    0.105113021549568
56.7000000000005    442.508137224402    46.5097076829087    0.105104751236073
56.8000000000005    447.183366309485    46.9973981008083    0.105096480865709
56.9000000000005    451.907616844564    47.4901627377155    0.105088210438484
57.0000000000005    456.681398857028    47.9880539701898    0.105079939954404
57.1000000000005    461.505227638602    48.4911247110334    0.105071669413474
57.2000000000005    466.379623799235    48.9994284147352    0.1050633988157
57.3000000000005    471.305113321549    49.5130190829705    0.105055128161086
57.4000000000005    476.282227615829    50.0319512701552    0.105046857449636
57.5000000000005    481.31150357558    50.5562800890568    0.105038586681355
57.6000000000005    486.39348363364    51.0860612164614    0.105030315856247
57.7000000000005    491.528715818872    51.6213508988976    0.105022044974316
57.8000000000006    496.71775381342    52.1622059584181    0.10501377403557
57.9000000000006    501.961157010556    52.7086837984399    0.105005503040012
58.0000000000006    507.259490573108    53.2608424096418    0.10499723198765
58.1000000000006    512.613325492484    53.8187403759231    0.10498896087849
58.2000000000006    518.023238648293    54.3824368804201    0.104980689712537
58.3000000000006    523.489812868568    54.9519917115852    0.104972418489798
58.4000000000006    529.01363699061    55.5274652693259    0.104964147210276
58.5000000000006    534.595305922433    56.1089185712058    0.104955875873977
58.6000000000006    540.235420704851    56.6964132587078    0.104947604480905
58.7000000000006    545.934588574175    57.2900116035615    0.104939333031063
58.8000000000006    551.693423025563    57.8897765141329    0.104931061524456
58.9000000000006    557.512543877001    58.4957715418788    0.104922789961089
59.0000000000006    563.392577333939    59.1080608878659    0.104914518340966
59.1000000000006    569.334156054575    59.7267094093557    0.104906246664095
59.2000000000006    575.33791921581    60.3517826264548    0.10489797493048
59.3000000000006    581.404512579866    60.9833467288329    0.104889703140128
59.4000000000006    587.534588561576    61.6214685825076    0.104881431293043
59.5000000000006    593.728806296367    62.2662157366977    0.104873159389233
59.6000000000006    599.987831708916    62.9176564307455    0.1048648874287
59.7000000000006    606.312337582516    63.5758596011082    0.104856615411452
59.8000000000006    612.703003629138    64.2408948884202    0.104848343337492
59.9000000000006    619.1605165602    64.9128326446256    0.104840071206825
60.0000000000006    625.685570158063    65.5917439401836    0.104831799019456
60.1000000000006    632.278865348237    66.2777005713444    0.10482352677539
60.2000000000006    638.941110272332    66.9707750674998    0.104815254474634
60.3000000000006    645.673020361737    67.6710406986064    0.104806982117193
60.4000000000006    652.475318412053    68.3785714826843    0.104798709703072
60.5000000000006    659.348734658274    69.0934421933896    0.104790437232278
60.6000000000006    666.294006850731    69.8157283676645    0.104782164704815
60.7000000000006    673.311880331806    70.5455063134634    0.10477389212069
60.8000000000006    680.403108113423    71.2828531175565    0.104765619479906
60.9000000000006    687.568450955318    72.0278466534118    0.10475734678247
61.0000000000006    694.808677444106    72.7805655891568    0.104749074028385
61.1000000000006    702.124564073149    73.5410893956192    0.104740801217656
61.2000000000006    709.51689532323    74.309498354449    0.104732528350289
61.3000000000006    716.986463744039    75.0858735663217    0.104724255426288
61.4000000000006    724.534070036494    75.8702969592235    0.104715982445659
61.5000000000006    732.160523135884    76.66285129682    0.104707709408408
61.6000000000006    739.866640295858    77.4636201869088    0.10469943631454
61.7000000000006    747.653247173265    78.2726880899563    0.104691163164061
61.8000000000006    755.521177913849    79.0901403277204    0.104682889956976
61.9000000000006    763.471275238809    79.9160630919603    0.104674616693291
62.0000000000006    771.504390532241    80.7505434532326    0.10466634337301
62.1000000000006    779.621383929456    81.5936693697762    0.10465806999614
62.2000000000006    787.823124406196    82.4455296964863    0.104649796562684
62.3000000000006    796.110489868753    83.3062141939782    0.104641523072648
62.4000000000006    804.484367244992    84.1758135377418    0.104633249526038
62.5000000000006    812.945652576302    85.054419327388    0.104624975922858
62.6000000000006    821.49525111047    85.9421240959875    0.104616702263116
62.7000000000006    830.134077395499    86.8390213195036    0.104608428546815
62.8000000000006    838.86305537437    87.7452054263186    0.104600154773963
62.9000000000006    847.683118480763    88.6607718068563    0.104591880944564
63.0000000000006    856.595209735742    89.5858168233014    0.104583607058623
63.1000000000006    865.600281845423    90.5204378194148    0.104575333116146
63.2000000000006    874.699297299625    91.4647331304485    0.104567059117138
63.3000000000006    883.893228471513    92.4188020931594    0.104558785061603
63.4000000000006    893.183057718256    93.3827450559231    0.104550510949548
63.5000000000006    902.569777482697    94.3566633889493    0.104542236780976
63.6000000000006    912.054390396046    95.3406594945995    0.104533962555894
63.7000000000006    921.637909381617    96.3348368178074    0.104525688274308
63.8000000000006    931.321357759608    97.3392998566041    0.104517413936221
63.9000000000006    941.105769352938    98.3541541727487    0.10450913954164
64.0000000000006    950.992188594157    99.3795064024647    0.104500865090571
64.1000000000006    960.981670633431    100.415464267284    0.104492590583018
64.2000000000006    971.075281447614    101.462136585001    0.104484316018988
64.3000000000006    981.274097950431    102.519633280731    0.104476041398486
64.4000000000006    991.57920810376    103.588065398089    0.104467766721516
64.5000000000006    1001.99171103005    104.66754511047    0.104459491988084
64.6000000000006    1012.51271712585    105.758185732448    0.104451217198196
64.7000000000006    1023.14334817654    106.860101731287    0.104442942351856
64.8000000000006    1033.88473747211    107.97340873857    0.104434667449071
64.9000000000006    1044.73802992425    109.098223561938    0.104426392489846
65.0000000000006    1055.7043821845    110.234664196954    0.104418117474186
65.1000000000006    1066.78496276364    111.382849839079    0.104409842402097
65.2000000000006    1077.98095215232    112.542900895774    0.104401567273585
65.3000000000006    1089.2935429428    113.714938998713    0.104393292088655
65.4000000000006    1100.72393995206    114.899087016134    0.104385016847311
65.5000000000006    1112.27336034602    116.095469065298    0.10437674154956
65.6000000000005    1123.94303376512    117.304210525076    0.104368466195406
65.7000000000005    1135.73420245104    118.525438048675    0.104360190784854
65.8000000000005    1147.64812137485    119.759279576468    0.104351915317911
65.9000000000005    1159.68605836633    121.005864348974    0.104343639794581
66.0000000000005    1171.84929424465    122.265322919954    0.10433536421487
66.1000000000005    1184.13912295032    123.537787169642    0.104327088578784
66.2000000000005    1196.55685167858    124.82339031811    0.104318812886327
66.3000000000005    1209.10380101395    126.122266938764    0.104310537137506
66.4000000000005    1221.78130506633    127.434552971978    0.104302261332325
66.5000000000005    1234.59071160834    128.760385738854    0.104293985470791
66.6000000000005    1247.5333822141    130.099903955137    0.104285709552908
66.7000000000005    1260.61069239937    131.453247745252    0.104277433578682
66.8000000000005    1273.82403176315    132.820558656491    0.104269157548118
66.9000000000005    1287.17480413067    134.20197967334    0.104260881461223
67.0000000000005    1300.66442769782    135.597655231943    0.104252605318
67.1000000000005    1314.29433517706    137.007731234719    0.104244329118456
67.2000000000005    1328.06597394476    138.432355065122    0.104236052862597
67.3000000000005    1341.98080619008    139.871675602542    0.104227776550427
67.4000000000004    1356.04030906527    141.325843237364    0.104219500181953
67.5000000000004    1370.24597483755    142.79500988617    0.104211223757179
67.6000000000004    1384.5993110425    144.279329007101    0.104202947276111
67.7000000000004    1399.10184063897    145.778955615363    0.104194670738754
67.8000000000004    1413.75510216558    147.294046298889    0.104186394145114
67.9000000000004    1428.56064989875    148.824759234165    0.104178117495196
68.0000000000004    1443.52005401241    150.371254202208    0.104169840789005
68.1000000000004    1458.63490073919    151.933692604702    0.104161564026547
68.2000000000004    1473.90679253335    153.512237480294    0.104153287207828
68.3000000000004    1489.33734823525    155.107053521062    0.104145010332852
68.4000000000004    1504.92820323756    156.718307089137    0.104136733401625
68.5000000000004    1520.68100965308    158.346166233492    0.104128456414153
68.6000000000004    1536.59743648426    159.990800706903    0.104120179370442
68.7000000000004    1552.67916979446    161.652381983076    0.104111902270496
68.8000000000004    1568.92791288088    163.331083273945    0.104103625114321
68.9000000000004    1585.34538644925    165.027079547142    0.104095347901922
69.0000000000004    1601.9333287903    166.740547543643    0.104087070633306
69.1000000000003    1618.69349595798    168.471665795586    0.104078793308477
69.2000000000003    1635.62766194942    170.220614644269    0.10407051592744
69.3000000000003    1652.73761888683    171.987576258331    0.104062238490202
69.4000000000003    1670.02517720109    173.772734652103    0.104053960996768
69.5000000000003    1687.49216581725    175.576275704156    0.104045683447144
69.6000000000003    1705.14043234192    177.398387176023    0.104037405841333
69.7000000000003    1722.97184325246    179.23925873111    0.104029128179344
69.8000000000003    1740.98828408814    181.099081953798    0.10402085046118
69.9000000000003    1759.19165964322    182.978050368734    0.104012572686846
70.0000000000003    1777.58389416189    184.876359460311    0.10400429485635
70.1000000000003    1796.16693153528    186.794206692347    0.103996016969695
70.2000000000003    1814.94273550036    188.731791527956    0.103987739026887
70.3000000000003    1833.91328984087    190.689315449616    0.103979461027932
70.4000000000003    1853.08059859028    192.666981979442    0.103971182972836
70.5000000000003    1872.44668623676    194.664996699655    0.103962904861603
70.6000000000003    1892.01359793021    196.683567273259    0.103954626694239
70.7000000000003    1911.78339969141    198.722903464918    0.10394634847075
70.8000000000003    1931.7581786232    200.783217162048    0.103938070191141
70.9000000000002    1951.94004312382    202.864722396113    0.103929791855417
71.0000000000002    1972.33112310242    204.967635364135    0.103921513463585
71.1000000000002    1992.93357019665    207.092174450421    0.103913235015649
71.2000000000002    2013.7495579925    209.238560248496    0.103904956511615
71.3000000000002    2034.78128224635    211.407015583267    0.103896677951489
71.4000000000002    2056.03096110916    213.5977655334    0.103888399335276
71.5000000000002    2077.50083535303    215.811037453918    0.103880120662982
71.6000000000002    2099.19316859994    218.047060999028    0.103871841934611
71.7000000000002    2121.11024755283    220.306068145176    0.10386356315017
71.8000000000002    2143.25438222897    222.588293214322    0.103855284309663
71.9000000000002    2165.6279061957    224.893972897459    0.103847005413097
72.0000000000002    2188.23317680847    227.223346278355    0.103838726460477
72.1000000000002    2211.07257545137    229.576654857536    0.103830447451808
72.2000000000002    2234.14850777997    231.95414257651    0.103822168387095
72.3000000000002    2257.46340396667    234.356055842222    0.103813889266345
72.4000000000002    2281.01971894842    236.782643551762    0.103805610089562
72.5000000000002    2304.81993267702    239.234157117315    0.103797330856752
72.6000000000002    2328.86655037188    241.710850491354    0.103789051567921
72.7000000000001    2353.16210277529    244.212980192094    0.103780772223075
72.8000000000001    2377.7091464103    246.740805329183    0.103772492822217
72.9000000000001    2402.51026384113    249.294587629666    0.103764213365355
73.0000000000001    2427.56806393623    251.874591464192    0.103755933852493
73.1000000000001    2452.88518213397    254.48108387349    0.103747654283637
73.2000000000001    2478.46428071093    257.114334595106    0.103739374658792
73.3000000000001    2504.30804905299    259.774616090397    0.103731094977965
73.4000000000001    2530.41920392901    262.462203571811    0.10372281524116
73.5000000000001    2556.80048976735    265.177375030419    0.103714535448383
73.6000000000001    2583.45467893509    267.920411263727    0.103706255599639
73.7000000000001    2610.3845720201    270.691595903772    0.103697975694935
73.8000000000001    2637.59299811585    273.491215445485    0.103689695734275
73.9000000000001    2665.08281510919    276.319559275339    0.103681415717664
74.0000000000001    2692.85690997092    279.176919700285    0.103673135645109
74.1000000000001    2720.91819904925    282.06359197697    0.103664855516615
74.2000000000001    2749.26962836631    284.979874341248    0.103656575332188
74.3000000000001    2777.9141739175    287.926068037983    0.103648295091832
74.4    2806.85484197391    290.902477351145    0.103640014795553
74.5    2836.09466938773    293.90940963421    0.103631734443357
74.6    2865.63672390075    296.947175340852    0.103623454035249
74.7    2895.4841044559    300.016088055951    0.103615173571235
74.8    2925.63994151194    303.1164645269    0.103606893051321
74.9    2956.10739736128    306.248624695221    0.103598612475511
75    2986.88966645098    309.412891728507    0.103590331843811
75.1    3017.98997570698    312.609592052661    0.103582051156227
75.2    3049.41158486152    315.839055384471    0.103573770412764
75.3    3081.15778678387    319.101614764499    0.103565489613428
75.4    3113.23190781442    322.397606590302    0.103557208758224
75.5    3145.63730810193    325.727370649975    0.103548927847158
75.6    3178.37738194441    329.091250156031    0.103540646880235
75.7    3211.45555813314    332.489591779614    0.10353236585746
75.8    3244.87530030033    335.922745685055    0.10352408477884
75.9    3278.64010727015    339.391065564764    0.103515803644379
76    3312.75351341329    342.894908674471    0.103507522454084
76.1    3347.21908900505    346.434635868819    0.103499241207959
76.1999999999999    3382.04044058705    350.0106116373    0.10349095990601
76.2999999999999    3417.22121133251    353.623204140561    0.103482678548243
76.3999999999999    3452.76508141516    357.272785247052    0.103474397134664
76.4999999999999    3488.67576838192    360.95973057005    0.103466115665276
76.5999999999999    3524.95702752917    364.684419505048    0.103457834140087
76.6999999999999    3561.61265228293    368.447235267504    0.103449552559102
76.7999999999999    3598.64647458267    372.248564930977    0.103441270922325
76.8999999999999    3636.06236526912    376.088799465628    0.103432989229763
76.9999999999999    3673.8642344758    379.968333777115    0.103424707481421
77.0999999999999    3712.05603202454    383.887566745859    0.103416425677305
77.1999999999999    3750.64174782497    387.846901266705    0.10340814381742
77.2999999999999    3789.62541227789    391.846744288978    0.103399861901772
77.3999999999999    3829.01109668277    395.887506856932    0.103391579930365
77.4999999999999    3868.80291364927    399.969604150596    0.103383297903207
77.5999999999999    3909.00501751288    404.09345552703    0.103375015820301
77.6999999999999    3949.62160475468    408.259484561985    0.103366733681654
77.7999999999999    3990.65691442528    412.46811909197    0.103358451487272
77.8999999999998    4032.11522857307    416.71979125675    0.103350169237158
77.9999999999998    4074.00087267663    421.014937542248    0.10334188693132
78.0999999999998    4116.31821608152    425.353998823879    0.103333604569763
78.1999999999998    4159.07167244141    429.737420410309    0.103325322152491
78.2999999999998    4202.26570016358    434.165652087652    0.103317039679512
78.3999999999998    4245.90480285894    438.639148164093    0.103308757150829
78.4999999999998    4289.9935297964    443.158367514965    0.103300474566449
78.5999999999998    4334.53647636193    447.72377362826    0.103292191926377
78.6999999999998    4379.53828452205    452.335834650598    0.103283909230619
78.7999999999998    4425.00364329205    456.995023433642    0.10327562647918
78.8999999999998    4470.93728920878    461.701817580978    0.103267343672066
78.9999999999998    4517.34400680825    466.456699495458    0.103259060809282
79.0999999999998    4564.22862910787    471.260156427    0.103250777890833
79.1999999999998    4611.59603809365    476.112680520876    0.103242494916726
79.2999999999998    4659.45116521205    481.014768866468    0.103234211886965
79.3999999999998    4707.79899186694    485.966923546497    0.103225928801557
79.4999999999998    4756.64454992135    490.969651686759    0.103217645660506
79.5999999999998    4805.99292220429    496.023465506329    0.103209362463819
79.6999999999997    4855.84924302261    501.128882368278    0.1032010792115
79.7999999999997    4906.21869867795    506.28642483088    0.103192795903555
79.8999999999997    4957.10652798879    511.496620699328    0.10318451253999
79.9999999999997    5008.51802281781    516.760003077961    0.103176229120811
80.0999999999997    5060.45852860438    522.077110423004    0.103167945646022
80.1999999999997    5112.93344490241    527.448486595832    0.103159662115629
80.2999999999997    5165.94822592355    532.874680916752    0.103151378529638
80.3999999999997    5219.50838108576    538.356248219323    0.103143094888054
80.4999999999997    5273.61947556741    543.89374890521    0.103134811190883
80.5999999999997    5328.28713086681    549.487748999574    0.103126527438131
80.6999999999997    5383.51702536733    555.138820207014    0.103118243629802
80.7999999999997    5439.31489490821    560.847539968059    0.103109959765902
80.8999999999997    5495.68653336094    566.614491516212    0.103101675846438
80.9999999999997    5552.63779321145    572.440263935567    0.103093391871413
81.0999999999997    5610.17458614805    578.325452218982    0.103085107840835
81.1999999999997    5668.30288365525    584.270657326833    0.103076823754708
81.2999999999997    5727.02871761342    590.276486246341    0.103068539613037
81.3999999999997    5786.35818090452    596.343552051494    0.103060255415829
81.4999999999996    5846.29742802372    602.472473963545    0.10305197116309
81.5999999999996    5906.85267569723    608.663877412119    0.103043686854823
81.6999999999996    5968.03020350614    614.918394096912    0.103035402491036
81.7999999999996    6029.83635451661    621.236662050008    0.103027118071732
81.8999999999996    6092.27753591615    627.619325698795    0.103018833596919
81.9999999999996    6155.36021965637    634.067035929519    0.103010549066601
82.0999999999996    6219.09094310205    640.58045015145    0.103002264480785
82.1999999999996    6283.47630968666    647.160232361682    0.102993979839474
82.2999999999996    6348.52298957439    653.80705321058    0.102985695142676
82.3999999999996    6414.23772032877    660.521590067852    0.102977410390396
82.4999999999996    6480.62730758796    667.304527089298    0.102969125582638
82.5999999999996    6547.69862574663    674.156555284193    0.102960840719409
82.6999999999996    6615.4586186448    681.078372583343    0.102952555800714
82.7999999999996    6683.9143002633    688.070683907814    0.102944270826559
82.8999999999996    6753.07275542636    695.134201238328    0.102935985796949
82.9999999999996    6822.94114051097    702.269643685347    0.102927700711889
83.0999999999996    6893.52668416343    709.47773755985    0.102919415571385
83.1999999999995    6964.83668802294    716.7592164448    0.102911130375443
83.2999999999995    7036.87852745239    724.114821267318    0.102902845124069
83.3999999999995    7109.6596522764    731.545300371563    0.102894559817267
83.4999999999995    7183.1875875267    739.051409592333    0.102886274455043
83.5999999999995    7257.46993419487    746.633912329385    0.102877989037404
83.6999999999995    7332.51436999258    754.293579622495    0.102869703564353
83.7999999999995    7408.32865011937    762.031190227243    0.102861418035897
83.8999999999995    7484.92060803803    769.847530691552    0.102853132452042
83.9999999999995    7562.29815625768    777.74339543298    0.102844846812792
84.0999999999995    7640.46928712462    785.719586816766    0.102836561118153
84.1999999999995    7719.44207362103    793.776915234646    0.102828275368132
84.2999999999995    7799.22467017155    801.916199184446    0.102819989562733
84.3999999999995    7879.82531345792    810.138265350452    0.102811703701962
84.4999999999995    7961.25232324164    818.443948684569    0.102803417785824
84.5999999999995    8043.51410319483    826.834092488293    0.102795131814325
84.6999999999995    8126.6191417393    835.309548495463    0.10278684578747
84.7999999999995    8210.57601289393    843.871176955845    0.102778559705266
84.8999999999995    8295.39337713047    852.519846719529    0.102770273567717
84.9999999999994    8381.07998223783    861.256435322161    0.10276198737483
85.0999999999994    8467.6446641949    870.081829071005    0.102753701126609
85.1999999999994    8555.09634805203    878.996923131848    0.10274541482306
85.2999999999994    8643.44404882127    888.002621616774    0.102737128464188
85.3999999999994    8732.69687237539    897.099837672779    0.10272884205
85.4999999999994    8822.86401635583    906.289493571271    0.1027205555805
85.5999999999994    8913.95477108964    915.572520798448    0.102712269055694
85.6999999999994    9005.97852051552    924.949860146552    0.102703982475588
85.7999999999994    9098.94474311895    934.422461806023    0.102695695840188
85.8999999999994    9192.86301287672    943.991285458563    0.102687409149498
85.9999999999994    9287.74300021067    953.657300371113    0.102679122403525
86.0999999999994    9383.59447295094    963.421485490748    0.102670835602273
86.1999999999994    9480.42729730882    973.284829540498    0.102662548745749
86.2999999999994    9578.25143885904    983.24833111612    0.102654261833958
86.3999999999994    9677.07696353204    993.312998783813    0.102645974866905
86.4999999999994    9776.91403861581    1003.4798511789    0.102637687844596
86.5999999999994    9877.77293376782    1013.74991710544    0.102629400767036
86.6999999999993    9979.6640220369    1024.1242356369    0.102621113634232
86.7999999999993    10082.5977808952    1034.60385621771    0.102612826446187
86.8999999999993    10186.5847932804    1045.1898387659    0.102604539202909
86.9999999999993    10291.6357486484    1055.88325377668    0.102596251904403
87.0999999999993    10397.7614440358    1066.6851824271    0.102587964550673
87.1999999999993    10504.9727851338    1077.59671668165    0.102579677141726
87.2999999999993    10613.2807873721    1088.61895939899    0.102571389677568
87.3999999999993    10722.6965770136    1099.75302443965    0.102563102158202
87.4999999999993    10833.23139226    1111.00003677486    0.102554814583636
87.5999999999993    10944.8965843686    1122.36113259633    0.102546526953875
87.6999999999993    11057.7036187793    1133.83745942725    0.102538239268925
87.7999999999993    11171.664076254    1145.43017623424    0.10252995152879
87.8999999999993    11286.7896540262    1157.14045354054    0.102521663733476
87.9999999999993    11403.0921669621    1168.96947354016    0.102513375882989
88.0999999999993    11520.5835487342    1180.91843021323    0.102505087977335
88.1999999999993    11639.2758530048    1192.98852944252    0.102496800016518
88.2999999999993    11759.1812546227    1205.18098913099    0.102488512000545
88.3999999999993    11880.312050831    1217.49703932056    0.102480223929421
88.4999999999992    12002.6806624868    1229.93792231208    0.102471935803152
88.5999999999992    12126.2996352934    1242.50489278637    0.102463647621743
88.6999999999992    12251.1816410441    1255.19921792652    0.102455359385199
88.7999999999992    12377.3394788787    1268.02217754139    0.102447071093526
88.8999999999992    12504.7860765523    1280.97506419027    0.102438782746729
88.9999999999992    12633.5344917167    1294.05918330883    0.102430494344816
89.0999999999992    12763.5979132141    1307.27585333618    0.10242220588779
89.1999999999992    12894.989662384    1320.62640584334    0.102413917375657
89.2999999999992    13027.7231943828    1334.11218566284    0.102405628808423
89.3999999999992    13161.8120995166    1347.73455101963    0.102397340186093
89.4999999999992    13297.2701045867    1361.49487366327    0.102389051508673
89.5999999999992    13434.1110742492    1375.39453900141    0.102380762776169
89.6999999999992    13572.349012387    1389.43494623459    0.102372473988585
89.7999999999992    13711.9980634961    1403.61750849233    0.102364185145928
89.8999999999992    13853.0725140855    1417.94365297056    0.102355896248203
89.9999999999992    13995.5867940902    1432.41482107045    0.102347607295415
90.0999999999992    14139.5554782995    1447.03246853847    0.102339318287571
90.1999999999992    14284.9932877979    1461.79806560794    0.102331029224675
90.2999999999991    14431.9150914211    1476.71309714193    0.102322740106734
90.3999999999991    14580.3359072263    1491.77906277753    0.102314450933752
90.4999999999991    14730.2709039766    1506.99747707152    0.102306161705735
90.5999999999991    14881.7354026406    1522.36986964755    0.102297872422689
90.6999999999991    15034.7448779062    1537.89778534465    0.10228958308462
90.7999999999991    15189.3149597095    1553.58278436723    0.102281293691532
90.8999999999991    15345.4614347796    1569.42644243663    0.102273004243432
90.9999999999991    15503.2002481969    1585.43035094398    0.102264714740324
91.0999999999991    15662.5475049684    1601.5961171047    0.102256425182215
91.1999999999991    15823.5194716178    1617.92536411444    0.102248135569111
91.2999999999991    15986.1325777913    1634.41973130658    0.102239845901015
91.3999999999991    16150.4034178791    1651.08087431122    0.102231556177935
91.4999999999991    16316.3487526535    1667.91046521577    0.102223266399875
91.5999999999991    16483.9855109223    1684.91019272707    0.102214976566841
91.6999999999991    16653.3307911989    1702.08176233514    0.102206686678839
91.7999999999991    16824.4018633893    1719.42689647846    0.102198396735875
91.8999999999991    16997.2161704946    1736.94733471092    0.102190106737954
91.999999999999    17171.7913303315    1754.64483387038    0.10218181668508
92.099999999999    17348.1451372687    1772.5211682489    0.102173526577261
92.199999999999    17526.2955639813    1790.57812976456    0.102165236414501
92.299999999999    17706.2607632216    1808.81752813504    0.102156946196806
92.399999999999    17888.0590696083    1827.24119105284    0.102148655924181
92.499999999999    18071.7090014322    1845.85096436224    0.102140365596632
92.599999999999    18257.2292624807    1864.64871223794    0.102132075214165
92.699999999999    18444.6387438798    1883.63631736553    0.102123784776785
92.799999999999    18633.9565259538    1902.81568112362    0.102115494284498
92.899999999999    18825.2018801045    1922.1887237678    0.102107203737309
92.999999999999    19018.3942707074    1941.75738461639    0.102098913135223
93.099999999999    19213.5533570278    1961.52362223799    0.102090622478248
93.199999999999    19410.698995155    1981.48941464088    0.102082331766387
93.299999999999    19609.851239956    2001.65675946422    0.102074040999646
93.399999999999    19811.0303470478    2022.02767417118    0.102065750178031
93.499999999999    20014.2567747902    2042.60419624388    0.102057459301548
93.599999999999    20219.5511862966    2063.3883833803    0.102049168370202
93.699999999999    20426.9344514663    2084.38231369305    0.102040877383999
93.7999999999989    20636.4276490352    2105.58808591009    0.102032586342943
93.8999999999989    20848.0520686483    2127.00781957747    0.102024295247042
93.9999999999989    21061.8292129507    2148.64365526394    0.102016004096299
94.0999999999989    21277.7807997011    2170.49775476762    0.102007712890722
94.1999999999989    21495.9287639042    2192.57230132467    0.101999421630314
94.2999999999989    21716.295259966    2214.86949982001    0.101991130315083
94.3999999999989    21938.9026638683    2237.39157700003    0.101982838945033
94.4999999999989    22163.773575366    2260.14078168745    0.10197454752017
94.5999999999989    22390.9308202057    2283.11938499821    0.101966256040499
94.6999999999989    22620.3974523656    2306.32968056052    0.101957964506027
94.7999999999989    22852.1967563178    2329.77398473601    0.101949672916758
94.8999999999989    23086.3522493128    2353.45463684303    0.101941381272699
94.9999999999989    23322.8876836865    2377.37399938215    0.101933089573854
95.0999999999989    23561.8270491893    2401.53445826383    0.101924797820229
95.1999999999989    23803.1945753392    2425.93842303834    0.101916506011831
95.2999999999989    24047.0147337969    2450.58832712785    0.101908214148664
95.3999999999989    24293.3122407648    2475.48662806086    0.101899922230733
95.4999999999988    24542.1120594091    2500.63580770883    0.101891630258046
95.5999999999988    24793.4394023065    2526.03837252523    0.101883338230606
95.6999999999988    25047.3197339142    2551.69685378673    0.10187504614842
95.7999999999988    25303.7787730639    2577.61380783694    0.101866754011493
95.8999999999988    25562.8424954815    2603.79181633236    0.101858461819831
95.9999999999988    25824.5371363304    2630.23348649083    0.101850169573439
96.0999999999988    26088.8891927797    2656.94145134231    0.101841877272323
96.1999999999988    26355.9254265988    2683.91836998218    0.101833584916488
96.2999999999988    26625.6728667761    2711.16692782695    0.10182529250594
96.3999999999988    26898.1588121642    2738.68983687247    0.101817000040685
96.4999999999988    27173.4108341506    2766.48983595461    0.101808707520727
96.5999999999988    27451.4567793551    2794.56969101256    0.101800414946074
96.6999999999988    27732.3247723531    2822.93219535463    0.101792122316729
96.7999999999988    28016.0432184261    2851.58016992661    0.101783829632699
96.8999999999988    28302.6408063385    2880.51646358283    0.101775536893989
96.9999999999988    28592.1465111426    2909.74395335973    0.101767244100606
97.0999999999988    28884.5895970104    2939.26554475218    0.101758951252553
97.1999999999988    29179.9996200931    2969.08417199248    0.101750658349838
97.2999999999987    29478.4064314089    2999.20279833199    0.101742365392465
97.3999999999987    29779.8401797595    3029.62441632558    0.10173407238044
97.4999999999987    30084.331314674    3060.35204811883    0.101725779313769
97.5999999999987    30391.9105893832    3091.38874573796    0.101717486192457
97.6999999999987    30702.6090638216    3122.73759138266    0.101709193016509
97.7999999999987    31016.4581076597    3154.40169772166    0.101700899785932
97.8999999999987    31333.4894033659    3186.38420819131    0.101692606500731
97.9999999999987    31653.734949298    3218.68829729688    0.101684313160911
98.0999999999987    31977.2270628253    3251.31717091697    0.101676019766478
98.1999999999987    32303.9983834814    3284.27406661073    0.101667726317437
98.2999999999987    32634.0818761475    3317.5622539281    0.101659432813795
98.3999999999987    32967.510834267    3351.18503472314    0.101651139255556
98.4999999999987    33304.3188830921    3385.14574347029    0.101642845642727
98.5999999999987    33644.5399829611    3419.44774758373    0.101634551975312
98.6999999999987    33988.2084326088    3454.09444773991    0.101626258253318
98.7999999999987    34335.3588725091    3489.08927820308    0.10161796447675
98.8999999999987    34686.0262882495    3524.43570715409    0.101609670645613
98.9999999999986    35040.2460139399    3560.13723702234    0.101601376759913
99.0999999999986    35398.0537356539    3596.19740482089    0.101593082819655
99.1999999999986    35759.4854949041    3632.61978248498    0.101584788824846
99.2999999999986    36124.5776921509    3669.40797721358    0.101576494775491
99.3999999999986    36493.3670903468    3706.56563181451    0.101568200671595
99.4999999999986    36865.8908185138    3744.09642505275    0.101559906513163
99.5999999999986    37242.1863753573    3782.00407200217    0.101551612300203
99.6999999999986    37622.2916329143    3820.29232440066    0.101543318032718
99.7999999999986    38006.2448402375    3858.96497100872    0.101535023710714
99.8999999999986    38394.084627116    3898.02583797149    0.101526729334198
99.9999999999986    38785.8500078318    3937.47878918435    0.101518434903174
100.099999999999    39181.5803849529    3977.32772666196    0.101510140417649
100.199999999999    39581.3155531642    4017.57659091099    0.101501845877627
100.299999999999    39985.0957031351    4058.2293613064    0.101493551283115
100.399999999999    40392.9614254254    4099.29005647132    0.101485256634118
100.499999999999    40804.9537144293    4140.76273466072    0.101476961930641
100.599999999999    41221.1139723576    4182.6514941487    0.101468667172691
100.699999999999    41641.4840132591    4224.96047361956    0.101460372360272
100.799999999999    42066.1060670815    4267.69385256271    0.10145207749339
100.899999999999    42495.0227837716    4310.85585167129    0.101443782572051
100.999999999999    42928.2772374158    4354.45073324473    0.101435487596261
101.099999999999    43365.9129304206    4398.4828015952    0.101427192566024
101.199999999999    43807.9737977348    4442.956403458    0.101418897481347
101.299999999999    44254.5042111122    4487.87592840585    0.101410602342235
101.399999999999    44705.548983416    4533.2458092673    0.101402307148693
101.499999999999    45161.1533729656    4579.07052254908    0.101394011900728
101.599999999999    45621.3630879258    4625.35458886262    0.101385716598344
101.699999999998    46086.2242907382    4672.10257335464    0.101377421241548
101.799999999998    46555.7836025967    4719.31908614195    0.101369125830345
101.899999999998    47030.0881079665    4767.00878275038    0.10136083036474
101.999999999998    47509.1853591468    4815.17636455812    0.10135253484474
102.099999999998    47993.1233808782    4863.82657924309    0.101344239270349
102.199999999998    48481.9506749954    4912.96422123487    0.101335943641573
102.299999999998    48975.7162251251    4962.59413217087    0.101327647958418
102.399999999998    49474.4695014296    5012.72120135701    0.10131935222089
102.499999999998    49978.2604653965    5063.3503662327    0.101311056428993
102.599999999998    50487.1395746761    5114.4866128405    0.101302760582734
102.699999999998    51001.1577879646    5166.13497630012    0.101294464682118
102.799999999998    51520.3665699361    5218.30054128722    0.101286168727151
102.899999999998    52044.8178962221    5270.98844251663    0.101277872717838
102.999999999998    52574.5642584395    5324.2038652304    0.101269576654185
103.099999999998    53109.6586692682    5377.95204569043    0.101261280536197
103.199999999998    53650.1546675776    5432.23827167598    0.10125298436388
103.299999999998    54196.1063236034    5487.06788298591    0.10124468813724
103.399999999998    54747.5682441747    5542.4462719458    0.101236391856282
103.499999999998    55304.5955779925    5598.37888391993    0.101228095521011
103.599999999998    55867.2440209587    5654.87121782825    0.101219799131434
103.699999999998    56435.5698215582    5711.92882666838    0.101211502687556
103.799999999998    57009.6297862924    5769.55731804249    0.101203206189382
103.899999999998    57589.4812851667    5827.76235468943    0.101194909636918
103.999999999998    58175.1822572303    5886.54965502196    0.10118661303017
104.099999999998    58766.7912161711    5945.92499366912    0.101178316369143
104.199999999998    59364.3672559641    6005.89420202383    0.101170019653843
104.299999999998    59967.9700565758    6066.46316879583    0.101161722884275
104.399999999998    60577.6598897233    6127.63784056992    0.101153426060445
104.499999999998    61193.4976246898    6189.42422236963    0.101145129182359
104.599999999998    61815.5447341972    6251.82837822622    0.101136832250022
104.699999999998    62443.8633003351    6314.8564317533    0.101128535263439
104.799999999998    63078.5160205479    6378.51456672693    0.101120238222616
104.899999999998    63719.5662136804    6442.80902767132    0.10111194112756
104.999999999998    64367.0778260821    6507.74612045012    0.101103643978275
105.099999999998    65021.1154377705    6573.33221286353    0.101095346774767
105.199999999998    65681.7442686548    6639.57373525112    0.101087049517041
105.299999999998    66349.0301848207    6706.47718110041    0.101078752205103
105.399999999998    67023.0397048749    6774.04910766136    0.10107045483896
105.499999999998    67703.840006353    6842.29613656679    0.101062157418615
105.599999999998    68391.4989321883    6911.22495445879    0.101053859944076
105.699999999998    69086.0849972447    6980.84231362109    0.101045562415347
105.799999999998    69787.6673949125    7051.15503261765    0.101037264832435
105.899999999998    70496.3160037683    7122.16999693729    0.101028967195344
105.999999999998    71212.1013943    7193.89415964462    0.10102066950408
106.099999999998    71935.0948356972    7266.33454203714    0.101012371758649
106.199999999998    72665.3683027074    7339.49823430875    0.101004073959057
106.299999999998    73402.9944825589    7413.39239621969    0.100995776105308
106.399999999998    74148.0467819513    7488.02425777278    0.100987478197409
106.499999999998    74900.5993341135    7563.40111989636    0.100979180235366
106.599999999998    75660.7270059306    7639.53035513357    0.100970882219183
106.699999999998    76428.5054051402    7716.41940833856    0.100962584148866
106.799999999998    77204.0108875983    7794.07579737918    0.100954286024422
106.899999999998    77987.320564616    7872.50711384653    0.100945987845855
106.999999999998    78778.5123103676    7951.72102377129    0.100937689613171
107.099999999998    79577.6647693703    8031.72526834698    0.100929391326376
107.199999999998    80384.857364037    8112.52766466019    0.100921092985476
107.299999999998    81200.1703023024    8194.13610642784    0.100912794590475
107.399999999998    82023.6845853226    8276.55856474144    0.10090449614138
107.499999999998    82855.4820152506    8359.80308881867    0.100896197638195
107.599999999998    83695.6452030863    8443.87780676213    0.100887899080928
107.699999999998    84544.2575766031    8528.79092632523    0.100879600469583
107.799999999998    85401.4033883514    8614.55073568571    0.100871301804166
107.899999999998    86267.1677237402    8701.16560422642    0.100863003084682
107.999999999998    87141.6365091967    8788.6439833237    0.100854704311138
108.099999999998    88024.8965204049    8876.99440714325    0.100846405483538
108.199999999998    88917.0353906253    8966.22549344379    0.100838106601889
108.299999999998    89818.1416190937    9056.3459443883    0.100829807666195
108.399999999998    90728.304579503    9147.36454736312    0.100821508676463
108.499999999998    91647.6145285663    9239.29017580502    0.100813209632698
108.599999999998    92576.162614664    9332.13179003602    0.100804910534905
108.699999999998    93514.0408865735    9425.8984381064    0.100796611383091
108.799999999998    94461.3423022853    9520.59925664574    0.10078831217726
108.899999999998    95418.1607379027    9616.24347172218    0.100780012917419
108.999999999998    96384.5909966297    9712.84039970986    0.100771713603573
109.099999999998    97360.7288178447    9810.3994481648    0.100763414235727
109.199999999998    98346.6708862627    9908.93011670907    0.100755114813888
109.299999999998    99342.5148411865    10008.4419979236    0.100746815338061
109.399999999998    100348.359285847    10108.9447782494    0.100738515808251
109.499999999998    101364.303796836    10210.4482388976    0.100730216224464
109.599999999998    102390.448933627    10312.9622567681    0.100721916586706
109.699999999998    103426.89624819    10416.4968053772    0.100713616894982
109.799999999998    104473.748294702    10521.0619557939    0.100705317149298
109.899999999998    105531.108639349    10626.6678775852    0.100697017349659
109.999999999998    106599.081870219    10733.3248397711    0.100688717496071
110.099999999998    107677.773607303    10841.0432117875    0.10068041758854
110.199999999998    108767.290512577    10949.8334644599    0.100672117627071
110.299999999998    109867.740300195    11059.7061709852    0.10066381761167
110.399999999998    110979.231746774    11170.6720079231    0.100655517542342
110.499999999998    112101.87470178    11282.741756198    0.100647217419094
110.599999999998    113235.780098014    11395.9263021093    0.10063891724193
110.699999999998    114381.059962201    11510.236638352    0.100630617010856
110.799999999998    115537.827425684    11625.683865047    0.100622316725878
110.899999999998    116706.196735211    11742.2791907811    0.100614016387002
110.999999999998    117886.28326384    11860.0339336575    0.100605715994232
111.099999999998    119078.203521942    11978.9595223556    0.100597415547576
111.199999999998    120282.075168311    12099.0674972016    0.100589115047037
111.299999999998    121498.017021383    12220.3695112492    0.100580814492623
111.399999999998    122726.149070561    12342.8773313703    0.100572513884338
111.499999999998    123966.592487657    12466.6028393567    0.100564213222187
111.599999999998    125219.469638432    12591.5580330322    0.100555912506178
111.699999999998    126484.904094263    12717.755027375    0.100547611736315
111.799999999998    127763.020643907    12845.2060556513    0.100539310912604
111.899999999998    129053.945305393    12973.9234705594    0.100531010035051
111.999999999998    130357.805338019    13103.9197453853    0.10052270910366
112.099999999998    131674.72925447    13235.2074751688    0.100514408118439
112.199999999998    133004.846833053    13367.7993778809    0.100506107079391
112.299999999998    134348.289130047    13501.7082956129    0.100497805986524
112.399999999998    135705.188492176    13636.9471957762    0.100489504839842
112.499999999998    137075.678569202    13773.5291723143    0.100481203639352
112.599999999998    138459.894326639    13911.4674469258    0.100472902385058
112.699999999998    139857.972058587    14050.7753702994    0.100464601076966
112.799999999998    141270.049400698    14191.4664233611    0.100456299715083
112.899999999998    142696.265343259    14333.5542185323    0.100447998299413
112.999999999998    144136.760244405    14477.052501001    0.100439696829962
113.099999999998    145591.675843459    14621.9751500047    0.100431395306736
113.199999999998    147061.155274406    14768.3361801256    0.100423093729741
113.299999999998    148545.343079485    14916.1497425983    0.100414792098982
113.399999999998    150044.385222925    15065.4301266298    0.100406490414464
113.499999999998    151558.429104811    15216.1917607323    0.100398188676194
113.599999999998    153087.623575072    15368.4492140688    0.100389886884176
113.699999999998    154632.118947624    15522.2171978116    0.100381585038417
113.799999999998    156192.067014634    15677.5105665134    0.100373283138922
113.899999999998    157767.621060927    15834.3443194921    0.100364981185697
113.999999999998    159358.935878533    15992.7336022284    0.100356679178747
114.099999999998    160966.167781373    16152.693707777    0.100348377118078
114.199999999998    162589.474620088    16314.2400781912    0.100340075003696
114.299999999998    164229.015797011    16477.3883059609    0.100331772835606
114.399999999998    165884.95228128    16642.154135465    0.100323470613814
114.499999999998    167557.446624104    16808.5534644371    0.100315168338326
114.599999999998    169246.662974168    16976.602345445    0.100306866009146
114.699999999998    170952.767093193    17146.3169873855    0.100298563626281
114.799999999998    172675.926371645    17317.713756992    0.100290261189737
114.899999999998    174416.309844591    17490.8091803577    0.100281958699518
114.999999999998    176174.088207716    17665.6199444724    0.100273656155631
115.099999999998    177949.433833486    17842.1628987748    0.100265353558081
115.199999999998    179742.520787471    18020.4550567194    0.100257050906874
115.299999999998    181553.52484483    18200.5135973577    0.100248748202015
115.399999999998    183382.623506943    18382.3558669356    0.100240445443511
115.499999999998    185229.996018217    18565.9993805052    0.100232142631365
115.599999999998    187095.823383044    18751.4618235525    0.100223839765586
115.699999999998    188980.288382927    18938.7610536404    0.100215536846177
115.799999999998    190883.575593772    19127.9151020672    0.100207233873145
115.899999999998    192805.871403341    19318.9421755414    0.100198930846494
115.999999999998    194747.36402888    19511.8606578723    0.100190627766232
116.099999999998    196708.243534915    19706.6891116767    0.100182324632363
116.199999999998    198688.701851216    19903.4462801015    0.100174021444892
116.299999999998    200688.932790935    20102.1510885636    0.100165718203827
116.399999999998    202709.132068928    20302.8226465058    0.100157414909172
116.499999999998    204749.497320237    20505.4802491693    0.100149111560933
116.599999999998    206810.228118762    20710.1433793837    0.100140808159115
116.699999999998    208891.525996113    20916.8317093738    0.100132504703724
116.799999999998    210993.594460637    21125.5651025836    0.100124201194765
116.899999999998    213116.63901663    21336.3636155173    0.100115897632246
116.999999999998    215260.86718374    21549.2474995987    0.100107594016171
117.099999999998    217426.48851655    21764.2372030478    0.100099290346545
117.199999999998    219613.71462435    21981.3533727753    0.100090986623374
117.299999999998    221822.759191105    22200.6168562953    0.100082682846664
117.399999999998    224053.837995609    22422.0487036563    0.100074379016421
117.499999999998    226307.168931836    22645.6701693904    0.10006607513265
117.599999999998    228582.972029487    22871.502714481    0.100057771195357
117.699999999998    230881.469474732    23099.5680083498    0.100049467204547
117.799999999998    233202.885631157    23329.8879308621    0.100041163160226
117.899999999998    235547.447060905    23562.4845743516    0.1000328590624
117.999999999998    237915.382546027    23797.3802456644    0.100024554911074
118.099999999998    240306.923110038    24034.5974682221    0.100016250706254
118.199999999998    242722.302039672    24274.1589841056    0.100007946447946
118.299999999998    245161.754906859    24516.0877561576    0.0999996421361548
118.399999999998    247625.519590903    24760.4069701053    0.0999913377708868
118.499999999998    250113.83630088    25007.1400367044    0.0999830333521472
118.599999999998    252626.947598244    25256.3105939017    0.0999747288799417
118.699999999998    255165.09841966    25507.9425090203    0.0999664243542758
118.799999999998    257728.536100048    25762.0598809641    0.0999581197751554
118.899999999998    260317.510395853    26018.6870424437    0.0999498151425859
118.999999999998    262932.273508537    26277.848562224    0.0999415104565731
119.099999999998    265573.080108298    26539.5692473925    0.0999332057171229
119.199999999998    268240.187358015    26803.8741456493    0.0999249009242403
119.299999999997    270933.854937428    27070.7885476197    0.099916596077931
119.399999999997    273654.345067539    27340.3379891876    0.0999082911782011
119.499999999997    276401.922535265    27612.548253852    0.0998999862250561
119.599999999997    279176.85471831    27887.4453751052    0.0998916812185013
119.699999999997    281979.411610286    28165.0556388347    0.0998833761585426
119.799999999997    284809.865846077    28445.4055857467    0.0998750710451858
119.899999999997    287668.492727436    28728.5220138135    0.0998667658784362
