0
0.00999999999999997
0.0200000000000001
0.0300000000000003
0.0400000000000006
0.0500000000000009
0.0600000000000012
0.0700000000000005
0.0799999999999993
0.0899999999999982
0.0999999999999971
0.109999999999996
0.119999999999995
0.129999999999994
0.139999999999993
0.149999999999992
0.159999999999991
0.169999999999989
0.179999999999988
0.189999999999987
0.199999999999986
0.209999999999985
0.219999999999984
0.229999999999983
0.239999999999982
0.249999999999981
0.25999999999998
0.269999999999978
0.279999999999977
0.289999999999976
0.299999999999975
0.309999999999974
0.319999999999973
0.329999999999972
0.339999999999971
0.34999999999997
0.359999999999969
0.369999999999967
0.379999999999966
0.389999999999965
0.399999999999964
0.409999999999963
0.419999999999962
0.429999999999961
0.43999999999996
0.449999999999959
0.459999999999957
0.469999999999956
0.479999999999955
0.489999999999954
0.499999999999953
0.509999999999952
0.519999999999951
0.52999999999995
0.539999999999949
0.549999999999948
0.559999999999947
0.569999999999945
0.579999999999944
0.589999999999943
0.599999999999942
0.609999999999941
0.61999999999994
0.629999999999939
0.639999999999938
0.649999999999937
0.659999999999936
0.669999999999934
0.679999999999933
0.689999999999932
0.699999999999931
0.70999999999993
0.719999999999929
0.729999999999928
0.739999999999927
0.749999999999926
0.759999999999925
0.769999999999923
0.779999999999922
0.789999999999921
0.79999999999992
0.809999999999919
0.819999999999918
0.829999999999917
0.839999999999916
0.849999999999915
0.859999999999914
0.869999999999912
0.879999999999911
0.88999999999991
0.899999999999909
0.909999999999908
0.919999999999907
0.929999999999906
0.939999999999905
0.949999999999904
0.959999999999902
0.969999999999901
0.9799999999999
0.989999999999899
0.999999999999898
1.00999999999992
1.01999999999994
1.02999999999996
1.03999999999998
1.05
1.06000000000002
1.07000000000005
1.08000000000007
1.09000000000009
1.10000000000011
1.11000000000013
1.12000000000015
1.13000000000017
1.14000000000019
1.15000000000021
1.16000000000024
1.17000000000026
1.18000000000028
1.1900000000003
1.20000000000032
1.21000000000034
1.22000000000036
1.23000000000038
1.2400000000004
1.25000000000043
1.26000000000045
1.27000000000047
1.28000000000049
1.29000000000051
1.30000000000053
1.31000000000055
1.32000000000057
1.33000000000059
1.34000000000062
1.35000000000064
1.36000000000066
1.37000000000068
1.3800000000007
1.39000000000072
1.40000000000074
1.41000000000076
1.42000000000078
1.43000000000081
1.44000000000083
1.45000000000085
1.46000000000087
1.47000000000089
1.48000000000091
1.49000000000093
1.50000000000095
1.51000000000097
1.520000000001
1.53000000000102
1.54000000000104
1.55000000000106
1.56000000000108
1.5700000000011
1.58000000000112
1.59000000000114
1.60000000000116
1.61000000000119
1.62000000000121
1.63000000000123
1.64000000000125
1.65000000000127
1.66000000000129
1.67000000000131
1.68000000000133
1.69000000000135
1.70000000000138
1.7100000000014
1.72000000000142
1.73000000000144
1.74000000000146
1.75000000000148
1.7600000000015
1.77000000000152
1.78000000000154
1.79000000000157
1.80000000000159
1.81000000000161
1.82000000000163
1.83000000000165
1.84000000000167
1.85000000000169
1.86000000000171
1.87000000000173
1.88000000000176
1.89000000000178
1.9000000000018
1.91000000000182
1.92000000000184
1.93000000000186
1.94000000000188
1.9500000000019
1.96000000000192
1.97000000000195
1.98000000000197
1.99000000000199
2.00000000000201
2.01000000000198
2.02000000000196
2.03000000000194
2.04000000000191
2.05000000000189
2.06000000000187
2.07000000000185
2.08000000000182
2.0900000000018
2.10000000000178
2.11000000000175
2.12000000000173
2.13000000000171
2.14000000000168
2.15000000000166
2.16000000000164
2.17000000000161
2.18000000000159
2.19000000000157
2.20000000000154
2.21000000000152
2.2200000000015
2.23000000000147
2.24000000000145
2.25000000000143
2.2600000000014
2.27000000000138
2.28000000000136
2.29000000000133
2.30000000000131
2.31000000000129
2.32000000000126
2.33000000000124
2.34000000000122
2.35000000000119
2.36000000000117
2.37000000000115
2.38000000000112
2.3900000000011
2.40000000000108
2.41000000000105
2.42000000000103
2.43000000000101
2.44000000000098
2.45000000000096
2.46000000000094
2.47000000000091
2.48000000000089
2.49000000000087
2.50000000000084
2.51000000000082
2.5200000000008
2.53000000000077
2.54000000000075
2.55000000000073
2.5600000000007
2.57000000000068
2.58000000000066
2.59000000000063
2.60000000000061
2.61000000000059
2.62000000000056
2.63000000000054
2.64000000000052
2.65000000000049
2.66000000000047
2.67000000000045
2.68000000000042
2.6900000000004
2.70000000000038
2.71000000000035
2.72000000000033
2.73000000000031
2.74000000000028
2.75000000000026
2.76000000000024
2.77000000000021
2.78000000000019
2.79000000000017
2.80000000000014
2.81000000000012
2.8200000000001
2.83000000000007
2.84000000000005
2.85000000000003
2.86
2.86999999999998
2.87999999999996
2.88999999999993
2.89999999999991
2.90999999999989
2.91999999999986
2.92999999999984
2.93999999999982
2.94999999999979
2.95999999999977
2.96999999999975
2.97999999999972
2.9899999999997
2.99999999999968
3.00999999999965
3.01999999999963
3.02999999999961
3.03999999999958
3.04999999999956
3.05999999999954
3.06999999999951
3.07999999999949
3.08999999999947
3.09999999999944
3.10999999999942
3.1199999999994
3.12999999999937
3.13999999999935
3.14999999999933
3.1599999999993
3.16999999999928
3.17999999999926
3.18999999999923
3.19999999999921
3.20999999999919
3.21999999999916
3.22999999999914
3.23999999999912
3.24999999999909
3.25999999999907
3.26999999999905
3.27999999999903
3.289999999999
3.29999999999898
3.30999999999896
3.31999999999893
3.32999999999891
3.33999999999889
3.34999999999886
3.35999999999884
3.36999999999882
3.37999999999879
3.38999999999877
3.39999999999875
3.40999999999872
3.4199999999987
3.42999999999868
3.43999999999865
3.44999999999863
3.45999999999861
3.46999999999858
3.47999999999856
3.48999999999854
3.49999999999851
3.50999999999849
3.51999999999847
3.52999999999844
3.53999999999842
3.5499999999984
3.55999999999837
3.56999999999835
3.57999999999833
3.5899999999983
3.59999999999828
3.60999999999826
3.61999999999823
3.62999999999821
3.63999999999819
3.64999999999816
3.65999999999814
3.66999999999812
3.67999999999809
3.68999999999807
3.69999999999805
3.70999999999802
3.719999999998
3.72999999999798
3.73999999999795
3.74999999999793
3.75999999999791
3.76999999999788
3.77999999999786
3.78999999999784
3.79999999999781
3.80999999999779
3.81999999999777
3.82999999999774
3.83999999999772
3.8499999999977
3.85999999999767
3.86999999999765
3.87999999999763
3.8899999999976
3.89999999999758
3.90999999999756
3.91999999999753
3.92999999999751
3.93999999999749
3.94999999999746
3.95999999999744
3.96999999999742
3.97999999999739
3.98999999999737
3.99999999999735
4.00999999999732
4.0199999999973
4.02999999999728
4.03999999999725
4.04999999999723
4.05999999999721
4.06999999999718
4.07999999999716
4.08999999999714
4.09999999999711
4.10999999999709
4.11999999999707
4.12999999999704
4.13999999999702
4.149999999997
4.15999999999697
4.16999999999695
4.17999999999693
4.1899999999969
4.19999999999688
4.20999999999686
4.21999999999683
4.22999999999681
4.23999999999679
4.24999999999676
4.25999999999674
4.26999999999672
4.27999999999669
4.28999999999667
4.29999999999665
4.30999999999662
4.3199999999966
4.32999999999658
4.33999999999655
4.34999999999653
4.35999999999651
4.36999999999648
4.37999999999646
4.38999999999644
4.39999999999641
4.40999999999639
4.41999999999637
4.42999999999634
4.43999999999632
4.4499999999963
4.45999999999627
4.46999999999625
4.47999999999623
4.48999999999621
4.49999999999618
4.50999999999616
4.51999999999614
4.52999999999611
4.53999999999609
4.54999999999607
4.55999999999604
4.56999999999602
4.579999999996
4.58999999999597
4.59999999999595
4.60999999999593
4.6199999999959
4.62999999999588
4.63999999999586
4.64999999999583
4.65999999999581
4.66999999999579
4.67999999999576
4.68999999999574
4.69999999999572
4.70999999999569
4.71999999999567
4.72999999999565
4.73999999999562
4.7499999999956
4.75999999999558
4.76999999999555
4.77999999999553
4.78999999999551
4.79999999999548
4.80999999999546
4.81999999999544
4.82999999999541
4.83999999999539
4.84999999999537
4.85999999999534
4.86999999999532
4.8799999999953
4.88999999999527
4.89999999999525
4.90999999999523
4.9199999999952
4.92999999999518
4.93999999999516
4.94999999999513
4.95999999999511
4.96999999999509
4.97999999999506
4.98999999999504
4.99999999999502
5.00999999999499
5.01999999999497
5.02999999999495
5.03999999999492
5.0499999999949
5.05999999999488
5.06999999999485
5.07999999999483
5.08999999999481
5.09999999999478
5.10999999999476
5.11999999999474
5.12999999999471
5.13999999999469
5.14999999999467
5.15999999999464
5.16999999999462
5.1799999999946
5.18999999999457
5.19999999999455
5.20999999999453
5.2199999999945
5.22999999999448
5.23999999999446
5.24999999999443
5.25999999999441
5.26999999999439
5.27999999999436
5.28999999999434
5.29999999999432
5.30999999999429
5.31999999999427
5.32999999999425
5.33999999999422
5.3499999999942
5.35999999999418
5.36999999999415
5.37999999999413
5.38999999999411
5.39999999999408
5.40999999999406
5.41999999999404
5.42999999999401
5.43999999999399
5.44999999999397
5.45999999999394
5.46999999999392
5.4799999999939
5.48999999999387
5.49999999999385
5.50999999999383
5.5199999999938
5.52999999999378
5.53999999999376
5.54999999999373
5.55999999999371
5.56999999999369
5.57999999999366
5.58999999999364
5.59999999999362
5.60999999999359
5.61999999999357
5.62999999999355
5.63999999999352
5.6499999999935
5.65999999999348
5.66999999999345
5.67999999999343
5.68999999999341
5.69999999999339
5.70999999999336
5.71999999999334
5.72999999999332
5.73999999999329
5.74999999999327
5.75999999999325
5.76999999999322
5.7799999999932
5.78999999999318
5.79999999999315
5.80999999999313
5.81999999999311
5.82999999999308
5.83999999999306
5.84999999999304
5.85999999999301
5.86999999999299
5.87999999999297
5.88999999999294
5.89999999999292
5.9099999999929
5.91999999999287
5.92999999999285
5.93999999999283
5.9499999999928
5.95999999999278
5.96999999999276
5.97999999999273
5.98999999999271
5.99999999999269
6.00999999999266
6.01999999999264
6.02999999999262
6.03999999999259
6.04999999999257
6.05999999999255
6.06999999999252
6.0799999999925
6.08999999999248
6.09999999999245
6.10999999999243
6.11999999999241
6.12999999999238
6.13999999999236
6.14999999999234
6.15999999999231
6.16999999999229
6.17999999999227
6.18999999999224
6.19999999999222
6.2099999999922
6.21999999999217
6.22999999999215
6.23999999999213
6.2499999999921
6.25999999999208
6.26999999999206
6.27999999999203
6.28999999999201
6.29999999999199
6.30999999999196
6.31999999999194
6.32999999999192
6.33999999999189
6.34999999999187
6.35999999999185
6.36999999999182
6.3799999999918
6.38999999999178
6.39999999999175
6.40999999999173
6.41999999999171
6.42999999999168
6.43999999999166
6.44999999999164
6.45999999999161
6.46999999999159
6.47999999999157
6.48999999999154
6.49999999999152
6.5099999999915
6.51999999999147
6.52999999999145
6.53999999999143
6.5499999999914
6.55999999999138
6.56999999999136
6.57999999999133
6.58999999999131
6.59999999999129
6.60999999999126
6.61999999999124
6.62999999999122
6.63999999999119
6.64999999999117
6.65999999999115
6.66999999999112
6.6799999999911
6.68999999999108
6.69999999999105
6.70999999999103
6.71999999999101
6.72999999999098
6.73999999999096
6.74999999999094
6.75999999999091
6.76999999999089
6.77999999999087
6.78999999999084
6.79999999999082
6.8099999999908
6.81999999999077
6.82999999999075
6.83999999999073
6.8499999999907
6.85999999999068
6.86999999999066
6.87999999999063
6.88999999999061
6.89999999999059
6.90999999999057
6.91999999999054
6.92999999999052
6.9399999999905
6.94999999999047
6.95999999999045
6.96999999999043
6.9799999999904
6.98999999999038
6.99999999999036
7.00999999999033
7.01999999999031
7.02999999999029
7.03999999999026
7.04999999999024
7.05999999999022
7.06999999999019
7.07999999999017
7.08999999999015
7.09999999999012
7.1099999999901
7.11999999999008
7.12999999999005
7.13999999999003
7.14999999999001
7.15999999998998
7.16999999998996
7.17999999998994
7.18999999998991
7.19999999998989
7.20999999998987
7.21999999998984
7.22999999998982
7.2399999999898
7.24999999998977
7.25999999998975
7.26999999998973
7.2799999999897
7.28999999998968
7.29999999998966
7.30999999998963
7.31999999998961
7.32999999998959
7.33999999998956
7.34999999998954
7.35999999998952
7.36999999998949
7.37999999998947
7.38999999998945
7.39999999998942
7.4099999999894
7.41999999998938
7.42999999998935
7.43999999998933
7.44999999998931
7.45999999998928
7.46999999998926
7.47999999998924
7.48999999998921
7.49999999998919
7.50999999998917
7.51999999998914
7.52999999998912
7.5399999999891
7.54999999998907
7.55999999998905
7.56999999998903
7.579999999989
7.58999999998898
7.59999999998896
7.60999999998893
7.61999999998891
7.62999999998889
7.63999999998886
7.64999999998884
7.65999999998882
7.66999999998879
7.67999999998877
7.68999999998875
7.69999999998872
7.7099999999887
7.71999999998868
7.72999999998865
7.73999999998863
7.74999999998861
7.75999999998858
7.76999999998856
7.77999999998854
7.78999999998851
7.79999999998849
7.80999999998847
7.81999999998844
7.82999999998842
7.8399999999884
7.84999999998837
7.85999999998835
7.86999999998833
7.8799999999883
7.88999999998828
7.89999999998826
7.90999999998823
7.91999999998821
7.92999999998819
7.93999999998816
7.94999999998814
7.95999999998812
7.96999999998809
7.97999999998807
7.98999999998805
7.99999999998802
8.009999999988
8.01999999998798
8.02999999998796
8.03999999998793
8.04999999998791
8.05999999998789
8.06999999998786
8.07999999998784
8.08999999998782
8.09999999998779
8.10999999998777
8.11999999998775
8.12999999998772
8.1399999999877
8.14999999998768
8.15999999998765
8.16999999998763
8.17999999998761
8.18999999998758
8.19999999998756
8.20999999998754
8.21999999998751
8.22999999998749
8.23999999998747
8.24999999998744
8.25999999998742
8.2699999999874
8.27999999998737
8.28999999998735
8.29999999998733
8.3099999999873
8.31999999998728
8.32999999998726
8.33999999998723
8.34999999998721
8.35999999998719
8.36999999998716
8.37999999998714
8.38999999998712
8.39999999998709
8.40999999998707
8.41999999998705
8.42999999998702
8.439999999987
8.44999999998698
8.45999999998695
8.46999999998693
8.47999999998691
8.48999999998688
8.49999999998686
8.50999999998684
8.51999999998681
8.52999999998679
8.53999999998677
8.54999999998674
8.55999999998672
8.5699999999867
8.57999999998667
8.58999999998665
8.59999999998663
8.6099999999866
8.61999999998658
8.62999999998656
8.63999999998653
8.64999999998651
8.65999999998649
8.66999999998646
8.67999999998644
8.68999999998642
8.69999999998639
8.70999999998637
8.71999999998635
8.72999999998632
8.7399999999863
8.74999999998628
8.75999999998625
8.76999999998623
8.77999999998621
8.78999999998618
8.79999999998616
8.80999999998614
8.81999999998611
8.82999999998609
8.83999999998607
8.84999999998604
8.85999999998602
8.869999999986
8.87999999998597
8.88999999998595
8.89999999998593
8.9099999999859
8.91999999998588
8.92999999998586
8.93999999998583
8.94999999998581
8.95999999998579
8.96999999998576
8.97999999998574
8.98999999998572
8.99999999998569
9.00999999998567
9.01999999998565
9.02999999998563
9.0399999999856
9.04999999998558
9.05999999998556
9.06999999998553
9.07999999998551
9.08999999998549
9.09999999998546
9.10999999998544
9.11999999998542
9.12999999998539
9.13999999998537
9.14999999998535
9.15999999998532
9.1699999999853
9.17999999998528
9.18999999998525
9.19999999998523
9.20999999998521
9.21999999998518
9.22999999998516
9.23999999998514
9.24999999998511
9.25999999998509
9.26999999998507
9.27999999998504
9.28999999998502
9.299999999985
9.30999999998497
9.31999999998495
9.32999999998493
9.3399999999849
9.34999999998488
9.35999999998486
9.36999999998483
9.37999999998481
9.38999999998479
9.39999999998476
9.40999999998474
9.41999999998472
9.42999999998469
9.43999999998467
9.44999999998465
9.45999999998462
9.4699999999846
9.47999999998458
9.48999999998455
9.49999999998453
9.50999999998451
9.51999999998448
9.52999999998446
9.53999999998444
9.54999999998441
9.55999999998439
9.56999999998437
9.57999999998434
9.58999999998432
9.5999999999843
9.60999999998427
9.61999999998425
9.62999999998423
9.6399999999842
9.64999999998418
9.65999999998416
9.66999999998413
9.67999999998411
9.68999999998409
9.69999999998406
9.70999999998404
9.71999999998402
9.72999999998399
9.73999999998397
9.74999999998395
9.75999999998392
9.7699999999839
9.77999999998388
9.78999999998385
9.79999999998383
9.80999999998381
9.81999999998378
9.82999999998376
9.83999999998374
9.84999999998371
9.85999999998369
9.86999999998367
9.87999999998364
9.88999999998362
9.8999999999836
9.90999999998357
9.91999999998355
9.92999999998353
9.9399999999835
9.94999999998348
9.95999999998346
9.96999999998343
9.97999999998341
9.98999999998339
9.99999999998336
10.0099999999833
10.0199999999833
10.0299999999833
10.0399999999833
10.0499999999832
10.0599999999832
10.0699999999832
10.0799999999832
10.0899999999832
10.0999999999831
10.1099999999831
10.1199999999831
10.1299999999831
10.139999999983
10.149999999983
10.159999999983
10.169999999983
10.1799999999829
10.1899999999829
10.1999999999829
10.2099999999829
10.2199999999829
10.2299999999828
10.2399999999828
10.2499999999828
10.2599999999828
10.2699999999827
10.2799999999827
10.2899999999827
10.2999999999827
10.3099999999826
10.3199999999826
10.3299999999826
10.3399999999826
10.3499999999825
10.3599999999825
10.3699999999825
10.3799999999825
10.3899999999825
10.3999999999824
10.4099999999824
10.4199999999824
10.4299999999824
10.4399999999823
10.4499999999823
10.4599999999823
10.4699999999823
10.4799999999822
10.4899999999822
10.4999999999822
10.5099999999822
10.5199999999822
10.5299999999821
10.5399999999821
10.5499999999821
10.5599999999821
10.569999999982
10.579999999982
10.589999999982
10.599999999982
10.6099999999819
10.6199999999819
10.6299999999819
10.6399999999819
10.6499999999818
10.6599999999818
10.6699999999818
10.6799999999818
10.6899999999818
10.6999999999817
10.7099999999817
10.7199999999817
10.7299999999817
10.7399999999816
10.7499999999816
10.7599999999816
10.7699999999816
10.7799999999815
10.7899999999815
10.7999999999815
10.8099999999815
10.8199999999815
10.8299999999814
10.8399999999814
10.8499999999814
10.8599999999814
10.8699999999813
10.8799999999813
10.8899999999813
10.8999999999813
10.9099999999812
10.9199999999812
10.9299999999812
10.9399999999812
10.9499999999812
10.9599999999811
10.9699999999811
10.9799999999811
10.9899999999811
10.999999999981
11.009999999981
11.019999999981
11.029999999981
11.0399999999809
11.0499999999809
11.0599999999809
11.0699999999809
11.0799999999808
11.0899999999808
11.0999999999808
11.1099999999808
11.1199999999808
11.1299999999807
11.1399999999807
11.1499999999807
11.1599999999807
11.1699999999806
11.1799999999806
11.1899999999806
11.1999999999806
11.2099999999805
11.2199999999805
11.2299999999805
11.2399999999805
11.2499999999805
11.2599999999804
11.2699999999804
11.2799999999804
11.2899999999804
11.2999999999803
11.3099999999803
11.3199999999803
11.3299999999803
11.3399999999802
11.3499999999802
11.3599999999802
11.3699999999802
11.3799999999801
11.3899999999801
11.3999999999801
11.4099999999801
11.4199999999801
11.42999999998
11.43999999998
11.44999999998
11.45999999998
11.4699999999799
11.4799999999799
11.4899999999799
11.4999999999799
11.5099999999798
11.5199999999798
11.5299999999798
11.5399999999798
11.5499999999798
11.5599999999797
11.5699999999797
11.5799999999797
11.5899999999797
11.5999999999796
11.6099999999796
11.6199999999796
11.6299999999796
11.6399999999795
11.6499999999795
11.6599999999795
11.6699999999795
11.6799999999794
11.6899999999794
11.6999999999794
11.7099999999794
11.7199999999794
11.7299999999793
11.7399999999793
11.7499999999793
11.7599999999793
11.7699999999792
11.7799999999792
11.7899999999792
11.7999999999792
11.8099999999791
11.8199999999791
11.8299999999791
11.8399999999791
11.8499999999791
11.859999999979
11.869999999979
11.879999999979
11.889999999979
11.8999999999789
11.9099999999789
11.9199999999789
11.9299999999789
11.9399999999788
11.9499999999788
11.9599999999788
11.9699999999788
11.9799999999787
11.9899999999787
11.9999999999787
12.0099999999787
12.0199999999787
12.0299999999786
12.0399999999786
12.0499999999786
12.0599999999786
12.0699999999785
12.0799999999785
12.0899999999785
12.0999999999785
12.1099999999784
12.1199999999784
12.1299999999784
12.1399999999784
12.1499999999784
12.1599999999783
12.1699999999783
12.1799999999783
12.1899999999783
12.1999999999782
12.2099999999782
12.2199999999782
12.2299999999782
12.2399999999781
12.2499999999781
12.2599999999781
12.2699999999781
12.2799999999781
12.289999999978
12.299999999978
12.309999999978
12.319999999978
12.3299999999779
12.3399999999779
12.3499999999779
12.3599999999779
12.3699999999778
12.3799999999778
12.3899999999778
12.3999999999778
12.4099999999777
12.4199999999777
12.4299999999777
12.4399999999777
12.4499999999777
12.4599999999776
12.4699999999776
12.4799999999776
12.4899999999776
12.4999999999775
12.5099999999775
12.5199999999775
12.5299999999775
12.5399999999774
12.5499999999774
12.5599999999774
12.5699999999774
12.5799999999774
12.5899999999773
12.5999999999773
12.6099999999773
12.6199999999773
12.6299999999772
12.6399999999772
12.6499999999772
12.6599999999772
12.6699999999771
12.6799999999771
12.6899999999771
12.6999999999771
12.709999999977
12.719999999977
12.729999999977
12.739999999977
12.749999999977
12.7599999999769
12.7699999999769
12.7799999999769
12.7899999999769
12.7999999999768
12.8099999999768
12.8199999999768
12.8299999999768
12.8399999999767
12.8499999999767
12.8599999999767
12.8699999999767
12.8799999999767
12.8899999999766
12.8999999999766
12.9099999999766
12.9199999999766
12.9299999999765
12.9399999999765
12.9499999999765
12.9599999999765
12.9699999999764
12.9799999999764
12.9899999999764
12.9999999999764
13.0099999999763
13.0199999999763
13.0299999999763
13.0399999999763
13.0499999999763
13.0599999999762
13.0699999999762
13.0799999999762
13.0899999999762
13.0999999999761
13.1099999999761
13.1199999999761
13.1299999999761
13.139999999976
13.149999999976
13.159999999976
13.169999999976
13.179999999976
13.1899999999759
13.1999999999759
13.2099999999759
13.2199999999759
13.2299999999758
13.2399999999758
13.2499999999758
13.2599999999758
13.2699999999757
13.2799999999757
13.2899999999757
13.2999999999757
13.3099999999757
13.3199999999756
13.3299999999756
13.3399999999756
13.3499999999756
13.3599999999755
13.3699999999755
13.3799999999755
13.3899999999755
13.3999999999754
13.4099999999754
13.4199999999754
13.4299999999754
13.4399999999753
13.4499999999753
13.4599999999753
13.4699999999753
13.4799999999753
13.4899999999752
13.4999999999752
13.5099999999752
13.5199999999752
13.5299999999751
13.5399999999751
13.5499999999751
13.5599999999751
13.569999999975
13.579999999975
13.589999999975
13.599999999975
13.609999999975
13.6199999999749
13.6299999999749
13.6399999999749
13.6499999999749
13.6599999999748
13.6699999999748
13.6799999999748
13.6899999999748
13.6999999999747
13.7099999999747
13.7199999999747
13.7299999999747
13.7399999999746
13.7499999999746
13.7599999999746
13.7699999999746
13.7799999999746
13.7899999999745
13.7999999999745
13.8099999999745
13.8199999999745
13.8299999999744
13.8399999999744
13.8499999999744
13.8599999999744
13.8699999999743
13.8799999999743
13.8899999999743
13.8999999999743
13.9099999999743
13.9199999999742
13.9299999999742
13.9399999999742
13.9499999999742
13.9599999999741
13.9699999999741
13.9799999999741
13.9899999999741
13.999999999974
14.009999999974
14.019999999974
14.029999999974
14.0399999999739
14.0499999999739
14.0599999999739
14.0699999999739
14.0799999999739
14.0899999999738
14.0999999999738
14.1099999999738
14.1199999999738
14.1299999999737
14.1399999999737
14.1499999999737
14.1599999999737
14.1699999999736
14.1799999999736
14.1899999999736
14.1999999999736
14.2099999999736
14.2199999999735
14.2299999999735
14.2399999999735
14.2499999999735
14.2599999999734
14.2699999999734
14.2799999999734
14.2899999999734
14.2999999999733
14.3099999999733
14.3199999999733
14.3299999999733
14.3399999999732
14.3499999999732
14.3599999999732
14.3699999999732
14.3799999999732
14.3899999999731
14.3999999999731
14.4099999999731
14.4199999999731
14.429999999973
14.439999999973
14.449999999973
14.459999999973
14.4699999999729
14.4799999999729
14.4899999999729
14.4999999999729
14.5099999999729
14.5199999999728
14.5299999999728
14.5399999999728
14.5499999999728
14.5599999999727
14.5699999999727
14.5799999999727
14.5899999999727
14.5999999999726
14.6099999999726
14.6199999999726
14.6299999999726
14.6399999999726
14.6499999999725
14.6599999999725
14.6699999999725
14.6799999999725
14.6899999999724
14.6999999999724
14.7099999999724
14.7199999999724
14.7299999999723
14.7399999999723
14.7499999999723
14.7599999999723
14.7699999999722
14.7799999999722
14.7899999999722
14.7999999999722
14.8099999999722
14.8199999999721
14.8299999999721
14.8399999999721
14.8499999999721
14.859999999972
14.869999999972
14.879999999972
14.889999999972
14.8999999999719
14.9099999999719
14.9199999999719
14.9299999999719
14.9399999999719
14.9499999999718
14.9599999999718
14.9699999999718
14.9799999999718
14.9899999999717
14.9999999999717
15.0099999999717
15.0199999999717
15.0299999999716
15.0399999999716
15.0499999999716
15.0599999999716
15.0699999999715
15.0799999999715
15.0899999999715
15.0999999999715
15.1099999999715
15.1199999999714
15.1299999999714
15.1399999999714
15.1499999999714
15.1599999999713
15.1699999999713
15.1799999999713
15.1899999999713
15.1999999999712
15.2099999999712
15.2199999999712
15.2299999999712
15.2399999999712
15.2499999999711
15.2599999999711
15.2699999999711
15.2799999999711
15.289999999971
15.299999999971
15.309999999971
15.319999999971
15.3299999999709
15.3399999999709
15.3499999999709
15.3599999999709
15.3699999999708
15.3799999999708
15.3899999999708
15.3999999999708
15.4099999999708
15.4199999999707
15.4299999999707
15.4399999999707
15.4499999999707
15.4599999999706
15.4699999999706
15.4799999999706
15.4899999999706
15.4999999999705
15.5099999999705
15.5199999999705
15.5299999999705
15.5399999999705
15.5499999999704
15.5599999999704
15.5699999999704
15.5799999999704
15.5899999999703
15.5999999999703
15.6099999999703
15.6199999999703
15.6299999999702
15.6399999999702
15.6499999999702
15.6599999999702
15.6699999999702
15.6799999999701
15.6899999999701
15.6999999999701
15.7099999999701
15.71999999997
15.72999999997
15.73999999997
15.74999999997
15.7599999999699
15.7699999999699
15.7799999999699
15.7899999999699
15.7999999999698
15.8099999999698
15.8199999999698
15.8299999999698
15.8399999999698
15.8499999999697
15.8599999999697
15.8699999999697
15.8799999999697
15.8899999999696
15.8999999999696
15.9099999999696
15.9199999999696
15.9299999999695
15.9399999999695
15.9499999999695
15.9599999999695
15.9699999999695
15.9799999999694
15.9899999999694
15.9999999999694
16.0099999999697
16.01999999997
16.0299999999704
16.0399999999707
16.049999999971
16.0599999999714
16.0699999999717
16.079999999972
16.0899999999724
16.0999999999727
16.109999999973
16.1199999999734
16.1299999999737
16.139999999974
16.1499999999744
16.1599999999747
16.169999999975
16.1799999999754
16.1899999999757
16.199999999976
16.2099999999764
16.2199999999767
16.229999999977
16.2399999999773
16.2499999999777
16.259999999978
16.2699999999783
16.2799999999787
16.289999999979
16.2999999999793
16.3099999999797
16.31999999998
16.3299999999803
16.3399999999807
16.349999999981
16.3599999999813
16.3699999999817
16.379999999982
16.3899999999823
16.3999999999827
16.409999999983
16.4199999999833
16.4299999999837
16.439999999984
16.4499999999843
16.4599999999846
16.469999999985
16.4799999999853
16.4899999999856
16.499999999986
16.5099999999863
16.5199999999866
16.529999999987
16.5399999999873
16.5499999999876
16.559999999988
16.5699999999883
16.5799999999886
16.589999999989
16.5999999999893
16.6099999999896
16.61999999999
16.6299999999903
16.6399999999906
16.649999999991
16.6599999999913
16.6699999999916
16.679999999992
16.6899999999923
16.6999999999926
16.7099999999929
16.7199999999933
16.7299999999936
16.7399999999939
16.7499999999943
16.7599999999946
16.7699999999949
16.7799999999953
16.7899999999956
16.7999999999959
16.8099999999963
16.8199999999966
16.8299999999969
16.8399999999973
16.8499999999976
16.8599999999979
16.8699999999983
16.8799999999986
16.8899999999989
16.8999999999993
16.9099999999996
16.9199999999999
16.9300000000003
16.9400000000006
16.9500000000009
16.9600000000012
16.9700000000016
16.9800000000019
16.9900000000022
17.0000000000026
17.0100000000029
17.0200000000032
17.0300000000036
17.0400000000039
17.0500000000042
17.0600000000046
17.0700000000049
17.0800000000052
17.0900000000056
17.1000000000059
17.1100000000062
17.1200000000066
17.1300000000069
17.1400000000072
17.1500000000076
17.1600000000079
17.1700000000082
17.1800000000086
17.1900000000089
17.2000000000092
17.2100000000095
17.2200000000099
17.2300000000102
17.2400000000105
17.2500000000109
17.2600000000112
17.2700000000115
17.2800000000119
17.2900000000122
17.3000000000125
17.3100000000129
17.3200000000132
17.3300000000135
17.3400000000139
17.3500000000142
17.3600000000145
17.3700000000149
17.3800000000152
17.3900000000155
17.4000000000159
17.4100000000162
17.4200000000165
17.4300000000169
17.4400000000172
17.4500000000175
17.4600000000178
17.4700000000182
17.4800000000185
17.4900000000188
17.5000000000192
17.5100000000195
17.5200000000198
17.5300000000202
17.5400000000205
17.5500000000208
17.5600000000212
17.5700000000215
17.5800000000218
17.5900000000222
17.6000000000225
17.6100000000228
17.6200000000232
17.6300000000235
17.6400000000238
17.6500000000242
17.6600000000245
17.6700000000248
17.6800000000251
17.6900000000255
17.7000000000258
17.7100000000261
17.7200000000265
17.7300000000268
17.7400000000271
17.7500000000275
17.7600000000278
17.7700000000281
17.7800000000285
17.7900000000288
17.8000000000291
17.8100000000295
17.8200000000298
17.8300000000301
17.8400000000305
17.8500000000308
17.8600000000311
17.8700000000315
17.8800000000318
17.8900000000321
17.9000000000325
17.9100000000328
17.9200000000331
17.9300000000334
17.9400000000338
17.9500000000341
17.9600000000344
17.9700000000348
17.9800000000351
17.9900000000354
18.0000000000358
18.0100000000361
18.0200000000364
18.0300000000368
18.0400000000371
18.0500000000374
18.0600000000378
18.0700000000381
18.0800000000384
18.0900000000388
18.1000000000391
18.1100000000394
18.1200000000398
18.1300000000401
18.1400000000404
18.1500000000408
18.1600000000411
18.1700000000414
18.1800000000417
18.1900000000421
18.2000000000424
18.2100000000427
18.2200000000431
18.2300000000434
18.2400000000437
18.2500000000441
18.2600000000444
18.2700000000447
18.2800000000451
18.2900000000454
18.3000000000457
18.3100000000461
18.3200000000464
18.3300000000467
18.3400000000471
18.3500000000474
18.3600000000477
18.3700000000481
18.3800000000484
18.3900000000487
18.4000000000491
18.4100000000494
18.4200000000497
18.43000000005
18.4400000000504
18.4500000000507
18.460000000051
18.4700000000514
18.4800000000517
18.490000000052
18.5000000000524
18.5100000000527
18.520000000053
18.5300000000534
18.5400000000537
18.550000000054
18.5600000000544
18.5700000000547
18.580000000055
18.5900000000554
18.6000000000557
18.610000000056
18.6200000000564
18.6300000000567
18.640000000057
18.6500000000574
18.6600000000577
18.670000000058
18.6800000000583
18.6900000000587
18.700000000059
18.7100000000593
18.7200000000597
18.73000000006
18.7400000000603
18.7500000000607
18.760000000061
18.7700000000613
18.7800000000617
18.790000000062
18.8000000000623
18.8100000000627
18.820000000063
18.8300000000633
18.8400000000637
18.850000000064
18.8600000000643
18.8700000000647
18.880000000065
18.8900000000653
18.9000000000656
18.910000000066
18.9200000000663
18.9300000000666
18.940000000067
18.9500000000673
18.9600000000676
18.970000000068
18.9800000000683
18.9900000000686
19.000000000069
19.0100000000693
19.0200000000696
19.03000000007
19.0400000000703
19.0500000000706
19.060000000071
19.0700000000713
19.0800000000716
19.090000000072
19.1000000000723
19.1100000000726
19.120000000073
19.1300000000733
19.1400000000736
19.1500000000739
19.1600000000743
19.1700000000746
19.1800000000749
19.1900000000753
19.2000000000756
19.2100000000759
19.2200000000763
19.2300000000766
19.2400000000769
19.2500000000773
19.2600000000776
19.2700000000779
19.2800000000783
19.2900000000786
19.3000000000789
19.3100000000793
19.3200000000796
19.3300000000799
19.3400000000803
19.3500000000806
19.3600000000809
19.3700000000813
19.3800000000816
19.3900000000819
19.4000000000822
19.4100000000826
19.4200000000829
19.4300000000832
19.4400000000836
19.4500000000839
19.4600000000842
19.4700000000846
19.4800000000849
19.4900000000852
19.5000000000856
19.5100000000859
19.5200000000862
19.5300000000866
19.5400000000869
19.5500000000872
19.5600000000876
19.5700000000879
19.5800000000882
19.5900000000886
19.6000000000889
19.6100000000892
19.6200000000896
19.6300000000899
19.6400000000902
19.6500000000905
19.6600000000909
19.6700000000912
19.6800000000915
19.6900000000919
19.7000000000922
19.7100000000925
19.7200000000929
19.7300000000932
19.7400000000935
19.7500000000939
19.7600000000942
19.7700000000945
19.7800000000949
19.7900000000952
19.8000000000955
19.8100000000959
19.8200000000962
19.8300000000965
19.8400000000969
19.8500000000972
19.8600000000975
19.8700000000978
19.8800000000982
19.8900000000985
19.9000000000988
19.9100000000992
19.9200000000995
19.9300000000998
19.9400000001002
19.9500000001005
19.9600000001008
19.9700000001012
19.9800000001015
19.9900000001018
20.0000000001022
20.0100000001025
20.0200000001028
20.0300000001032
20.0400000001035
20.0500000001038
20.0600000001042
20.0700000001045
20.0800000001048
20.0900000001052
20.1000000001055
20.1100000001058
20.1200000001061
20.1300000001065
20.1400000001068
20.1500000001071
20.1600000001075
20.1700000001078
20.1800000001081
20.1900000001085
20.2000000001088
20.2100000001091
20.2200000001095
20.2300000001098
20.2400000001101
20.2500000001105
20.2600000001108
20.2700000001111
20.2800000001115
20.2900000001118
20.3000000001121
20.3100000001125
20.3200000001128
20.3300000001131
20.3400000001135
20.3500000001138
20.3600000001141
20.3700000001144
20.3800000001148
20.3900000001151
20.4000000001154
20.4100000001158
20.4200000001161
20.4300000001164
20.4400000001168
20.4500000001171
20.4600000001174
20.4700000001178
20.4800000001181
20.4900000001184
20.5000000001188
20.5100000001191
20.5200000001194
20.5300000001198
20.5400000001201
20.5500000001204
20.5600000001208
20.5700000001211
20.5800000001214
20.5900000001218
20.6000000001221
20.6100000001224
20.6200000001227
20.6300000001231
20.6400000001234
20.6500000001237
20.6600000001241
20.6700000001244
20.6800000001247
20.6900000001251
20.7000000001254
20.7100000001257
20.7200000001261
20.7300000001264
20.7400000001267
20.7500000001271
20.7600000001274
20.7700000001277
20.7800000001281
20.7900000001284
20.8000000001287
20.8100000001291
20.8200000001294
20.8300000001297
20.8400000001301
20.8500000001304
20.8600000001307
20.870000000131
20.8800000001314
20.8900000001317
20.900000000132
20.9100000001324
20.9200000001327
20.930000000133
20.9400000001334
20.9500000001337
20.960000000134
20.9700000001344
20.9800000001347
20.990000000135
21.0000000001354
21.0100000001357
21.020000000136
21.0300000001364
21.0400000001367
21.050000000137
21.0600000001374
21.0700000001377
21.080000000138
21.0900000001383
21.1000000001387
21.110000000139
21.1200000001393
21.1300000001397
21.14000000014
21.1500000001403
21.1600000001407
21.170000000141
21.1800000001413
21.1900000001417
21.200000000142
21.2100000001423
21.2200000001427
21.230000000143
21.2400000001433
21.2500000001437
21.260000000144
21.2700000001443
21.2800000001447
21.290000000145
21.3000000001453
21.3100000001457
21.320000000146
21.3300000001463
21.3400000001466
21.350000000147
21.3600000001473
21.3700000001476
21.380000000148
21.3900000001483
21.4000000001486
21.410000000149
21.4200000001493
21.4300000001496
21.44000000015
21.4500000001503
21.4600000001506
21.470000000151
21.4800000001513
21.4900000001516
21.500000000152
21.5100000001523
21.5200000001526
21.530000000153
21.5400000001533
21.5500000001536
21.560000000154
21.5700000001543
21.5800000001546
21.5900000001549
21.6000000001553
21.6100000001556
21.6200000001559
21.6300000001563
21.6400000001566
21.6500000001569
21.6600000001573
21.6700000001576
21.6800000001579
21.6900000001583
21.7000000001586
21.7100000001589
21.7200000001593
21.7300000001596
21.7400000001599
21.7500000001603
21.7600000001606
21.7700000001609
21.7800000001613
21.7900000001616
21.8000000001619
21.8100000001623
21.8200000001626
21.8300000001629
21.8400000001632
21.8500000001636
21.8600000001639
21.8700000001642
21.8800000001646
21.8900000001649
21.9000000001652
21.9100000001656
21.9200000001659
21.9300000001662
21.9400000001666
21.9500000001669
21.9600000001672
21.9700000001676
21.9800000001679
21.9900000001682
22.0000000001686
22.0100000001689
22.0200000001692
22.0300000001696
22.0400000001699
22.0500000001702
22.0600000001706
22.0700000001709
22.0800000001712
22.0900000001715
22.1000000001719
22.1100000001722
22.1200000001725
22.1300000001729
22.1400000001732
22.1500000001735
22.1600000001739
22.1700000001742
22.1800000001745
22.1900000001749
22.2000000001752
22.2100000001755
22.2200000001759
22.2300000001762
22.2400000001765
22.2500000001769
22.2600000001772
22.2700000001775
22.2800000001779
22.2900000001782
22.3000000001785
22.3100000001788
22.3200000001792
22.3300000001795
22.3400000001798
22.3500000001802
22.3600000001805
22.3700000001808
22.3800000001812
22.3900000001815
22.4000000001818
22.4100000001822
22.4200000001825
22.4300000001828
22.4400000001832
22.4500000001835
22.4600000001838
22.4700000001842
22.4800000001845
22.4900000001848
22.5000000001852
22.5100000001855
22.5200000001858
22.5300000001862
22.5400000001865
22.5500000001868
22.5600000001871
22.5700000001875
22.5800000001878
22.5900000001881
22.6000000001885
22.6100000001888
22.6200000001891
22.6300000001895
22.6400000001898
22.6500000001901
22.6600000001905
22.6700000001908
22.6800000001911
22.6900000001915
22.7000000001918
22.7100000001921
22.7200000001925
22.7300000001928
22.7400000001931
22.7500000001935
22.7600000001938
22.7700000001941
22.7800000001945
22.7900000001948
22.8000000001951
22.8100000001954
22.8200000001958
22.8300000001961
22.8400000001964
22.8500000001968
22.8600000001971
22.8700000001974
22.8800000001978
22.8900000001981
22.9000000001984
22.9100000001988
22.9200000001991
22.9300000001994
22.9400000001998
22.9500000002001
22.9600000002004
22.9700000002008
22.9800000002011
22.9900000002014
23.0000000002018
23.0100000002021
23.0200000002024
23.0300000002028
23.0400000002031
23.0500000002034
23.0600000002037
23.0700000002041
23.0800000002044
23.0900000002047
23.1000000002051
23.1100000002054
23.1200000002057
23.1300000002061
23.1400000002064
23.1500000002067
23.1600000002071
23.1700000002074
23.1800000002077
23.1900000002081
23.2000000002084
23.2100000002087
23.2200000002091
23.2300000002094
23.2400000002097
23.2500000002101
23.2600000002104
23.2700000002107
23.2800000002111
23.2900000002114
23.3000000002117
23.310000000212
23.3200000002124
23.3300000002127
23.340000000213
23.3500000002134
23.3600000002137
23.370000000214
23.3800000002144
23.3900000002147
23.400000000215
23.4100000002154
23.4200000002157
23.430000000216
23.4400000002164
23.4500000002167
23.460000000217
23.4700000002174
23.4800000002177
23.490000000218
23.5000000002184
23.5100000002187
23.520000000219
23.5300000002193
23.5400000002197
23.55000000022
23.5600000002203
23.5700000002207
23.580000000221
23.5900000002213
23.6000000002217
23.610000000222
23.6200000002223
23.6300000002227
23.640000000223
23.6500000002233
23.6600000002237
23.670000000224
23.6800000002243
23.6900000002247
23.700000000225
23.7100000002253
23.7200000002257
23.730000000226
23.7400000002263
23.7500000002267
23.760000000227
23.7700000002273
23.7800000002276
23.790000000228
23.8000000002283
23.8100000002286
23.820000000229
23.8300000002293
23.8400000002296
23.85000000023
23.8600000002303
23.8700000002306
23.880000000231
23.8900000002313
23.9000000002316
23.910000000232
23.9200000002323
23.9300000002326
23.940000000233
23.9500000002333
23.9600000002336
23.970000000234
23.9800000002343
23.9900000002346
24.000000000235
24.0100000002353
24.0200000002356
24.0300000002359
24.0400000002363
24.0500000002366
24.0600000002369
24.0700000002373
24.0800000002376
24.0900000002379
24.1000000002383
24.1100000002386
24.1200000002389
24.1300000002393
24.1400000002396
24.1500000002399
24.1600000002403
24.1700000002406
24.1800000002409
24.1900000002413
24.2000000002416
24.2100000002419
24.2200000002423
24.2300000002426
24.2400000002429
24.2500000002433
24.2600000002436
24.2700000002439
24.2800000002442
24.2900000002446
24.3000000002449
24.3100000002452
24.3200000002456
24.3300000002459
24.3400000002462
24.3500000002466
24.3600000002469
24.3700000002472
24.3800000002476
24.3900000002479
24.4000000002482
24.4100000002486
24.4200000002489
24.4300000002492
24.4400000002496
24.4500000002499
24.4600000002502
24.4700000002506
24.4800000002509
24.4900000002512
24.5000000002515
24.5100000002519
24.5200000002522
24.5300000002525
24.5400000002529
24.5500000002532
24.5600000002535
24.5700000002539
24.5800000002542
24.5900000002545
24.6000000002549
24.6100000002552
24.6200000002555
24.6300000002559
24.6400000002562
24.6500000002565
24.6600000002569
24.6700000002572
24.6800000002575
24.6900000002579
24.7000000002582
24.7100000002585
24.7200000002589
24.7300000002592
24.7400000002595
24.7500000002598
24.7600000002602
24.7700000002605
24.7800000002608
24.7900000002612
24.8000000002615
24.8100000002618
24.8200000002622
24.8300000002625
24.8400000002628
24.8500000002632
24.8600000002635
24.8700000002638
24.8800000002642
24.8900000002645
24.9000000002648
24.9100000002652
24.9200000002655
24.9300000002658
24.9400000002662
24.9500000002665
24.9600000002668
24.9700000002672
24.9800000002675
24.9900000002678
25.0000000002681
25.0100000002685
25.0200000002688
25.0300000002691
25.0400000002695
25.0500000002698
25.0600000002701
25.0700000002705
25.0800000002708
25.0900000002711
25.1000000002715
25.1100000002718
25.1200000002721
25.1300000002725
25.1400000002728
25.1500000002731
25.1600000002735
25.1700000002738
25.1800000002741
25.1900000002745
25.2000000002748
25.2100000002751
25.2200000002755
25.2300000002758
25.2400000002761
25.2500000002764
25.2600000002768
25.2700000002771
25.2800000002774
25.2900000002778
25.3000000002781
25.3100000002784
25.3200000002788
25.3300000002791
25.3400000002794
25.3500000002798
25.3600000002801
25.3700000002804
25.3800000002808
25.3900000002811
25.4000000002814
25.4100000002818
25.4200000002821
25.4300000002824
25.4400000002828
25.4500000002831
25.4600000002834
25.4700000002838
25.4800000002841
25.4900000002844
25.5000000002847
25.5100000002851
25.5200000002854
25.5300000002857
25.5400000002861
25.5500000002864
25.5600000002867
25.5700000002871
25.5800000002874
25.5900000002877
25.6000000002881
25.6100000002884
25.6200000002887
25.6300000002891
25.6400000002894
25.6500000002897
25.6600000002901
25.6700000002904
25.6800000002907
25.6900000002911
25.7000000002914
25.7100000002917
25.720000000292
25.7300000002924
25.7400000002927
25.750000000293
25.7600000002934
25.7700000002937
25.780000000294
25.7900000002944
25.8000000002947
25.810000000295
25.8200000002954
25.8300000002957
25.840000000296
25.8500000002964
25.8600000002967
25.870000000297
25.8800000002974
25.8900000002977
25.900000000298
25.9100000002984
25.9200000002987
25.930000000299
25.9400000002994
25.9500000002997
25.9600000003
25.9700000003003
25.9800000003007
25.990000000301
26.0000000003013
26.0100000003017
26.020000000302
26.0300000003023
26.0400000003027
26.050000000303
26.0600000003033
26.0700000003037
26.080000000304
26.0900000003043
26.1000000003047
26.110000000305
26.1200000003053
26.1300000003057
26.140000000306
26.1500000003063
26.1600000003067
26.170000000307
26.1800000003073
26.1900000003077
26.200000000308
26.2100000003083
26.2200000003086
26.230000000309
26.2400000003093
26.2500000003096
26.26000000031
26.2700000003103
26.2800000003106
26.290000000311
26.3000000003113
26.3100000003116
26.320000000312
26.3300000003123
26.3400000003126
26.350000000313
26.3600000003133
26.3700000003136
26.380000000314
26.3900000003143
26.4000000003146
26.410000000315
26.4200000003153
26.4300000003156
26.440000000316
26.4500000003163
26.4600000003166
26.4700000003169
26.4800000003173
26.4900000003176
26.5000000003179
26.5100000003183
26.5200000003186
26.5300000003189
26.5400000003193
26.5500000003196
26.5600000003199
26.5700000003203
26.5800000003206
26.5900000003209
26.6000000003213
26.6100000003216
26.6200000003219
26.6300000003223
26.6400000003226
26.6500000003229
26.6600000003233
26.6700000003236
26.6800000003239
26.6900000003243
26.7000000003246
26.7100000003249
26.7200000003252
26.7300000003256
26.7400000003259
26.7500000003262
26.7600000003266
26.7700000003269
26.7800000003272
26.7900000003276
26.8000000003279
26.8100000003282
26.8200000003286
26.8300000003289
26.8400000003292
26.8500000003296
26.8600000003299
26.8700000003302
26.8800000003306
26.8900000003309
26.9000000003312
26.9100000003316
26.9200000003319
26.9300000003322
26.9400000003325
26.9500000003329
26.9600000003332
26.9700000003335
26.9800000003339
26.9900000003342
27.0000000003345
27.0100000003349
27.0200000003352
27.0300000003355
27.0400000003359
27.0500000003362
27.0600000003365
27.0700000003369
27.0800000003372
27.0900000003375
27.1000000003379
27.1100000003382
27.1200000003385
27.1300000003389
27.1400000003392
27.1500000003395
27.1600000003399
27.1700000003402
27.1800000003405
27.1900000003408
27.2000000003412
27.2100000003415
27.2200000003418
27.2300000003422
27.2400000003425
27.2500000003428
27.2600000003432
27.2700000003435
27.2800000003438
27.2900000003442
27.3000000003445
27.3100000003448
27.3200000003452
27.3300000003455
27.3400000003458
27.3500000003462
27.3600000003465
27.3700000003468
27.3800000003472
27.3900000003475
27.4000000003478
27.4100000003482
27.4200000003485
27.4300000003488
27.4400000003491
27.4500000003495
27.4600000003498
27.4700000003501
27.4800000003505
27.4900000003508
27.5000000003511
27.5100000003515
27.5200000003518
27.5300000003521
27.5400000003525
27.5500000003528
27.5600000003531
27.5700000003535
27.5800000003538
27.5900000003541
27.6000000003545
27.6100000003548
27.6200000003551
27.6300000003555
27.6400000003558
27.6500000003561
27.6600000003565
27.6700000003568
27.6800000003571
27.6900000003574
27.7000000003578
27.7100000003581
27.7200000003584
27.7300000003588
27.7400000003591
27.7500000003594
27.7600000003598
27.7700000003601
27.7800000003604
27.7900000003608
27.8000000003611
27.8100000003614
27.8200000003618
27.8300000003621
27.8400000003624
27.8500000003628
27.8600000003631
27.8700000003634
27.8800000003638
27.8900000003641
27.9000000003644
27.9100000003648
27.9200000003651
27.9300000003654
27.9400000003657
27.9500000003661
27.9600000003664
27.9700000003667
27.9800000003671
27.9900000003674
28.0000000003677
28.0100000003681
28.0200000003684
28.0300000003687
28.0400000003691
28.0500000003694
28.0600000003697
28.0700000003701
28.0800000003704
28.0900000003707
28.1000000003711
28.1100000003714
28.1200000003717
28.1300000003721
28.1400000003724
28.1500000003727
28.160000000373
28.1700000003734
28.1800000003737
28.190000000374
28.2000000003744
28.2100000003747
28.220000000375
28.2300000003754
28.2400000003757
28.250000000376
28.2600000003764
28.2700000003767
28.280000000377
28.2900000003774
28.3000000003777
28.310000000378
28.3200000003784
28.3300000003787
28.340000000379
28.3500000003794
28.3600000003797
28.37000000038
28.3800000003804
28.3900000003807
28.400000000381
28.4100000003813
28.4200000003817
28.430000000382
28.4400000003823
28.4500000003827
28.460000000383
28.4700000003833
28.4800000003837
28.490000000384
28.5000000003843
28.5100000003847
28.520000000385
28.5300000003853
28.5400000003857
28.550000000386
28.5600000003863
28.5700000003867
28.580000000387
28.5900000003873
28.6000000003877
28.610000000388
28.6200000003883
28.6300000003887
28.640000000389
28.6500000003893
28.6600000003896
28.67000000039
28.6800000003903
28.6900000003906
28.700000000391
28.7100000003913
28.7200000003916
28.730000000392
28.7400000003923
28.7500000003926
28.760000000393
28.7700000003933
28.7800000003936
28.790000000394
28.8000000003943
28.8100000003946
28.820000000395
28.8300000003953
28.8400000003956
28.850000000396
28.8600000003963
28.8700000003966
28.880000000397
28.8900000003973
28.9000000003976
28.9100000003979
28.9200000003983
28.9300000003986
28.9400000003989
28.9500000003993
28.9600000003996
28.9700000003999
28.9800000004003
28.9900000004006
29.0000000004009
29.0100000004013
29.0200000004016
29.0300000004019
29.0400000004023
29.0500000004026
29.0600000004029
29.0700000004033
29.0800000004036
29.0900000004039
29.1000000004043
29.1100000004046
29.1200000004049
29.1300000004052
29.1400000004056
29.1500000004059
29.1600000004062
29.1700000004066
29.1800000004069
29.1900000004072
29.2000000004076
29.2100000004079
29.2200000004082
29.2300000004086
29.2400000004089
29.2500000004092
29.2600000004096
29.2700000004099
29.2800000004102
29.2900000004106
29.3000000004109
29.3100000004112
29.3200000004116
29.3300000004119
29.3400000004122
29.3500000004126
29.3600000004129
29.3700000004132
29.3800000004135
29.3900000004139
29.4000000004142
29.4100000004145
29.4200000004149
29.4300000004152
29.4400000004155
29.4500000004159
29.4600000004162
29.4700000004165
29.4800000004169
29.4900000004172
29.5000000004175
29.5100000004179
29.5200000004182
29.5300000004185
29.5400000004189
29.5500000004192
29.5600000004195
29.5700000004199
29.5800000004202
29.5900000004205
29.6000000004209
29.6100000004212
29.6200000004215
29.6300000004218
29.6400000004222
29.6500000004225
29.6600000004228
29.6700000004232
29.6800000004235
29.6900000004238
29.7000000004242
29.7100000004245
29.7200000004248
29.7300000004252
29.7400000004255
29.7500000004258
29.7600000004262
29.7700000004265
29.7800000004268
29.7900000004272
29.8000000004275
29.8100000004278
29.8200000004282
29.8300000004285
29.8400000004288
29.8500000004292
29.8600000004295
29.8700000004298
29.8800000004301
29.8900000004305
29.9000000004308
29.9100000004311
29.9200000004315
29.9300000004318
29.9400000004321
29.9500000004325
29.9600000004328
29.9700000004331
29.9800000004335
29.9900000004338
