0    1.00000000000004    -0.00369669901657555    1.00000000172622    2.24721676926527e-05    4.1546925314776e-05    0.00296758893270312
0.01    0.999962886669082    -0.00372587970836632    0.999925776687508    2.12333832265151e-05    4.44065904313501e-05    0.00271131031519802
0.02    0.999925484300294    -0.00375450833379588    0.999850976485926    1.96952509790575e-05    4.82985425868767e-05    0.00236620331977512
0.03    0.99988779836253    -0.00378259522159722    0.999775611580053    2.02241167817179e-05    4.7600260314608e-05    0.00243230141455942
0.04    0.999849834221894    -0.00381015066126896    0.999699692918349    2.1657831997171e-05    4.38725488338139e-05    0.00267218710714701
0.05    0.99981159714167    -0.00383718482153474    0.999623231567238    2.18251816155698e-05    4.22878388760184e-05    0.00266480660854652
0.06    0.999773092284977    -0.0038637075836229    0.999546237972797    2.09919641204724e-05    4.37690760408036e-05    0.00246246377206392
0.07    0.999734324717564    -0.00388972855994195    0.999468722030583    2.07090351146959e-05    4.4856433184636e-05    0.00236200060217347
0.0800000000000001    0.999695299409931    -0.00391525721969253    0.99939069361398    2.11648686908434e-05    4.41776847214633e-05    0.00241570478214723
0.0900000000000001    0.999656021238409    -0.00394030291242561    0.999312162663027    2.14642973514291e-05    4.31835638543011e-05    0.00243686485258403
0.1    0.999616494986498    -0.0039648748016727    0.999233138892631    2.13490946437414e-05    4.29364477343441e-05    0.00237252238151767
0.11    0.99957672534745    -0.00398898184431101    0.999153631694635    2.12737464116048e-05    4.28754560402729e-05    0.00231554966635613
0.12    0.999536716925611    -0.00401263282869904    0.999073650286962    2.14152904545844e-05    4.24797948146835e-05    0.00230522628751087
0.13    0.999496474238178    -0.00403583639388428    0.998993203783827    2.15425592496837e-05    4.20627897248845e-05    0.00229228790763353
0.14    0.999456001716895    -0.00405860101511599    0.9989123011262    2.15481710248808e-05    4.19318159696326e-05    0.00225298220698262
0.15    0.999415303709538    -0.00408093499724934    0.998830951044974    2.1541817143514e-05    4.19063798737786e-05    0.00221083393581236
0.16    0.999374384481542    -0.00410284648618735    0.998749162098743    2.1588474692265e-05    4.17238806459959e-05    0.00218062500284785
0.17    0.999333248217852    -0.00412434347798507    0.998666942701417    2.16683042046117e-05    4.13252227253448e-05    0.00215826205086726
0.18    0.999291899024033    -0.00414543382069388    0.998584301121319    2.17720558247691e-05    4.08198592235383e-05    0.00214182965312755
0.19    0.999250340927878    -0.00416612521593244    0.998501245478721    2.1870153057122e-05    4.04257518033429e-05    0.00212451258934699
0.2    0.999208577881145    -0.00418642521856231    0.998417783736487    2.19005204412548e-05    4.03140953871375e-05    0.00209149810677426
0.21    0.999166613760424    -0.00420634123430188    0.998333923682361    2.18789554700797e-05    4.03594904397001e-05    0.00204588584498046
0.22    0.999124452369173    -0.00422588052428179    0.99824967293925    2.19111832516169e-05    4.02150414210391e-05    0.00201323546713067
0.23    0.99908209743906    -0.00424505021697238    0.998165039003793    2.20346614428335e-05    3.97562841023259e-05    0.00200354937503827
0.24    0.999039552630712    -0.00426385731388773    0.998080029262898    2.21545266850272e-05    3.92724520439614e-05    0.00199350131473078
0.25    0.998996821535825    -0.0042823086837329    0.997994650961701    2.21910834929103e-05    3.90258993563347e-05    0.00196288456872432
0.26    0.998953907677806    -0.00430041105785752    0.99790891118059    2.21944704741397e-05    3.89336703021483e-05    0.00192378148644705
0.27    0.998910814513508    -0.00431817103711239    0.997822816853047    2.2250562169186e-05    3.87428385702842e-05    0.00189841014099422
0.28    0.998867545434469    -0.00433559510192976    0.997736374799137    2.23496835735e-05    3.84298852700904e-05    0.00188475427725278
0.29    0.998824103767759    -0.00435268961393238    0.997649591724345    2.24209519380464e-05    3.81690691606278e-05    0.001864147274979
0.3    0.99878049277779    -0.00436946081194841    0.997562474198282    2.24497687591345e-05    3.80110148488846e-05    0.00183237031518785
0.31    0.998736715666797    -0.00438591481291488    0.997475028651551    2.24885596803298e-05    3.78239259826837e-05    0.00180341646165927
0.32    0.998692775576911    -0.00440205761882227    0.997387261396022    2.256764157595e-05    3.75034253227521e-05    0.00178592561337776
0.33    0.998648675590286    -0.00441789512170851    0.997299178637909    2.26563480475031e-05    3.71440100604493e-05    0.00177159553541072
0.34    0.99860441873108    -0.0044334331030306    0.997210786469587    2.27173326837964e-05    3.68829055601187e-05    0.00174985816703779
0.35    0.998560007965987    -0.00444867723228272    0.997122090858321    2.27557698931982e-05    3.67326816613033e-05    0.00172192937606847
0.36    0.99851544620575    -0.00446363306947045    0.997033097650636    2.27996394945298e-05    3.65946459162736e-05    0.00169576511217195
0.37    0.998470736305873    -0.00447830606978243    0.996943812583505    2.28594407069759e-05    3.63911007726468e-05    0.00167457918663937
0.38    0.998425881067955    -0.00449270158667885    0.996854241291015    2.29259670192371e-05    3.61205361437213e-05    0.00165577760351154
0.39    0.998380883240193    -0.00450682487304565    0.996764389303272    2.29917351098475e-05    3.5830202300896e-05    0.0016371513899284
0.4    0.998335745519491    -0.00452068108233629    0.996674262045743    2.30559542656642e-05    3.55497486981161e-05    0.00161845507119318
0.41    0.998290470550823    -0.00453427527027504    0.996583864840433    2.31150444271046e-05    3.53249257406563e-05    0.0015985594141216
0.42    0.998245060929774    -0.00454761239632943    0.996493202906599    2.31644029492458e-05    3.51555390849647e-05    0.0015759519161436
0.43    0.998199519202546    -0.00456069732515804    0.996402281361159    2.32095575929085e-05    3.49995002579948e-05    0.00155228782807983
0.44    0.998153847866969    -0.00457353482898481    0.996311105222969    2.32635939569009e-05    3.48041988375411e-05    0.00153178755869205
0.45    0.998108049374156    -0.00458612959061012    0.996219679418569    2.33300440917818e-05    3.45410973573209e-05    0.00151573726942106
0.46    0.998062126128193    -0.00459848620542342    0.996128008786183    2.33964664146946e-05    3.42732230561784e-05    0.00150013033874565
0.47    0.998016080488125    -0.00461060918183811    0.996036098072291    2.34500410533144e-05    3.4050129878003e-05    0.00148064986599281
0.48    0.997969914767952    -0.004622502941699    0.995943951929113    2.34942528596086e-05    3.38697395395361e-05    0.00145832760845863
0.49    0.997923631238299    -0.00463417182226074    0.995851574917323    2.35438311337282e-05    3.36673411116756e-05    0.00143815251468429
0.5    0.997877232126336    -0.00464562007922799    0.995758971513321    2.36052773047819e-05    3.3424588371486e-05    0.00142249477477271
0.51    0.997830719617617    -0.00465685188894323    0.995666146113295    2.36690061555014e-05    3.3176562833791e-05    0.00140809681483459
0.52    0.997784095855965    -0.00466787134893796    0.995573103030283    2.37222597247808e-05    3.29723809158272e-05    0.00139040885876957
0.53    0.99773736294467    -0.00467868247817195    0.995479846492766    2.37649528376264e-05    3.28174149686302e-05    0.00136926370947061
0.54    0.997690522947374    -0.00468928921849949    0.995386380645258    2.38088776867191e-05    3.26535139854972e-05    0.0013488677889191
0.55    0.997643577888449    -0.00469969543731532    0.995292709554025    2.38630858892398e-05    3.24339134601027e-05    0.00133264724729291
0.56    0.997596529754191    -0.00470990492987721    0.995198837212775    2.39241487527747e-05    3.21740588173353e-05    0.00131944848489549
0.57    0.997549380493087    -0.00471992142033679    0.995104767541288    2.39815523452295e-05    3.19240677364999e-05    0.00130533295793659
0.58    0.997502132016875    -0.00472974856201571    0.995010504384648    2.40297502971583e-05    3.17244024521922e-05    0.00128811056872795
0.59    0.997454786201072    -0.00473938993816976    0.994916051511711    2.40726890926934e-05    3.15639799836897e-05    0.00126920136568973
0.6    0.997407344885536    -0.00474884906370674    0.994821412618045    2.41176942159895e-05    3.14074751236624e-05    0.00125144987359508
0.61    0.997359809875766    -0.0047581293872306    0.994726591329872    2.41675733050852e-05    3.12161473558063e-05    0.00123603318703737
0.62    0.997312182942632    -0.00476723429260476    0.994631591207107    2.42194129968142e-05    3.10049965252845e-05    0.00122183885853554
0.63    0.997264465823778    -0.00477616709989171    0.994536415742562    2.42693055230862e-05    3.07859865526321e-05    0.001207283461743
0.64    0.997216660223573    -0.00478493106615026    0.994441068362888    2.43163670004964e-05    3.05847939775712e-05    0.0011919738640954
0.65    0.997168767814813    -0.00479352938652627    0.994345552428623    2.43622387108975e-05    3.03860290459378e-05    0.00117656905084512
0.66    0.997120790237846    -0.00480196519558665    0.994249871236358    2.4408252359231e-05    3.01962058717134e-05    0.00116162929525968
0.67    0.997072729102686    -0.00481024156860251    0.994154028020511    2.4454181695411e-05    3.00038608680495e-05    0.00114706483997179
0.68    0.997024585988392    -0.00481836152265997    0.994058025954131    2.44993623553323e-05    2.98128705431274e-05    0.00113258756495126
0.690000000000001    0.996976362444208    -0.00482632801769629    0.9939618681504    2.45439170921259e-05    2.9629639182084e-05    0.00111824637612905
0.700000000000001    0.996928059990318    -0.00483414395759216    0.993865557663021    2.45883746426292e-05    2.94442118863849e-05    0.0011042766138538
0.710000000000001    0.996879680117944    -0.0048418121912845    0.993769097488446    2.46325407150414e-05    2.92641734263363e-05    0.0010905940671809
0.720000000000001    0.996831224290108    -0.00484933551377832    0.993672490565812    2.46754540805658e-05    2.90877536835204e-05    0.00107675399018258
0.730000000000001    0.996782693942144    -0.00485671666707455    0.993575739778792    2.47166588225295e-05    2.8917696896566e-05    0.00106252625298847
0.740000000000001    0.996734090482281    -0.00486395834112795    0.993478847955777    2.47571658563454e-05    2.87443322181197e-05    0.00104836783245062
0.750000000000001    0.996685415292112    -0.00487106317494451    0.9933818178712    2.47987231257162e-05    2.8551550322069e-05    0.00103511674289217
0.760000000000001    0.99663666972706    -0.00487803375773048    0.993284652248062    2.48419943981941e-05    2.83446173490152e-05    0.00102312318741977
0.770000000000001    0.99658785511679    -0.00488487262990232    0.993187353758015    2.48855901037188e-05    2.81377112082341e-05    0.00101173588122099
0.780000000000001    0.996538972765968    -0.00489158228385153    0.9930899250226    2.49270891670354e-05    2.794903757339e-05    0.000999755933888478
0.790000000000001    0.996490023954506    -0.00489816516459899    0.992992368613212    2.49651592660343e-05    2.77913807132652e-05    0.000986477210250335
0.800000000000001    0.996441009938049    -0.00490462367054532    0.992894687051139    2.5000778609792e-05    2.76546422854606e-05    0.000972340094883758
0.810000000000001    0.996391931948702    -0.00491096015446381    0.992796882809324    2.50364419867308e-05    2.75110446295934e-05    0.000958599159189933
0.820000000000001    0.996342791194939    -0.00491717692463904    0.992698958313949    2.50741174643626e-05    2.73464504972183e-05    0.000946302571147253
0.830000000000001    0.996293588862609    -0.00492327624592066    0.992600915946178    2.51137681204034e-05    2.71558444341746e-05    0.000935478020456285
0.840000000000001    0.996244326115138    -0.00492926034054443    0.992502758042998    2.51536033877661e-05    2.69516862159434e-05    0.000925200455524081
0.850000000000001    0.996195004093669    -0.00493513138873982    0.992404486897289    2.51916514376292e-05    2.67601062736854e-05    0.00091440123223024
0.860000000000001    0.996145623917968    -0.00494089152930869    0.992306104757756    2.52272251205749e-05    2.65864194558485e-05    0.000902671599298771
0.870000000000001    0.996096186686843    -0.00494654286033213    0.992207613830382    2.52611630782947e-05    2.64255866678946e-05    0.00089043630271449
0.880000000000001    0.996046693477698    -0.00495208744003314    0.99210901627817    2.52948880946211e-05    2.62738468322197e-05    0.000878474860703021
0.890000000000001    0.995997145348228    -0.00495752728768411    0.992010314223831    2.53292380536446e-05    2.61153573861507e-05    0.000867272301824528
0.900000000000001    0.995947543335639    -0.00496286438444518    0.991911509749764    2.53640042426316e-05    2.59512952361266e-05    0.000856727111884066
0.910000000000001    0.995897888457753    -0.00496810067405796    0.991812604899604    2.53983643498348e-05    2.57874722830894e-05    0.000846368738942837
0.920000000000001    0.995848181713082    -0.00497323806346689    0.991713601677787    2.54316691595782e-05    2.56229485547234e-05    0.000835806391254717
0.930000000000001    0.995798424081172    -0.00497827842344296    0.991614502051121    2.54638996161649e-05    2.54671351256248e-05    0.000825011245285246
0.940000000000001    0.995748616523047    -0.00498322358926311    0.991515307948489    2.54955299745728e-05    2.5316546629993e-05    0.000814255877463902
0.950000000000001    0.995698759981928    -0.00498807536143709    0.991416021262237    2.5527052997381e-05    2.51533123726156e-05    0.000803839029909169
0.960000000000001    0.995648855382616    -0.0049928355064197    0.991316643849235    2.55586153827463e-05    2.49904424075072e-05    0.000793857032834618
0.970000000000001    0.995598903632715    -0.00499750575726964    0.991217177530907    2.55900083102467e-05    2.4824238851153e-05    0.00078418398115712
0.980000000000001    0.995548905622666    -0.00500208781426311    0.991117624094673    2.56209183152945e-05    2.46614150230249e-05    0.000774619786537252
0.990000000000001    0.995498862226183    -0.00500658334547675    0.991017985293673    2.56511691541958e-05    2.44958706359251e-05    0.000765044024217294
