0    1.12360838463263e-05    2.8138059284546e-06    0.00500000000863068    0.00501404989840546
0.01    1.06166916132576e-05    3.34677890818172e-06    0.00499962888343676    0.0050135923539582
0.02    9.84762548952875e-06    4.05468162881906e-06    0.00499925488242993    0.00501315718954828
0.03    1.01120583908589e-05    3.73847967148215e-06    0.0049988780579    0.00501272859596234
0.04    1.08289159985855e-05    2.95775831213687e-06    0.00499849846459162    0.00501228513890234
0.05    1.09125908077849e-05    2.80325833481123e-06    0.00499811615783608    0.00501183200697867
0.06    1.04959820602362e-05    3.15889199623579e-06    0.00499773118986378    0.00501138606392026
0.07    1.03545175573479e-05    3.25052923140969e-06    0.00499734361015307    0.00501094865694183
0.0800000000000001    1.05824343454217e-05    2.97374940459588e-06    0.00499695346807008    0.0050105096518201
0.0900000000000001    1.07321486757145e-05    2.77293099481319e-06    0.00499656081331559    0.00501006589298612
0.1    1.06745473218707e-05    2.78193458776251e-06    0.00499616569446343    0.00500962217637306
0.11    1.06368732058024e-05    2.77562927628478e-06    0.00499576815847364    0.00500918066095573
0.12    1.07076452272922e-05    2.66311758020773e-06    0.0049953682514343    0.0050087390142418
0.13    1.07712796248419e-05    2.55868829750396e-06    0.00499496601891884    0.00500829598684119
0.14    1.07740855124404e-05    2.51717848341104e-06    0.00499456150563082    0.00500785276962667
0.15    1.0770908571757e-05    2.48450238624133e-06    0.00499415475522516    0.00500741016618316
0.16    1.07942373461325e-05    2.42769067000147e-06    0.00499374581049371    0.00500696773850984
0.17    1.08341521023058e-05    2.35606038246036e-06    0.00499333471350751    0.00500652492599227
0.18    1.08860279123846e-05    2.27381572802685e-06    0.0049929215056066    0.00500608134924701
0.19    1.0935076528561e-05    2.19550595388117e-06    0.00499250622739342    0.00500563680987586
0.2    1.09502602206274e-05    2.15263721288158e-06    0.00499208891868222    0.00500519181611573
0.21    1.09394777350398e-05    2.13814959967515e-06    0.00499166961841176    0.00500474724574648
0.22    1.09555916258085e-05    2.09906655186654e-06    0.00499124836469529    0.00500430302287297
0.23    1.10173307214167e-05    2.01549612044e-06    0.00499082519501944    0.0050038580218613
0.24    1.10772633425136e-05    1.93423069011028e-06    0.00499040014631428    0.0050034116403469
0.25    1.10955417464551e-05    1.89578385546479e-06    0.00498997325480893    0.00500296458041085
0.26    1.10972352370698e-05    1.87586168291143e-06    0.00498954455590302    0.005002517652823
0.27    1.1125281084593e-05    1.83124177129313e-06    0.00498911408426525    0.00500207060712114
0.28    1.117484178675e-05    1.76599464496711e-06    0.00498868187399551    0.00500162271042722
0.29    1.12104759690232e-05    1.71546874709645e-06    0.00498824795862132    0.00500117390333744
0.3    1.12248843795673e-05    1.68746551056092e-06    0.00498781237099088    0.00500072472088101
0.31    1.12442798401649e-05    1.65592482036276e-06    0.00498737514325692    0.00500027534791745
0.32    1.1283820787975e-05    1.60524040560573e-06    0.00498693630697995    0.00499982536817353
0.33    1.13281740237515e-05    1.55035968031232e-06    0.0049864958931895    0.00499937442689357
0.34    1.13586663418982e-05    1.51008163430784e-06    0.00498605393234799    0.00499892268032419
0.35    1.13778849465991e-05    1.48213705443114e-06    0.00498561045429191    0.00499847047629294
0.36    1.13998197472649e-05    1.4525855742223e-06    0.00498516548825345    0.00499801789357494
0.37    1.1429720353488e-05    1.41597090813886e-06    0.00498471906291732    0.00499756475417895
0.38    1.14629835096185e-05    1.37671265326433e-06    0.00498427120645455    0.00499711090261743
0.39    1.14958675549237e-05    1.3384896056396e-06    0.00498382194651695    0.00499665630367751
0.4    1.15279771328321e-05    1.30167476609978e-06    0.00498337131022816    0.00499620096212709
0.41    1.15575222135523e-05    1.2680608454677e-06    0.00498291932420257    0.00499574490726159
0.42    1.15822014746229e-05    1.24001881345807e-06    0.00498246601453265    0.00499528823482073
0.43    1.16047787964543e-05    1.21485155723397e-06    0.00498201140680667    0.00499483103716036
0.44    1.16317969784504e-05    1.18594550290643e-06    0.00498155552611408    0.00499437326859544
0.45    1.16650220458909e-05    1.15134613953996e-06    0.00498109839709281    0.00499391476527824
0.46    1.16982332073473e-05    1.11715924291625e-06    0.00498064004393075    0.00499345543638101
0.47    1.17250205266572e-05    1.0898650579737e-06    0.00498018049036136    0.00499299537594599
0.48    1.17471264298043e-05    1.06785034966943e-06    0.00497971975964529    0.00499253473642476
0.49    1.17719155668641e-05    1.04374038756605e-06    0.0049792578745862    0.00499207353054063
0.5    1.1802638652391e-05    1.01412574107719e-06    0.00497879485756759    0.00499161162196106
0.51    1.18345030777507e-05    9.83673783239981e-07    0.00497833073056641    0.0049911489074274
0.52    1.18611298623904e-05    9.58802818948339e-07    0.00497786551515088    0.00499068544783221
0.53    1.18824764188132e-05    9.39679848552926e-07    0.00497739923246389    0.00499022138873126
0.54    1.19044388433595e-05    9.20441882028661e-07    0.00497693190322584    0.00498975678395123
0.55    1.19315429446199e-05    8.96449612347625e-07    0.00497646354777087    0.00498929154032783
0.56    1.19620743763873e-05    8.6927330888678e-07    0.00497599418606366    0.00498882553374893
0.57    1.19907761726148e-05    8.44130803778128e-07    0.00497552383770689    0.00498835874468328
0.58    1.20148751485792e-05    8.23866626260796e-07    0.00497505252192359    0.00498789126369843
0.59    1.20363445463467e-05    8.06582845720205e-07    0.00497458025755901    0.00498742318495107
0.6    1.20588471079948e-05    7.88609939316094e-07    0.00497410706308939    0.0049869545201367
0.61    1.20837866525426e-05    7.68470502077812e-07    0.00497363295664927    0.00498648521380389
0.62    1.21097064984071e-05    7.47554648005604e-07    0.00497315795603535    0.00498601521718176
0.63    1.21346527615431e-05    7.2779962746998e-07    0.00497268207871331    0.00498554453110233
0.64    1.21581835002482e-05    7.09661862536056e-07    0.00497220534181492    0.0049850731871777
0.65    1.21811193554488e-05    6.92327088561648e-07    0.004971727762143    0.00498460120858701
0.66    1.22041261796155e-05    6.75115140423312e-07    0.00497124935618193    0.00498412859750197
0.67    1.22270908477055e-05    6.58119399014932e-07    0.0049707701401022    0.00498365535034892
0.68    1.22496811776662e-05    6.41660300037649e-07    0.00497029012977081    0.00498318147124851
0.690000000000001    1.2271958546063e-05    6.25668530467617e-07    0.00496980934075192    0.00498270696782845
0.700000000000001    1.22941873213146e-05    6.09866602451219e-07    0.00496932778831476    0.00498223184223853
0.710000000000001    1.23162703575207e-05    5.94336371558689e-07    0.00496884548744165    0.00498175609417073
0.720000000000001    1.23377270402829e-05    5.79552250135679e-07    0.00496836245282944    0.00498127973211985
0.730000000000001    1.23583294112647e-05    5.65746776325617e-07    0.00496787869889477    0.00498080277508236
0.740000000000001    1.23785829281727e-05    5.5241541397397e-07    0.00496739423977896    0.00498032523812111
0.750000000000001    1.23993615628581e-05    5.38665891841121e-07    0.00496690908935591    0.00497984711681061
0.760000000000001    1.24209971990971e-05    5.24131727750123e-07    0.00496642326124014    0.00497936839016699
0.770000000000001    1.24427950518594e-05    5.09479075897804e-07    0.00496593676879037    0.00497888904291813
0.780000000000001    1.24635445835177e-05    4.95916903766852e-07    0.00496544962511369    0.00497840908660097
0.790000000000001    1.24825796330172e-05    4.84135577787912e-07    0.00496496184306578    0.00497792855827659
0.800000000000001    1.2500389304896e-05    4.73671921152962e-07    0.00496447343525588    0.00497744749648192
0.810000000000001    1.25182209933654e-05    4.63280213724012e-07    0.00496398441404658    0.00497696591525367
0.820000000000001    1.25370587321813e-05    4.51948142721737e-07    0.00496349479156976    0.00497648379844466
0.830000000000001    1.25568840602017e-05    4.39654179093351e-07    0.00496300457973118    0.00497600111797047
0.840000000000001    1.25768016938831e-05    4.2726752832912e-07    0.00496251379021474    0.00497551785943695
0.850000000000001    1.25958257188146e-05    4.15774169931935e-07    0.0049620224344861    0.00497503403437485
0.860000000000001    1.26136125602875e-05    4.05535308820761e-07    0.00496153052378873    0.00497454967165784
0.870000000000001    1.26305815391473e-05    3.96147367940583e-07    0.00496103806915216    0.00497406479805924
0.880000000000001    1.26474440473106e-05    3.86899026383671e-07    0.00496054508139091    0.00497357942446461
0.890000000000001    1.26646190268223e-05    3.77356625883634e-07    0.00496005157111923    0.00497309354677194
0.900000000000001    1.26820021213158e-05    3.67606578717031e-07    0.00495955754874924    0.00497260715744927
0.910000000000001    1.26991821749174e-05    3.58049937051422e-07    0.00495906302449786    0.00497212025660982
0.920000000000001    1.27158345797891e-05    3.49011448992535e-07    0.00495856800838883    0.00497163285441761
0.930000000000001    1.27319498080824e-05    3.4050513384102e-07    0.00495807251025581    0.00497114496519774
0.940000000000001    1.27477649872864e-05    3.32295083788226e-07    0.00495757653974247    0.00497065659981354
0.950000000000001    1.27635264986905e-05    3.24129722951026e-07    0.00495708010631162    0.00497016776253326
0.960000000000001    1.27793076913731e-05    3.15926635760569e-07    0.00495658321924648    0.00496967845357361
0.970000000000001    1.27950041551233e-05    3.0778211238311e-07    0.00495608588765475    0.00496918867392225
0.980000000000001    1.28104591576473e-05    2.99848639967831e-07    0.00495558812047324    0.00496869842827085
0.990000000000001    1.28255845770979e-05    2.92213502757337e-07    0.00495508992646838    0.00496820772454824
