0    1    0.636061373413851    0.636061373413851
0.01    1.00638073777288    0.640090663387536    0.63603230801501
0.02    1.01280190192367    0.64414671969666    0.636004650537479
0.03    1.01926375813916    0.648228807209044    0.635977490647268
0.04    1.02576655948638    0.652335642175542    0.635949413775175
0.05    1.03231055381856    0.65646761479214    0.635920665892485
0.06    1.03889599912103    0.660626009033519    0.635892341093286
0.07    1.0455231623916    0.664811154453174    0.635864587573974
0.0800000000000001    1.05219230875094    0.669022545409806    0.635836757069634
0.0900000000000001    1.0589036995205    0.673260088112853    0.635808608863792
0.1    1.06565759842506    0.67752426231886    0.635780445163789
0.11    1.07245427381525    0.681815406755128    0.635752426375787
0.12    1.07929399559766    0.686133535936523    0.635724407561976
0.13    1.08617703378248    0.690478718000386    0.635696296759171
0.14    1.09310366005357    0.69485120043388    0.635668167463486
0.15    1.10007414866531    0.699251216545446    0.635640076983744
0.16    1.10708877571618    0.703678908974321    0.635611998251099
0.17    1.11414781860478    0.708134408189852    0.635583893236566
0.18    1.12125155612714    0.712617861191381    0.635555738850254
0.19    1.12840026859713    0.717129427795264    0.635527523125126
0.2    1.13559423813804    0.721669315673334    0.635499275565725
0.21    1.14283374916817    0.726237763917774    0.635471051188661
0.22    1.15011908826249    0.730834949972954    0.635442848859278
0.23    1.1574505433247    0.735460972825455    0.635414598979661
0.24    1.16482840329654    0.740115962744004    0.635386260027169
0.25    1.17225295892014    0.744800147390911    0.635357873676864
0.26    1.1797245034042    0.74951377108945    0.635329493391603
0.27    1.1872433320527    0.75425700243866    0.635301106416472
0.28    1.19480974157335    0.759029969406356    0.635272665593475
0.29    1.20242403014323    0.763832848287404    0.635244164403813
0.3    1.21008649799722    0.768665864964828    0.635215636433447
0.31    1.21779744757751    0.77352922357345    0.635187095450222
0.32    1.2255571831166    0.778423081706951    0.635158516004462
0.33    1.2333660103819    0.78334759922384    0.635129874368182
0.34    1.24122423693642    0.78830297664382    0.63510117929175
0.35    1.24913217247885    0.793289433232019    0.635072453267913
0.36    1.25709012882648    0.798307169433992    0.635043702219847
0.37    1.26509841968399    0.803356365319996    0.635014914903354
0.38    1.27315736054862    0.808437202801695    0.63498608094551
0.39    1.28126726879375    0.81354987487727    0.634957197996001
0.4    1.28942846375299    0.818694579389155    0.634928266595167
0.41    1.29764126675012    0.823871517079252    0.634899288570406
0.42    1.30590600114759    0.829080895171995    0.634870269715757
0.43    1.31422299239726    0.834322922476339    0.634841215914553
0.44    1.32259256799803    0.839597798142733    0.634812124654239
0.45    1.33101505738584    0.844905712150517    0.634782985708624
0.46    1.33949079191316    0.850246860819099    0.63475379297286
0.47    1.34802010497885    0.855621457240323    0.634724552015303
0.48    1.35660333216392    0.861029721709656    0.634695272593961
0.49    1.36524081121333    0.866471864548919    0.634665955948724
0.5    1.37393288190743    0.871948084036799    0.634636593620408
0.51    1.38267988600969    0.877458581610389    0.63460717877561
0.52    1.39148216737165    0.883003574109499    0.634577714910564
0.53    1.40034007207295    0.88858328788759    0.63454821125857
0.54    1.40925394843822    0.89419794324276    0.634518671552234
0.55    1.41822414693293    0.899847748545198    0.634489090099912
0.56    1.42725102008283    0.905532909928709    0.634459458908747
0.57    1.43633492251929    0.911253643823226    0.634429776465305
0.58    1.44547621110095    0.917010178291795    0.634400048405743
0.59    1.45467524498801    0.922802743684551    0.634370280833476
0.6    1.46393238561778    0.928631564368032    0.634340474663488
0.61    1.47324799664113    0.93449685959338    0.63431062640095
0.62    1.48262244390378    0.940398850245008    0.634280732840465
0.63    1.49205609548897    0.946337763164531    0.634250793938415
0.64    1.50154932177387    0.952313829672547    0.634220811706354
0.65    1.51110249545525    0.958327281849969    0.634190787674701
0.66    1.52071599154733    0.964378351164909    0.634160722005465
0.67    1.53039018738122    0.970467269859937    0.634130614441918
0.68    1.54012546262077    0.976594272332825    0.634100465212094
0.690000000000001    1.54992219928385    0.982759594823648    0.634070274803301
0.700000000000001    1.5597807817559    0.988963474517864    0.634040043373629
0.710000000000001    1.56970159679928    0.995206149770828    0.634009770901754
0.720000000000001    1.57968503357047    1.00148786122767    0.633979457894885
0.730000000000001    1.58973148364574    1.007808852093    0.633949105531827
0.740000000000001    1.59984134104096    1.01416936676181    0.633918714778258
0.750000000000001    1.61001500221468    1.02056964920224    0.633888285387637
0.760000000000001    1.62025286606267    1.0270099431232    0.633857816045041
0.770000000000001    1.6305553339252    1.03349049418707    0.633827305755501
0.780000000000001    1.64092280961906    1.04001155227342    0.633796755201947
0.790000000000001    1.65135569948232    1.04657337153065    0.633766166706993
0.800000000000001    1.66185441240656    1.0531762079855    0.633735542730474
0.810000000000001    1.67241935984094    1.05982031676843    0.633704884203937
0.820000000000001    1.68305095577706    1.06650595134895    0.633674190129642
0.830000000000001    1.69374961673964    1.07323336534637    0.633643458713969
0.840000000000001    1.70451576180206    1.08000281528504    0.63361268900396
0.850000000000001    1.71534981262444    1.08681456204888    0.633581881695652
0.860000000000001    1.72625219349512    1.0936688700985    0.633551038613983
0.870000000000001    1.73722333135638    1.10056600540169    0.633520161476534
0.880000000000001    1.7482636558106    1.10750623386475    0.633489250997006
0.890000000000001    1.75937359911828    1.11448982133921    0.633458306921139
0.900000000000001    1.77055359620306    1.12151703486429    0.633427328757162
0.910000000000001    1.78180408467054    1.12858814393916    0.633396316491126
0.920000000000001    1.79312550483551    1.1357034208677    0.633365270754923
0.930000000000001    1.80451829974751    1.14286314014618    0.633334192457953
0.940000000000001    1.81598291520831    1.15006757760075    0.633303082297349
0.950000000000001    1.8275197997827    1.15731700999945    0.633271940548636
0.960000000000001    1.83912940480875    1.1646117153218    0.63324076722209
0.970000000000001    1.85081218441273    1.1719519733234    0.633209562371273
0.980000000000001    1.86256859552909    1.17933806590875    0.633178326285339
0.990000000000001    1.87439909792213    1.18677027711074    0.633147059463665
