0    6.86044351884349e-17    0.404574070749115    0.404574070749115
0.01    -6.86293100258368e-08    0.409716057355895    0.40971611359296
0.02    -1.53618648975828e-07    0.414924996495967    0.414925123976421
0.03    -1.09747869248738e-07    0.42020058649566    0.420200678727908
0.04    -2.32525515107734e-08    0.425541790052577    0.425541809842442
0.05    -2.47703843413969e-08    0.430949729270881    0.430949750620463
0.06    -7.61598993085984e-08    0.436426723811555    0.43642679028799
0.07    -7.88874059705534e-08    0.441973871085362    0.441973940817712
0.0800000000000001    -4.13077917904498e-08    0.447591166266616    0.447591203244623
0.0900000000000001    -2.70706135737745e-08    0.453279146245727    0.453279170786817
0.1    -3.94550577689062e-08    0.459039126030716    0.459039162253548
0.11    -4.16576040792117e-08    0.464872248888661    0.464872287619591
0.12    -2.8851886020431e-08    0.470779229136756    0.470779256302494
0.13    -2.09671623162734e-08    0.476760860011456    0.476760880004101
0.14    -2.12658278465283e-08    0.482818190744405    0.482818211279462
0.15    -1.98265310814231e-08    0.488952263840286    0.488952283228741
0.16    -1.55048439302827e-08    0.49516400693529    0.495164022290172
0.17    -1.21472178936664e-08    0.501454340062392    0.501454352244942
0.18    -8.18640669267712e-09    0.507824216088979    0.50782422440349
0.19    -2.62452600570179e-09    0.514274616209963    0.514274618909417
0.2    2.08075818137435e-10    0.520806601184418    0.520806600967683
0.21    -8.01265228183052e-10    0.527421289740289    0.527421290585498
0.22    1.38936859005555e-10    0.53411972410197    0.534119723953552
0.23    5.96967440243299e-09    0.540902842549364    0.540902836091336
0.24    1.15473875333463e-08    0.547771638308484    0.547771625657822
0.25    1.23173162993621e-08    0.554727259553523    0.554727245888021
0.26    1.14017979605078e-08    0.561770893052729    0.561770880242333
0.27    1.3757997625085e-08    0.568903625727752    0.568903610073803
0.28    1.84195408266704e-08    0.576126494457013    0.576126473233043
0.29    2.10755436738802e-08    0.583440620122848    0.583440595530192
0.3    2.11164130208797e-08    0.590847211962127    0.59084718700898
0.31    2.17374476248519e-08    0.598347459722145    0.598347433709052
0.32    2.4502116334994e-08    0.605942494134147    0.605942464440401
0.33    2.75399157679231e-08    0.613633461209753    0.613633427410927
0.34    2.90140500966421e-08    0.621421582985508    0.621421546925595
0.35    2.95597147060287e-08    0.629308124877577    0.629308087673241
0.36    3.06298274935273e-08    0.637294336769712    0.637294297729282
0.37    3.23306967726429e-08    0.645381449700154    0.645381407968892
0.38    3.38923378008999e-08    0.653570710873829    0.653570666571752
0.39    3.51468300226232e-08    0.661863398912822    0.661863352388023
0.4    3.64784945227083e-08    0.670260814321185    0.670260765420976
0.41    3.78439964522779e-08    0.678764276654468    0.678764225280165
0.42    3.87967342085668e-08    0.687375130739197    0.687375077403379
0.43    3.93676824829106e-08    0.696094738969459    0.696094684162188
0.44    4.01799917865944e-08    0.704924462646125    0.704924405998409
0.45    4.15368392326274e-08    0.713865662424572    0.713865603121128
0.46    4.29257380887655e-08    0.722919724332733    0.72291966226901
0.47    4.37138415624402e-08    0.732088078090053    0.732088014085292
0.48    4.40178515558384e-08    0.741372181667408    0.741372116400189
0.49    4.45252838132626e-08    0.75077349205488    0.750773425198078
0.5    4.55713061188864e-08    0.760293461255446    0.760293391960317
0.51    4.67423120432135e-08    0.769933562441715    0.769933490464769
0.52    4.74587706780516e-08    0.77969531189015    0.779695237883391
0.53    4.76981975854431e-08    0.789580259513119    0.789580184190013
0.54    4.79580684108376e-08    0.799589961699582    0.799589885006005
0.55    4.86123125266042e-08    0.809725970561862    0.809725891836562
0.56    4.95113598705254e-08    0.819989850963955    0.819989769766334
0.57    5.02384403714541e-08    0.830383203381107    0.830383119946797
0.58    5.06103400755279e-08    0.840907667090749    0.840907581973507
0.59    5.08188703547708e-08    0.851564903751735    0.851564817200606
0.6    5.11425650098033e-08    0.862356582340618    0.862356494134367
0.61    5.16405604282814e-08    0.873284380589889    0.873284290396104
0.62    5.2159441566877e-08    0.884349997542133    0.884349905287734
0.63    5.25571039036697e-08    0.895555161991248    0.895555067855682
0.64    5.28446546726384e-08    0.906901630185593    0.906901534335791
0.65    5.31198614882949e-08    0.91839117913795    0.918391081568331
0.66    5.34296904625126e-08    0.930025604195549    0.930025504813594
0.67    5.37371789862527e-08    0.9418067218694    0.941806620649333
0.68    5.39978994885869e-08    0.953736372753279    0.953736269753763
0.690000000000001    5.42243330609583e-08    0.96581642121794    0.965816316476443
0.700000000000001    5.44593407010106e-08    0.978048753930445    0.978048647402671
0.710000000000001    5.47094614373515e-08    0.990435280541675    0.990435172169319
0.720000000000001    5.4931339297629e-08    1.00297793618637    1.00297782599654
0.730000000000001    5.50866343964019e-08    1.01567868235701    1.01567857045638
0.740000000000001    5.51953562369825e-08    1.02853950447805    1.02853939093685
0.750000000000001    5.5321607094108e-08    1.04156240887278    1.04156229363097
0.760000000000001    5.55067778747057e-08    1.05474942327392    1.05474930618245
0.770000000000001    5.57238823841588e-08    1.06810260157504    1.0681024825374
0.780000000000001    5.59010843880013e-08    1.08162402886217    1.08162390793427
0.790000000000001    5.59898024770913e-08    1.09531582199704    1.09531569934401
0.800000000000001    5.60090097805961e-08    1.10918012506672    1.10918000081857
0.810000000000001    5.60266386089101e-08    1.12321910383512    1.12321897797475
0.820000000000001    5.60984159960203e-08    1.13743494426272    1.13743481664613
0.830000000000001    5.62238563751864e-08    1.15182985649269    1.15182972697206
0.840000000000001    5.6354036823943e-08    1.1664060810236    1.16640594956023
0.850000000000001    5.64374810505297e-08    1.18116589228149    1.18116575895744
0.860000000000001    5.64611829679691e-08    1.19611159742252    1.19611146235478
0.870000000000001    5.64532510231871e-08    1.21124553224584    1.21124539548835
0.880000000000001    5.64538194998943e-08    1.22657005804928    1.22656991956015
0.890000000000001    5.64816291208418e-08    1.24208756186871    1.24208742155846
0.900000000000001    5.65254402581488e-08    1.25780045949079    1.25780031729535
0.910000000000001    5.65597492171032e-08    1.27371119864004    1.27371105455848
0.920000000000001    5.65679350851364e-08    1.28982226017059    1.28982211424544
0.930000000000001    5.65528265334226e-08    1.3061361571048    1.30613600937342
0.940000000000001    5.65300309061564e-08    1.32265543304846    1.32265528350896
0.950000000000001    5.65126543040434e-08    1.33938266163406    1.33938251024993
0.960000000000001    5.65024857405749e-08    1.35632044746478    1.35632029419383
0.970000000000001    5.64920990337094e-08    1.37347142777662    1.37347127259606
0.980000000000001    5.64734038602313e-08    1.39083827370138    1.39083811661065
0.990000000000001    5.64444656043717e-08    1.4084236906335    1.40842353163807
