0
0.01
0.0199999999999999
0.0299999999999999
0.0400000000000001
0.0500000000000004
0.0600000000000007
0.070000000000001
0.0800000000000013
0.0900000000000016
0.100000000000002
0.110000000000002
0.120000000000002
0.130000000000002
0.140000000000001
0.15
0.159999999999999
0.169999999999998
0.179999999999996
0.189999999999995
0.199999999999994
0.209999999999993
0.219999999999992
0.229999999999991
0.23999999999999
0.249999999999989
0.259999999999988
0.269999999999987
0.279999999999985
0.289999999999984
0.299999999999983
0.309999999999982
0.319999999999981
0.32999999999998
0.339999999999979
0.349999999999978
0.359999999999977
0.369999999999976
0.379999999999974
0.389999999999973
0.399999999999972
0.409999999999971
0.41999999999997
0.429999999999969
0.439999999999968
0.449999999999967
0.459999999999966
0.469999999999965
0.479999999999963
0.489999999999962
0.499999999999961
0.50999999999996
0.519999999999959
0.529999999999958
0.539999999999957
0.549999999999956
0.559999999999955
0.569999999999954
0.579999999999952
0.589999999999951
0.59999999999995
0.609999999999949
0.619999999999948
0.629999999999947
0.639999999999946
0.649999999999945
0.659999999999944
0.669999999999943
0.679999999999941
0.68999999999994
0.699999999999939
0.709999999999938
0.719999999999937
0.729999999999936
0.739999999999935
0.749999999999934
0.759999999999933
0.769999999999932
0.77999999999993
0.789999999999929
0.799999999999928
0.809999999999927
0.819999999999926
0.829999999999925
0.839999999999924
0.849999999999923
0.859999999999922
0.869999999999921
0.879999999999919
0.889999999999918
0.899999999999917
0.909999999999916
0.919999999999915
0.929999999999914
0.939999999999913
0.949999999999912
0.959999999999911
0.969999999999909
0.979999999999908
0.989999999999907
0.999999999999906
1.00999999999991
1.0199999999999
1.0299999999999
1.0399999999999
1.0499999999999
1.0599999999999
1.0699999999999
1.0799999999999
1.0899999999999
1.0999999999999
1.10999999999989
1.11999999999989
1.12999999999989
1.13999999999989
1.14999999999989
1.15999999999989
1.16999999999989
1.17999999999989
1.18999999999989
1.19999999999988
1.20999999999988
1.21999999999988
1.22999999999988
1.23999999999988
1.24999999999988
1.25999999999988
1.26999999999988
1.27999999999988
1.28999999999987
1.29999999999987
1.30999999999987
1.31999999999987
1.32999999999987
1.33999999999987
1.34999999999987
1.35999999999987
1.36999999999987
1.37999999999986
1.38999999999986
1.39999999999986
1.40999999999986
1.41999999999986
1.42999999999986
1.43999999999986
1.44999999999986
1.45999999999986
1.46999999999985
1.47999999999985
1.48999999999985
1.49999999999985
1.50999999999985
1.51999999999985
1.52999999999985
1.53999999999985
1.54999999999985
1.55999999999984
1.56999999999984
1.57999999999984
1.58999999999984
1.59999999999984
1.60999999999984
1.61999999999984
1.62999999999984
1.63999999999984
1.64999999999983
1.65999999999983
1.66999999999983
1.67999999999983
1.68999999999983
1.69999999999983
1.70999999999983
1.71999999999983
1.72999999999983
1.73999999999982
1.74999999999982
1.75999999999982
1.76999999999982
1.77999999999982
1.78999999999982
1.79999999999982
1.80999999999982
1.81999999999982
1.82999999999981
1.83999999999981
1.84999999999981
1.85999999999981
1.86999999999981
1.87999999999981
1.88999999999981
1.89999999999981
1.90999999999981
1.9199999999998
1.9299999999998
1.9399999999998
1.9499999999998
1.9599999999998
1.9699999999998
1.9799999999998
1.9899999999998
1.9999999999998
2.00999999999982
2.01999999999984
2.02999999999986
2.03999999999988
2.0499999999999
2.05999999999992
2.06999999999994
2.07999999999996
2.08999999999999
2.10000000000001
2.11000000000003
2.12000000000005
2.13000000000007
2.14000000000009
2.15000000000011
2.16000000000013
2.17000000000015
2.18000000000018
2.1900000000002
2.20000000000022
2.21000000000024
2.22000000000026
2.23000000000028
2.2400000000003
2.25000000000032
2.26000000000034
2.27000000000037
2.28000000000039
2.29000000000041
2.30000000000043
2.31000000000045
2.32000000000047
2.33000000000049
2.34000000000051
2.35000000000053
2.36000000000056
2.37000000000058
2.3800000000006
2.39000000000062
2.40000000000064
2.41000000000066
2.42000000000068
2.4300000000007
2.44000000000072
2.45000000000075
2.46000000000077
2.47000000000079
2.48000000000081
2.49000000000083
2.50000000000085
2.51000000000087
2.52000000000089
2.53000000000091
2.54000000000094
2.55000000000096
2.56000000000098
2.570000000001
2.58000000000102
2.59000000000104
2.60000000000106
2.61000000000108
2.6200000000011
2.63000000000113
2.64000000000115
2.65000000000117
2.66000000000119
2.67000000000121
2.68000000000123
2.69000000000125
2.70000000000127
2.71000000000129
2.72000000000132
2.73000000000134
2.74000000000136
2.75000000000138
2.7600000000014
2.77000000000142
2.78000000000144
2.79000000000146
2.80000000000148
2.81000000000151
2.82000000000153
2.83000000000155
2.84000000000157
2.85000000000159
2.86000000000161
2.87000000000163
2.88000000000165
2.89000000000167
2.9000000000017
2.91000000000172
2.92000000000174
2.93000000000176
2.94000000000178
2.9500000000018
2.96000000000182
2.97000000000184
2.98000000000186
2.99000000000189
3.00000000000191
3.01000000000193
3.02000000000195
3.03000000000197
3.04000000000199
3.05000000000201
3.06000000000203
3.07000000000205
3.08000000000208
3.0900000000021
3.10000000000212
3.11000000000214
3.12000000000216
3.13000000000218
3.1400000000022
3.15000000000222
3.16000000000224
3.17000000000227
3.18000000000229
3.19000000000231
3.20000000000233
3.21000000000235
3.22000000000237
3.23000000000239
3.24000000000241
3.25000000000243
3.26000000000246
3.27000000000248
3.2800000000025
3.29000000000252
3.30000000000254
3.31000000000256
3.32000000000258
3.3300000000026
3.34000000000262
3.35000000000265
3.36000000000267
3.37000000000269
3.38000000000271
3.39000000000273
3.40000000000275
3.41000000000277
3.42000000000279
3.43000000000281
3.44000000000284
3.45000000000286
3.46000000000288
3.4700000000029
3.48000000000292
3.49000000000294
3.50000000000296
3.51000000000298
3.520000000003
3.53000000000302
3.54000000000305
3.55000000000307
3.56000000000309
3.57000000000311
3.58000000000313
3.59000000000315
3.60000000000317
3.61000000000319
3.62000000000321
3.63000000000324
3.64000000000326
3.65000000000328
3.6600000000033
3.67000000000332
3.68000000000334
3.69000000000336
3.70000000000338
3.7100000000034
3.72000000000343
3.73000000000345
3.74000000000347
3.75000000000349
3.76000000000351
3.77000000000353
3.78000000000355
3.79000000000357
3.80000000000359
3.81000000000362
3.82000000000364
3.83000000000366
3.84000000000368
3.8500000000037
3.86000000000372
3.87000000000374
3.88000000000376
3.89000000000378
3.90000000000381
3.91000000000383
3.92000000000385
3.93000000000387
3.94000000000389
3.95000000000391
3.96000000000393
3.97000000000395
3.98000000000397
3.990000000004
4.00000000000402
4.01000000000399
4.02000000000397
4.03000000000395
4.04000000000392
4.0500000000039
4.06000000000388
4.07000000000385
4.08000000000383
4.09000000000381
4.10000000000378
4.11000000000376
4.12000000000374
4.13000000000371
4.14000000000369
4.15000000000367
4.16000000000364
4.17000000000362
4.1800000000036
4.19000000000357
4.20000000000355
4.21000000000353
4.2200000000035
4.23000000000348
4.24000000000346
4.25000000000343
4.26000000000341
4.27000000000339
4.28000000000336
4.29000000000334
4.30000000000332
4.31000000000329
4.32000000000327
4.33000000000325
4.34000000000322
4.3500000000032
4.36000000000318
4.37000000000315
4.38000000000313
4.39000000000311
4.40000000000308
4.41000000000306
4.42000000000304
4.43000000000301
4.44000000000299
4.45000000000297
4.46000000000294
4.47000000000292
4.4800000000029
4.49000000000287
4.50000000000285
4.51000000000283
4.5200000000028
4.53000000000278
4.54000000000276
4.55000000000273
4.56000000000271
4.57000000000269
4.58000000000266
4.59000000000264
4.60000000000262
4.61000000000259
4.62000000000257
4.63000000000255
4.64000000000252
4.6500000000025
4.66000000000248
4.67000000000245
4.68000000000243
4.69000000000241
4.70000000000238
4.71000000000236
4.72000000000234
4.73000000000232
4.74000000000229
4.75000000000227
4.76000000000225
4.77000000000222
4.7800000000022
4.79000000000218
4.80000000000215
4.81000000000213
4.82000000000211
4.83000000000208
4.84000000000206
4.85000000000204
4.86000000000201
4.87000000000199
4.88000000000197
4.89000000000194
4.90000000000192
4.9100000000019
4.92000000000187
4.93000000000185
4.94000000000183
4.9500000000018
4.96000000000178
4.97000000000176
4.98000000000173
4.99000000000171
5.00000000000169
5.01000000000166
5.02000000000164
5.03000000000162
5.04000000000159
5.05000000000157
5.06000000000155
5.07000000000152
5.0800000000015
5.09000000000148
5.10000000000145
5.11000000000143
5.12000000000141
5.13000000000138
5.14000000000136
5.15000000000134
5.16000000000131
5.17000000000129
5.18000000000127
5.19000000000124
5.20000000000122
5.2100000000012
5.22000000000117
5.23000000000115
5.24000000000113
5.2500000000011
5.26000000000108
5.27000000000106
5.28000000000103
5.29000000000101
5.30000000000099
5.31000000000096
5.32000000000094
5.33000000000092
5.34000000000089
5.35000000000087
5.36000000000085
5.37000000000082
5.3800000000008
5.39000000000078
5.40000000000075
5.41000000000073
5.42000000000071
5.43000000000068
5.44000000000066
5.45000000000064
5.46000000000061
5.47000000000059
5.48000000000057
5.49000000000054
5.50000000000052
5.5100000000005
5.52000000000047
5.53000000000045
5.54000000000043
5.5500000000004
5.56000000000038
5.57000000000036
5.58000000000033
5.59000000000031
5.60000000000029
5.61000000000026
5.62000000000024
5.63000000000022
5.64000000000019
5.65000000000017
5.66000000000015
5.67000000000012
5.6800000000001
5.69000000000008
5.70000000000005
5.71000000000003
5.72000000000001
5.72999999999998
5.73999999999996
5.74999999999994
5.75999999999991
5.76999999999989
5.77999999999987
5.78999999999984
5.79999999999982
5.8099999999998
5.81999999999977
5.82999999999975
5.83999999999973
5.8499999999997
5.85999999999968
5.86999999999966
5.87999999999963
5.88999999999961
5.89999999999959
5.90999999999956
5.91999999999954
5.92999999999952
5.9399999999995
5.94999999999947
5.95999999999945
5.96999999999943
5.9799999999994
5.98999999999938
5.99999999999936
6.00999999999933
6.01999999999931
6.02999999999929
6.03999999999926
6.04999999999924
6.05999999999922
6.06999999999919
6.07999999999917
6.08999999999915
6.09999999999912
6.1099999999991
6.11999999999908
6.12999999999905
6.13999999999903
6.14999999999901
6.15999999999898
6.16999999999896
6.17999999999894
6.18999999999891
6.19999999999889
6.20999999999887
6.21999999999884
6.22999999999882
6.2399999999988
6.24999999999877
6.25999999999875
6.26999999999873
6.2799999999987
6.28999999999868
6.29999999999866
6.30999999999863
6.31999999999861
6.32999999999859
6.33999999999856
6.34999999999854
6.35999999999852
6.36999999999849
6.37999999999847
6.38999999999845
6.39999999999842
6.4099999999984
6.41999999999838
6.42999999999835
6.43999999999833
6.44999999999831
6.45999999999828
6.46999999999826
6.47999999999824
6.48999999999821
6.49999999999819
6.50999999999817
6.51999999999814
6.52999999999812
6.5399999999981
6.54999999999807
6.55999999999805
6.56999999999803
6.579999999998
6.58999999999798
6.59999999999796
6.60999999999793
6.61999999999791
6.62999999999789
6.63999999999786
6.64999999999784
6.65999999999782
6.66999999999779
6.67999999999777
6.68999999999775
6.69999999999772
6.7099999999977
6.71999999999768
6.72999999999765
6.73999999999763
6.74999999999761
6.75999999999758
6.76999999999756
6.77999999999754
6.78999999999751
6.79999999999749
6.80999999999747
6.81999999999744
6.82999999999742
6.8399999999974
6.84999999999737
6.85999999999735
6.86999999999733
6.8799999999973
6.88999999999728
6.89999999999726
6.90999999999723
6.91999999999721
6.92999999999719
6.93999999999716
6.94999999999714
6.95999999999712
6.96999999999709
6.97999999999707
6.98999999999705
6.99999999999702
7.009999999997
7.01999999999698
7.02999999999695
7.03999999999693
7.04999999999691
7.05999999999688
7.06999999999686
7.07999999999684
7.08999999999681
7.09999999999679
7.10999999999677
7.11999999999674
7.12999999999672
7.1399999999967
7.14999999999668
7.15999999999665
7.16999999999663
7.17999999999661
7.18999999999658
7.19999999999656
7.20999999999654
7.21999999999651
7.22999999999649
7.23999999999647
7.24999999999644
7.25999999999642
7.2699999999964
7.27999999999637
7.28999999999635
7.29999999999633
7.3099999999963
7.31999999999628
7.32999999999626
7.33999999999623
7.34999999999621
7.35999999999619
7.36999999999616
7.37999999999614
7.38999999999612
7.39999999999609
7.40999999999607
7.41999999999605
7.42999999999602
7.439999999996
7.44999999999598
7.45999999999595
7.46999999999593
7.47999999999591
7.48999999999588
7.49999999999586
7.50999999999584
7.51999999999581
7.52999999999579
7.53999999999577
7.54999999999574
7.55999999999572
7.5699999999957
7.57999999999567
7.58999999999565
7.59999999999563
7.6099999999956
7.61999999999558
7.62999999999556
7.63999999999553
7.64999999999551
7.65999999999549
7.66999999999546
7.67999999999544
7.68999999999542
7.69999999999539
7.70999999999537
7.71999999999535
7.72999999999532
7.7399999999953
7.74999999999528
7.75999999999525
7.76999999999523
7.77999999999521
7.78999999999518
7.79999999999516
7.80999999999514
7.81999999999511
7.82999999999509
7.83999999999507
7.84999999999504
7.85999999999502
7.869999999995
7.87999999999497
7.88999999999495
7.89999999999493
7.9099999999949
7.91999999999488
7.92999999999486
7.93999999999483
7.94999999999481
7.95999999999479
7.96999999999476
7.97999999999474
7.98999999999472
7.99999999999469
8.00999999999467
8.01999999999465
8.02999999999462
8.0399999999946
8.04999999999458
8.05999999999455
8.06999999999453
8.07999999999451
8.08999999999448
8.09999999999446
8.10999999999444
8.11999999999441
8.12999999999439
8.13999999999437
8.14999999999434
8.15999999999432
8.1699999999943
8.17999999999427
8.18999999999425
8.19999999999423
8.2099999999942
8.21999999999418
8.22999999999416
8.23999999999413
8.24999999999411
8.25999999999409
8.26999999999406
8.27999999999404
8.28999999999402
8.29999999999399
8.30999999999397
8.31999999999395
8.32999999999392
8.3399999999939
8.34999999999388
8.35999999999386
8.36999999999383
8.37999999999381
8.38999999999379
8.39999999999376
8.40999999999374
8.41999999999372
8.42999999999369
8.43999999999367
8.44999999999365
8.45999999999362
8.4699999999936
8.47999999999358
8.48999999999355
8.49999999999353
8.50999999999351
8.51999999999348
8.52999999999346
8.53999999999344
8.54999999999341
8.55999999999339
8.56999999999337
8.57999999999334
8.58999999999332
8.5999999999933
8.60999999999327
8.61999999999325
8.62999999999323
8.6399999999932
8.64999999999318
8.65999999999316
8.66999999999313
8.67999999999311
8.68999999999309
8.69999999999306
8.70999999999304
8.71999999999302
8.72999999999299
8.73999999999297
8.74999999999295
8.75999999999292
8.7699999999929
8.77999999999288
8.78999999999285
8.79999999999283
8.80999999999281
8.81999999999278
8.82999999999276
8.83999999999274
8.84999999999271
8.85999999999269
8.86999999999267
8.87999999999264
8.88999999999262
8.8999999999926
8.90999999999257
8.91999999999255
8.92999999999253
8.9399999999925
8.94999999999248
8.95999999999246
8.96999999999243
8.97999999999241
8.98999999999239
8.99999999999236
9.00999999999234
9.01999999999232
9.02999999999229
9.03999999999227
9.04999999999225
9.05999999999222
9.0699999999922
9.07999999999218
9.08999999999215
9.09999999999213
9.10999999999211
9.11999999999208
9.12999999999206
9.13999999999204
9.14999999999201
9.15999999999199
9.16999999999197
9.17999999999194
9.18999999999192
9.1999999999919
9.20999999999187
9.21999999999185
9.22999999999183
9.2399999999918
9.24999999999178
9.25999999999176
9.26999999999173
9.27999999999171
9.28999999999169
9.29999999999166
9.30999999999164
9.31999999999162
9.32999999999159
9.33999999999157
9.34999999999155
9.35999999999152
9.3699999999915
9.37999999999148
9.38999999999145
9.39999999999143
9.40999999999141
9.41999999999138
9.42999999999136
9.43999999999134
9.44999999999131
9.45999999999129
9.46999999999127
9.47999999999124
9.48999999999122
9.4999999999912
9.50999999999117
9.51999999999115
9.52999999999113
9.5399999999911
9.54999999999108
9.55999999999106
9.56999999999104
9.57999999999101
9.58999999999099
9.59999999999097
9.60999999999094
9.61999999999092
9.6299999999909
9.63999999999087
9.64999999999085
9.65999999999083
9.6699999999908
9.67999999999078
9.68999999999076
9.69999999999073
9.70999999999071
9.71999999999069
9.72999999999066
9.73999999999064
9.74999999999062
9.75999999999059
9.76999999999057
9.77999999999055
9.78999999999052
9.7999999999905
9.80999999999048
9.81999999999045
9.82999999999043
9.83999999999041
9.84999999999038
9.85999999999036
9.86999999999034
9.87999999999031
9.88999999999029
9.89999999999027
9.90999999999024
9.91999999999022
9.9299999999902
9.93999999999017
9.94999999999015
9.95999999999013
9.9699999999901
9.97999999999008
9.98999999999006
9.99999999999003
10.00999999999
10.01999999999
10.02999999999
10.0399999999899
10.0499999999899
10.0599999999899
10.0699999999899
10.0799999999898
10.0899999999898
10.0999999999898
10.1099999999898
10.1199999999898
10.1299999999897
10.1399999999897
10.1499999999897
10.1599999999897
10.1699999999896
10.1799999999896
10.1899999999896
10.1999999999896
10.2099999999895
10.2199999999895
10.2299999999895
10.2399999999895
10.2499999999895
10.2599999999894
10.2699999999894
10.2799999999894
10.2899999999894
10.2999999999893
10.3099999999893
10.3199999999893
10.3299999999893
10.3399999999892
10.3499999999892
10.3599999999892
10.3699999999892
10.3799999999891
10.3899999999891
10.3999999999891
10.4099999999891
10.4199999999891
10.429999999989
10.439999999989
10.449999999989
10.459999999989
10.4699999999889
10.4799999999889
10.4899999999889
10.4999999999889
10.5099999999888
10.5199999999888
10.5299999999888
10.5399999999888
10.5499999999888
10.5599999999887
10.5699999999887
10.5799999999887
10.5899999999887
10.5999999999886
10.6099999999886
10.6199999999886
10.6299999999886
10.6399999999885
10.6499999999885
10.6599999999885
10.6699999999885
10.6799999999884
10.6899999999884
10.6999999999884
10.7099999999884
10.7199999999884
10.7299999999883
10.7399999999883
10.7499999999883
10.7599999999883
10.7699999999882
10.7799999999882
10.7899999999882
10.7999999999882
10.8099999999881
10.8199999999881
10.8299999999881
10.8399999999881
10.8499999999881
10.859999999988
10.869999999988
10.879999999988
10.889999999988
10.8999999999879
10.9099999999879
10.9199999999879
10.9299999999879
10.9399999999878
10.9499999999878
10.9599999999878
10.9699999999878
10.9799999999877
10.9899999999877
10.9999999999877
11.0099999999877
11.0199999999877
11.0299999999876
11.0399999999876
11.0499999999876
11.0599999999876
11.0699999999875
11.0799999999875
11.0899999999875
11.0999999999875
11.1099999999874
11.1199999999874
11.1299999999874
11.1399999999874
11.1499999999874
11.1599999999873
11.1699999999873
11.1799999999873
11.1899999999873
11.1999999999872
11.2099999999872
11.2199999999872
11.2299999999872
11.2399999999871
11.2499999999871
11.2599999999871
11.2699999999871
11.279999999987
11.289999999987
11.299999999987
11.309999999987
11.319999999987
11.3299999999869
11.3399999999869
11.3499999999869
11.3599999999869
11.3699999999868
11.3799999999868
11.3899999999868
11.3999999999868
11.4099999999867
11.4199999999867
11.4299999999867
11.4399999999867
11.4499999999867
11.4599999999866
11.4699999999866
11.4799999999866
11.4899999999866
11.4999999999865
11.5099999999865
11.5199999999865
11.5299999999865
11.5399999999864
11.5499999999864
11.5599999999864
11.5699999999864
11.5799999999864
11.5899999999863
11.5999999999863
11.6099999999863
11.6199999999863
11.6299999999862
11.6399999999862
11.6499999999862
11.6599999999862
11.6699999999861
11.6799999999861
11.6899999999861
11.6999999999861
11.709999999986
11.719999999986
11.729999999986
11.739999999986
11.749999999986
11.7599999999859
11.7699999999859
11.7799999999859
11.7899999999859
11.7999999999858
11.8099999999858
11.8199999999858
11.8299999999858
11.8399999999857
11.8499999999857
11.8599999999857
11.8699999999857
11.8799999999857
11.8899999999856
11.8999999999856
11.9099999999856
11.9199999999856
11.9299999999855
11.9399999999855
11.9499999999855
11.9599999999855
11.9699999999854
11.9799999999854
11.9899999999854
11.9999999999854
12.0099999999853
12.0199999999853
12.0299999999853
12.0399999999853
12.0499999999853
12.0599999999852
12.0699999999852
12.0799999999852
12.0899999999852
12.0999999999851
12.1099999999851
12.1199999999851
12.1299999999851
12.139999999985
12.149999999985
12.159999999985
12.169999999985
12.179999999985
12.1899999999849
12.1999999999849
12.2099999999849
12.2199999999849
12.2299999999848
12.2399999999848
12.2499999999848
12.2599999999848
12.2699999999847
12.2799999999847
12.2899999999847
12.2999999999847
12.3099999999846
12.3199999999846
12.3299999999846
12.3399999999846
12.3499999999846
12.3599999999845
12.3699999999845
12.3799999999845
12.3899999999845
12.3999999999844
12.4099999999844
12.4199999999844
12.4299999999844
12.4399999999843
12.4499999999843
12.4599999999843
12.4699999999843
12.4799999999843
12.4899999999842
12.4999999999842
12.5099999999842
12.5199999999842
12.5299999999841
12.5399999999841
12.5499999999841
12.5599999999841
12.569999999984
12.579999999984
12.589999999984
12.599999999984
12.609999999984
12.6199999999839
12.6299999999839
12.6399999999839
12.6499999999839
12.6599999999838
12.6699999999838
12.6799999999838
12.6899999999838
12.6999999999837
12.7099999999837
12.7199999999837
12.7299999999837
12.7399999999836
12.7499999999836
12.7599999999836
12.7699999999836
12.7799999999836
12.7899999999835
12.7999999999835
12.8099999999835
12.8199999999835
12.8299999999834
12.8399999999834
12.8499999999834
12.8599999999834
12.8699999999833
12.8799999999833
12.8899999999833
12.8999999999833
12.9099999999833
12.9199999999832
12.9299999999832
12.9399999999832
12.9499999999832
12.9599999999831
12.9699999999831
12.9799999999831
12.9899999999831
12.999999999983
13.009999999983
13.019999999983
13.029999999983
13.0399999999829
13.0499999999829
13.0599999999829
13.0699999999829
13.0799999999829
13.0899999999828
13.0999999999828
13.1099999999828
13.1199999999828
13.1299999999827
13.1399999999827
13.1499999999827
13.1599999999827
13.1699999999826
13.1799999999826
13.1899999999826
13.1999999999826
13.2099999999826
13.2199999999825
13.2299999999825
13.2399999999825
13.2499999999825
13.2599999999824
13.2699999999824
13.2799999999824
13.2899999999824
13.2999999999823
13.3099999999823
13.3199999999823
13.3299999999823
13.3399999999822
13.3499999999822
13.3599999999822
13.3699999999822
13.3799999999822
13.3899999999821
13.3999999999821
13.4099999999821
13.4199999999821
13.429999999982
13.439999999982
13.449999999982
13.459999999982
13.4699999999819
13.4799999999819
13.4899999999819
13.4999999999819
13.5099999999819
13.5199999999818
13.5299999999818
13.5399999999818
13.5499999999818
13.5599999999817
13.5699999999817
13.5799999999817
13.5899999999817
13.5999999999816
13.6099999999816
13.6199999999816
13.6299999999816
13.6399999999815
13.6499999999815
13.6599999999815
13.6699999999815
13.6799999999815
13.6899999999814
13.6999999999814
13.7099999999814
13.7199999999814
13.7299999999813
13.7399999999813
13.7499999999813
13.7599999999813
13.7699999999812
13.7799999999812
13.7899999999812
13.7999999999812
13.8099999999812
13.8199999999811
13.8299999999811
13.8399999999811
13.8499999999811
13.859999999981
13.869999999981
13.879999999981
13.889999999981
13.8999999999809
13.9099999999809
13.9199999999809
13.9299999999809
13.9399999999809
13.9499999999808
13.9599999999808
13.9699999999808
13.9799999999808
13.9899999999807
13.9999999999807
14.0099999999807
14.0199999999807
14.0299999999806
14.0399999999806
14.0499999999806
14.0599999999806
14.0699999999805
14.0799999999805
14.0899999999805
14.0999999999805
14.1099999999805
14.1199999999804
14.1299999999804
14.1399999999804
14.1499999999804
14.1599999999803
14.1699999999803
14.1799999999803
14.1899999999803
14.1999999999802
14.2099999999802
14.2199999999802
14.2299999999802
14.2399999999802
14.2499999999801
14.2599999999801
14.2699999999801
14.2799999999801
14.28999999998
14.29999999998
14.30999999998
14.31999999998
14.3299999999799
14.3399999999799
14.3499999999799
14.3599999999799
14.3699999999798
14.3799999999798
14.3899999999798
14.3999999999798
14.4099999999798
14.4199999999797
14.4299999999797
14.4399999999797
14.4499999999797
14.4599999999796
14.4699999999796
14.4799999999796
14.4899999999796
14.4999999999795
14.5099999999795
14.5199999999795
14.5299999999795
14.5399999999795
14.5499999999794
14.5599999999794
14.5699999999794
14.5799999999794
14.5899999999793
14.5999999999793
14.6099999999793
14.6199999999793
14.6299999999792
14.6399999999792
14.6499999999792
14.6599999999792
14.6699999999791
14.6799999999791
14.6899999999791
14.6999999999791
14.7099999999791
14.719999999979
14.729999999979
14.739999999979
14.749999999979
14.7599999999789
14.7699999999789
14.7799999999789
14.7899999999789
14.7999999999788
14.8099999999788
14.8199999999788
14.8299999999788
14.8399999999788
14.8499999999787
14.8599999999787
14.8699999999787
14.8799999999787
14.8899999999786
14.8999999999786
14.9099999999786
14.9199999999786
14.9299999999785
14.9399999999785
14.9499999999785
14.9599999999785
14.9699999999784
14.9799999999784
14.9899999999784
14.9999999999784
15.0099999999784
15.0199999999783
15.0299999999783
15.0399999999783
15.0499999999783
15.0599999999782
15.0699999999782
15.0799999999782
15.0899999999782
15.0999999999781
15.1099999999781
15.1199999999781
15.1299999999781
15.1399999999781
15.149999999978
15.159999999978
15.169999999978
15.179999999978
15.1899999999779
15.1999999999779
15.2099999999779
15.2199999999779
15.2299999999778
15.2399999999778
15.2499999999778
15.2599999999778
15.2699999999778
15.2799999999777
15.2899999999777
15.2999999999777
15.3099999999777
15.3199999999776
15.3299999999776
15.3399999999776
15.3499999999776
15.3599999999775
15.3699999999775
15.3799999999775
15.3899999999775
15.3999999999774
15.4099999999774
15.4199999999774
15.4299999999774
15.4399999999774
15.4499999999773
15.4599999999773
15.4699999999773
15.4799999999773
15.4899999999772
15.4999999999772
15.5099999999772
15.5199999999772
15.5299999999771
15.5399999999771
15.5499999999771
15.5599999999771
15.5699999999771
15.579999999977
15.589999999977
15.599999999977
15.609999999977
15.6199999999769
15.6299999999769
15.6399999999769
15.6499999999769
15.6599999999768
15.6699999999768
15.6799999999768
15.6899999999768
15.6999999999767
15.7099999999767
15.7199999999767
15.7299999999767
15.7399999999767
15.7499999999766
15.7599999999766
15.7699999999766
15.7799999999766
15.7899999999765
15.7999999999765
15.8099999999765
15.8199999999765
15.8299999999764
15.8399999999764
15.8499999999764
15.8599999999764
15.8699999999764
15.8799999999763
15.8899999999763
15.8999999999763
15.9099999999763
15.9199999999762
15.9299999999762
15.9399999999762
15.9499999999762
15.9599999999761
15.9699999999761
15.9799999999761
15.9899999999761
15.999999999976
16.009999999976
16.019999999976
16.029999999976
16.039999999976
16.0499999999759
16.0599999999759
16.0699999999759
16.0799999999759
16.0899999999758
16.0999999999758
16.1099999999758
16.1199999999758
16.1299999999757
16.1399999999757
16.1499999999757
16.1599999999757
16.1699999999757
16.1799999999756
16.1899999999756
16.1999999999756
16.2099999999756
16.2199999999755
16.2299999999755
16.2399999999755
16.2499999999755
16.2599999999754
16.2699999999754
16.2799999999754
16.2899999999754
16.2999999999754
16.3099999999753
16.3199999999753
16.3299999999753
16.3399999999753
16.3499999999752
16.3599999999752
16.3699999999752
16.3799999999752
16.3899999999751
16.3999999999751
16.4099999999751
16.4199999999751
16.429999999975
16.439999999975
16.449999999975
16.459999999975
16.469999999975
16.4799999999749
16.4899999999749
16.4999999999749
16.5099999999749
16.5199999999748
16.5299999999748
16.5399999999748
16.5499999999748
16.5599999999747
16.5699999999747
16.5799999999747
16.5899999999747
16.5999999999747
16.6099999999746
16.6199999999746
16.6299999999746
16.6399999999746
16.6499999999745
16.6599999999745
16.6699999999745
16.6799999999745
16.6899999999744
16.6999999999744
16.7099999999744
16.7199999999744
16.7299999999743
16.7399999999743
16.7499999999743
16.7599999999743
16.7699999999743
16.7799999999742
16.7899999999742
16.7999999999742
16.8099999999742
16.8199999999741
16.8299999999741
16.8399999999741
16.8499999999741
16.859999999974
16.869999999974
16.879999999974
16.889999999974
16.899999999974
16.9099999999739
16.9199999999739
16.9299999999739
16.9399999999739
16.9499999999738
16.9599999999738
16.9699999999738
16.9799999999738
16.9899999999737
16.9999999999737
17.0099999999737
17.0199999999737
17.0299999999737
17.0399999999736
17.0499999999736
17.0599999999736
17.0699999999736
17.0799999999735
17.0899999999735
17.0999999999735
17.1099999999735
17.1199999999734
17.1299999999734
17.1399999999734
17.1499999999734
17.1599999999733
17.1699999999733
17.1799999999733
17.1899999999733
17.1999999999733
17.2099999999732
17.2199999999732
17.2299999999732
17.2399999999732
17.2499999999731
17.2599999999731
17.2699999999731
17.2799999999731
17.289999999973
17.299999999973
17.309999999973
17.319999999973
17.329999999973
17.3399999999729
17.3499999999729
17.3599999999729
17.3699999999729
17.3799999999728
17.3899999999728
17.3999999999728
17.4099999999728
17.4199999999727
17.4299999999727
17.4399999999727
17.4499999999727
17.4599999999726
17.4699999999726
17.4799999999726
17.4899999999726
17.4999999999726
17.5099999999725
17.5199999999725
17.5299999999725
17.5399999999725
17.5499999999724
17.5599999999724
17.5699999999724
17.5799999999724
17.5899999999723
17.5999999999723
17.6099999999723
17.6199999999723
17.6299999999723
17.6399999999722
17.6499999999722
17.6599999999722
17.6699999999722
17.6799999999721
17.6899999999721
17.6999999999721
17.7099999999721
17.719999999972
17.729999999972
17.739999999972
17.749999999972
17.7599999999719
17.7699999999719
17.7799999999719
17.7899999999719
17.7999999999719
17.8099999999718
17.8199999999718
17.8299999999718
17.8399999999718
17.8499999999717
17.8599999999717
17.8699999999717
17.8799999999717
17.8899999999716
17.8999999999716
17.9099999999716
17.9199999999716
17.9299999999716
17.9399999999715
17.9499999999715
17.9599999999715
17.9699999999715
17.9799999999714
17.9899999999714
17.9999999999714
18.0099999999714
18.0199999999713
18.0299999999713
18.0399999999713
18.0499999999713
18.0599999999713
18.0699999999712
18.0799999999712
18.0899999999712
18.0999999999712
18.1099999999711
18.1199999999711
18.1299999999711
18.1399999999711
18.149999999971
18.159999999971
18.169999999971
18.179999999971
18.1899999999709
18.1999999999709
18.2099999999709
18.2199999999709
18.2299999999709
18.2399999999708
18.2499999999708
18.2599999999708
18.2699999999708
18.2799999999707
18.2899999999707
18.2999999999707
18.3099999999707
18.3199999999706
18.3299999999706
18.3399999999706
18.3499999999706
18.3599999999706
18.3699999999705
18.3799999999705
18.3899999999705
18.3999999999705
18.4099999999704
18.4199999999704
18.4299999999704
18.4399999999704
18.4499999999703
18.4599999999703
18.4699999999703
18.4799999999703
18.4899999999702
18.4999999999702
18.5099999999702
18.5199999999702
18.5299999999702
18.5399999999701
18.5499999999701
18.5599999999701
18.5699999999701
18.57999999997
18.58999999997
18.59999999997
18.60999999997
18.6199999999699
18.6299999999699
18.6399999999699
18.6499999999699
18.6599999999699
18.6699999999698
18.6799999999698
18.6899999999698
18.6999999999698
18.7099999999697
18.7199999999697
18.7299999999697
18.7399999999697
18.7499999999696
18.7599999999696
18.7699999999696
18.7799999999696
18.7899999999695
18.7999999999695
18.8099999999695
18.8199999999695
18.8299999999695
18.8399999999694
18.8499999999694
18.8599999999694
18.8699999999694
18.8799999999693
18.8899999999693
18.8999999999693
18.9099999999693
18.9199999999692
18.9299999999692
18.9399999999692
18.9499999999692
18.9599999999692
18.9699999999691
18.9799999999691
18.9899999999691
18.9999999999691
19.009999999969
19.019999999969
19.029999999969
19.039999999969
19.0499999999689
19.0599999999689
19.0699999999689
19.0799999999689
19.0899999999688
19.0999999999688
19.1099999999688
19.1199999999688
19.1299999999688
19.1399999999687
19.1499999999687
19.1599999999687
19.1699999999687
19.1799999999686
19.1899999999686
19.1999999999686
19.2099999999686
19.2199999999685
19.2299999999685
19.2399999999685
19.2499999999685
19.2599999999685
19.2699999999684
19.2799999999684
19.2899999999684
19.2999999999684
19.3099999999683
19.3199999999683
19.3299999999683
19.3399999999683
19.3499999999682
19.3599999999682
19.3699999999682
19.3799999999682
19.3899999999682
19.3999999999681
19.4099999999681
19.4199999999681
19.4299999999681
19.439999999968
19.449999999968
19.459999999968
19.469999999968
19.4799999999679
19.4899999999679
19.4999999999679
19.5099999999679
19.5199999999678
19.5299999999678
19.5399999999678
19.5499999999678
19.5599999999678
19.5699999999677
19.5799999999677
19.5899999999677
19.5999999999677
19.6099999999676
19.6199999999676
19.6299999999676
19.6399999999676
19.6499999999675
19.6599999999675
19.6699999999675
19.6799999999675
19.6899999999675
19.6999999999674
19.7099999999674
19.7199999999674
19.7299999999674
19.7399999999673
19.7499999999673
19.7599999999673
19.7699999999673
19.7799999999672
19.7899999999672
19.7999999999672
19.8099999999672
19.8199999999671
19.8299999999671
19.8399999999671
19.8499999999671
19.8599999999671
19.869999999967
19.879999999967
19.889999999967
19.899999999967
19.9099999999669
19.9199999999669
19.9299999999669
19.9399999999669
19.9499999999668
19.9599999999668
19.9699999999668
19.9799999999668
19.9899999999668
19.9999999999667
20.0099999999667
20.0199999999667
20.0299999999667
20.0399999999666
20.0499999999666
20.0599999999666
20.0699999999666
20.0799999999665
20.0899999999665
20.0999999999665
20.1099999999665
20.1199999999664
20.1299999999664
20.1399999999664
20.1499999999664
20.1599999999664
20.1699999999663
20.1799999999663
20.1899999999663
20.1999999999663
20.2099999999662
20.2199999999662
20.2299999999662
20.2399999999662
20.2499999999661
20.2599999999661
20.2699999999661
20.2799999999661
20.2899999999661
20.299999999966
20.309999999966
20.319999999966
20.329999999966
20.3399999999659
20.3499999999659
20.3599999999659
20.3699999999659
20.3799999999658
20.3899999999658
20.3999999999658
20.4099999999658
20.4199999999657
20.4299999999657
20.4399999999657
20.4499999999657
20.4599999999657
20.4699999999656
20.4799999999656
20.4899999999656
20.4999999999656
20.5099999999655
20.5199999999655
20.5299999999655
20.5399999999655
20.5499999999654
20.5599999999654
20.5699999999654
20.5799999999654
20.5899999999654
20.5999999999653
20.6099999999653
20.6199999999653
20.6299999999653
20.6399999999652
20.6499999999652
20.6599999999652
20.6699999999652
20.6799999999651
20.6899999999651
20.6999999999651
20.7099999999651
20.7199999999651
20.729999999965
20.739999999965
20.749999999965
20.759999999965
20.7699999999649
20.7799999999649
20.7899999999649
20.7999999999649
20.8099999999648
20.8199999999648
20.8299999999648
20.8399999999648
20.8499999999647
20.8599999999647
20.8699999999647
20.8799999999647
20.8899999999647
20.8999999999646
20.9099999999646
20.9199999999646
20.9299999999646
20.9399999999645
20.9499999999645
20.9599999999645
20.9699999999645
20.9799999999644
20.9899999999644
20.9999999999644
21.0099999999644
21.0199999999644
21.0299999999643
21.0399999999643
21.0499999999643
21.0599999999643
21.0699999999642
21.0799999999642
21.0899999999642
21.0999999999642
21.1099999999641
21.1199999999641
21.1299999999641
21.1399999999641
21.149999999964
21.159999999964
21.169999999964
21.179999999964
21.189999999964
21.1999999999639
21.2099999999639
21.2199999999639
21.2299999999639
21.2399999999638
21.2499999999638
21.2599999999638
21.2699999999638
21.2799999999637
21.2899999999637
21.2999999999637
21.3099999999637
21.3199999999637
21.3299999999636
21.3399999999636
21.3499999999636
21.3599999999636
21.3699999999635
21.3799999999635
21.3899999999635
21.3999999999635
21.4099999999634
21.4199999999634
21.4299999999634
21.4399999999634
21.4499999999633
21.4599999999633
21.4699999999633
21.4799999999633
21.4899999999633
21.4999999999632
21.5099999999632
21.5199999999632
21.5299999999632
21.5399999999631
21.5499999999631
21.5599999999631
21.5699999999631
21.579999999963
21.589999999963
21.599999999963
21.609999999963
21.619999999963
21.6299999999629
21.6399999999629
21.6499999999629
21.6599999999629
21.6699999999628
21.6799999999628
21.6899999999628
21.6999999999628
21.7099999999627
21.7199999999627
21.7299999999627
21.7399999999627
21.7499999999627
21.7599999999626
21.7699999999626
21.7799999999626
21.7899999999626
21.7999999999625
21.8099999999625
21.8199999999625
21.8299999999625
21.8399999999624
21.8499999999624
21.8599999999624
21.8699999999624
21.8799999999623
21.8899999999623
21.8999999999623
21.9099999999623
21.9199999999623
21.9299999999622
21.9399999999622
21.9499999999622
21.9599999999622
21.9699999999621
21.9799999999621
21.9899999999621
21.9999999999621
22.009999999962
22.019999999962
22.029999999962
22.039999999962
22.049999999962
22.0599999999619
22.0699999999619
22.0799999999619
22.0899999999619
22.0999999999618
22.1099999999618
22.1199999999618
22.1299999999618
22.1399999999617
22.1499999999617
22.1599999999617
22.1699999999617
22.1799999999616
22.1899999999616
22.1999999999616
22.2099999999616
22.2199999999616
22.2299999999615
22.2399999999615
22.2499999999615
22.2599999999615
22.2699999999614
22.2799999999614
22.2899999999614
22.2999999999614
22.3099999999613
22.3199999999613
22.3299999999613
22.3399999999613
22.3499999999613
22.3599999999612
22.3699999999612
22.3799999999612
22.3899999999612
22.3999999999611
22.4099999999611
22.4199999999611
22.4299999999611
22.439999999961
22.449999999961
22.459999999961
22.469999999961
22.4799999999609
22.4899999999609
22.4999999999609
22.5099999999609
22.5199999999609
22.5299999999608
22.5399999999608
22.5499999999608
22.5599999999608
22.5699999999607
22.5799999999607
22.5899999999607
22.5999999999607
22.6099999999606
22.6199999999606
22.6299999999606
22.6399999999606
22.6499999999606
22.6599999999605
22.6699999999605
22.6799999999605
22.6899999999605
22.6999999999604
22.7099999999604
22.7199999999604
22.7299999999604
22.7399999999603
22.7499999999603
22.7599999999603
22.7699999999603
22.7799999999602
22.7899999999602
22.7999999999602
22.8099999999602
22.8199999999602
22.8299999999601
22.8399999999601
22.8499999999601
22.8599999999601
22.86999999996
22.87999999996
22.88999999996
22.89999999996
22.9099999999599
22.9199999999599
22.9299999999599
22.9399999999599
22.9499999999599
22.9599999999598
22.9699999999598
22.9799999999598
22.9899999999598
22.9999999999597
23.0099999999597
23.0199999999597
23.0299999999597
23.0399999999596
23.0499999999596
23.0599999999596
23.0699999999596
23.0799999999596
23.0899999999595
23.0999999999595
23.1099999999595
23.1199999999595
23.1299999999594
23.1399999999594
23.1499999999594
23.1599999999594
23.1699999999593
23.1799999999593
23.1899999999593
23.1999999999593
23.2099999999592
23.2199999999592
23.2299999999592
23.2399999999592
23.2499999999592
23.2599999999591
23.2699999999591
23.2799999999591
23.2899999999591
23.299999999959
23.309999999959
23.319999999959
23.329999999959
23.3399999999589
23.3499999999589
23.3599999999589
23.3699999999589
23.3799999999589
23.3899999999588
23.3999999999588
23.4099999999588
23.4199999999588
23.4299999999587
23.4399999999587
23.4499999999587
23.4599999999587
23.4699999999586
23.4799999999586
23.4899999999586
23.4999999999586
23.5099999999585
23.5199999999585
23.5299999999585
23.5399999999585
23.5499999999585
23.5599999999584
23.5699999999584
23.5799999999584
23.5899999999584
23.5999999999583
23.6099999999583
23.6199999999583
23.6299999999583
23.6399999999582
23.6499999999582
23.6599999999582
23.6699999999582
23.6799999999582
23.6899999999581
23.6999999999581
23.7099999999581
23.7199999999581
23.729999999958
23.739999999958
23.749999999958
23.759999999958
23.7699999999579
23.7799999999579
23.7899999999579
23.7999999999579
23.8099999999578
23.8199999999578
23.8299999999578
23.8399999999578
23.8499999999578
23.8599999999577
23.8699999999577
23.8799999999577
23.8899999999577
23.8999999999576
23.9099999999576
23.9199999999576
23.9299999999576
23.9399999999575
23.9499999999575
23.9599999999575
23.9699999999575
23.9799999999575
23.9899999999574
23.9999999999574
24.0099999999574
24.0199999999574
24.0299999999573
24.0399999999573
24.0499999999573
24.0599999999573
24.0699999999572
24.0799999999572
24.0899999999572
24.0999999999572
24.1099999999572
24.1199999999571
24.1299999999571
24.1399999999571
24.1499999999571
24.159999999957
24.169999999957
24.179999999957
24.189999999957
24.1999999999569
24.2099999999569
24.2199999999569
24.2299999999569
24.2399999999568
24.2499999999568
24.2599999999568
24.2699999999568
24.2799999999568
24.2899999999567
24.2999999999567
24.3099999999567
24.3199999999567
24.3299999999566
24.3399999999566
24.3499999999566
24.3599999999566
24.3699999999565
24.3799999999565
24.3899999999565
24.3999999999565
24.4099999999565
24.4199999999564
24.4299999999564
24.4399999999564
24.4499999999564
24.4599999999563
24.4699999999563
24.4799999999563
24.4899999999563
24.4999999999562
24.5099999999562
24.5199999999562
24.5299999999562
24.5399999999561
24.5499999999561
24.5599999999561
24.5699999999561
24.5799999999561
24.589999999956
24.599999999956
24.609999999956
24.619999999956
24.6299999999559
24.6399999999559
24.6499999999559
24.6599999999559
24.6699999999558
24.6799999999558
24.6899999999558
24.6999999999558
24.7099999999558
24.7199999999557
24.7299999999557
24.7399999999557
24.7499999999557
24.7599999999556
24.7699999999556
24.7799999999556
24.7899999999556
24.7999999999555
24.8099999999555
24.8199999999555
24.8299999999555
24.8399999999554
24.8499999999554
24.8599999999554
24.8699999999554
24.8799999999554
24.8899999999553
24.8999999999553
24.9099999999553
24.9199999999553
24.9299999999552
24.9399999999552
24.9499999999552
24.9599999999552
24.9699999999551
24.9799999999551
24.9899999999551
24.9999999999551
25.0099999999551
25.019999999955
25.029999999955
25.039999999955
25.049999999955
25.0599999999549
25.0699999999549
25.0799999999549
25.0899999999549
25.0999999999548
25.1099999999548
25.1199999999548
25.1299999999548
25.1399999999547
25.1499999999547
25.1599999999547
25.1699999999547
25.1799999999547
25.1899999999546
25.1999999999546
25.2099999999546
25.2199999999546
25.2299999999545
25.2399999999545
25.2499999999545
25.2599999999545
25.2699999999544
25.2799999999544
25.2899999999544
25.2999999999544
25.3099999999544
25.3199999999543
25.3299999999543
25.3399999999543
25.3499999999543
25.3599999999542
25.3699999999542
25.3799999999542
25.3899999999542
25.3999999999541
25.4099999999541
25.4199999999541
25.4299999999541
25.4399999999541
25.449999999954
25.459999999954
25.469999999954
25.479999999954
25.4899999999539
25.4999999999539
25.5099999999539
25.5199999999539
25.5299999999538
25.5399999999538
25.5499999999538
25.5599999999538
25.5699999999537
25.5799999999537
25.5899999999537
25.5999999999537
25.6099999999537
25.6199999999536
25.6299999999536
25.6399999999536
25.6499999999536
25.6599999999535
25.6699999999535
25.6799999999535
25.6899999999535
25.6999999999534
25.7099999999534
25.7199999999534
25.7299999999534
25.7399999999534
25.7499999999533
25.7599999999533
25.7699999999533
25.7799999999533
25.7899999999532
25.7999999999532
25.8099999999532
25.8199999999532
25.8299999999531
25.8399999999531
25.8499999999531
25.8599999999531
25.869999999953
25.879999999953
25.889999999953
25.899999999953
25.909999999953
25.9199999999529
25.9299999999529
25.9399999999529
25.9499999999529
25.9599999999528
25.9699999999528
25.9799999999528
25.9899999999528
25.9999999999527
26.0099999999527
26.0199999999527
26.0299999999527
26.0399999999527
26.0499999999526
26.0599999999526
26.0699999999526
26.0799999999526
26.0899999999525
26.0999999999525
26.1099999999525
26.1199999999525
26.1299999999524
26.1399999999524
26.1499999999524
26.1599999999524
26.1699999999523
26.1799999999523
26.1899999999523
26.1999999999523
26.2099999999523
26.2199999999522
26.2299999999522
26.2399999999522
26.2499999999522
26.2599999999521
26.2699999999521
26.2799999999521
26.2899999999521
26.299999999952
26.309999999952
26.319999999952
26.329999999952
26.339999999952
26.3499999999519
26.3599999999519
26.3699999999519
26.3799999999519
26.3899999999518
26.3999999999518
26.4099999999518
26.4199999999518
26.4299999999517
26.4399999999517
26.4499999999517
26.4599999999517
26.4699999999516
26.4799999999516
26.4899999999516
26.4999999999516
26.5099999999516
26.5199999999515
26.5299999999515
26.5399999999515
26.5499999999515
26.5599999999514
26.5699999999514
26.5799999999514
26.5899999999514
26.5999999999513
26.6099999999513
26.6199999999513
26.6299999999513
26.6399999999513
26.6499999999512
26.6599999999512
26.6699999999512
26.6799999999512
26.6899999999511
26.6999999999511
26.7099999999511
26.7199999999511
26.729999999951
26.739999999951
26.749999999951
26.759999999951
26.769999999951
26.7799999999509
26.7899999999509
26.7999999999509
26.8099999999509
26.8199999999508
26.8299999999508
26.8399999999508
26.8499999999508
26.8599999999507
26.8699999999507
26.8799999999507
26.8899999999507
26.8999999999506
26.9099999999506
26.9199999999506
26.9299999999506
26.9399999999506
26.9499999999505
26.9599999999505
26.9699999999505
26.9799999999505
26.9899999999504
26.9999999999504
27.0099999999504
27.0199999999504
27.0299999999503
27.0399999999503
27.0499999999503
27.0599999999503
27.0699999999503
27.0799999999502
27.0899999999502
27.0999999999502
27.1099999999502
27.1199999999501
27.1299999999501
27.1399999999501
27.1499999999501
27.15999999995
27.16999999995
27.17999999995
27.18999999995
27.1999999999499
27.2099999999499
27.2199999999499
27.2299999999499
27.2399999999499
27.2499999999498
27.2599999999498
27.2699999999498
27.2799999999498
27.2899999999497
27.2999999999497
27.3099999999497
27.3199999999497
27.3299999999496
27.3399999999496
27.3499999999496
27.3599999999496
27.3699999999496
27.3799999999495
27.3899999999495
27.3999999999495
27.4099999999495
27.4199999999494
27.4299999999494
27.4399999999494
27.4499999999494
27.4599999999493
27.4699999999493
27.4799999999493
27.4899999999493
27.4999999999492
27.5099999999492
27.5199999999492
27.5299999999492
27.5399999999492
27.5499999999491
27.5599999999491
27.5699999999491
27.5799999999491
27.589999999949
27.599999999949
27.609999999949
27.619999999949
27.6299999999489
27.6399999999489
27.6499999999489
27.6599999999489
27.6699999999489
27.6799999999488
27.6899999999488
27.6999999999488
27.7099999999488
27.7199999999487
27.7299999999487
27.7399999999487
27.7499999999487
27.7599999999486
27.7699999999486
27.7799999999486
27.7899999999486
27.7999999999486
27.8099999999485
27.8199999999485
27.8299999999485
27.8399999999485
27.8499999999484
27.8599999999484
27.8699999999484
27.8799999999484
27.8899999999483
27.8999999999483
27.9099999999483
27.9199999999483
27.9299999999482
27.9399999999482
27.9499999999482
27.9599999999482
27.9699999999482
27.9799999999481
27.9899999999481
27.9999999999481
28.0099999999481
28.019999999948
28.029999999948
28.039999999948
28.049999999948
28.0599999999479
28.0699999999479
28.0799999999479
28.0899999999479
28.0999999999479
28.1099999999478
28.1199999999478
28.1299999999478
28.1399999999478
28.1499999999477
28.1599999999477
28.1699999999477
28.1799999999477
28.1899999999476
28.1999999999476
28.2099999999476
28.2199999999476
28.2299999999475
28.2399999999475
28.2499999999475
28.2599999999475
28.2699999999475
28.2799999999474
28.2899999999474
28.2999999999474
28.3099999999474
28.3199999999473
28.3299999999473
28.3399999999473
28.3499999999473
28.3599999999472
28.3699999999472
28.3799999999472
28.3899999999472
28.3999999999472
28.4099999999471
28.4199999999471
28.4299999999471
28.4399999999471
28.449999999947
28.459999999947
28.469999999947
28.479999999947
28.4899999999469
28.4999999999469
28.5099999999469
28.5199999999469
28.5299999999468
28.5399999999468
28.5499999999468
28.5599999999468
28.5699999999468
28.5799999999467
28.5899999999467
28.5999999999467
28.6099999999467
28.6199999999466
28.6299999999466
28.6399999999466
28.6499999999466
28.6599999999465
28.6699999999465
28.6799999999465
28.6899999999465
28.6999999999465
28.7099999999464
28.7199999999464
28.7299999999464
28.7399999999464
28.7499999999463
28.7599999999463
28.7699999999463
28.7799999999463
28.7899999999462
28.7999999999462
28.8099999999462
28.8199999999462
28.8299999999461
28.8399999999461
28.8499999999461
28.8599999999461
28.8699999999461
28.879999999946
28.889999999946
28.899999999946
28.909999999946
28.9199999999459
28.9299999999459
28.9399999999459
28.9499999999459
28.9599999999458
28.9699999999458
28.9799999999458
28.9899999999458
28.9999999999458
29.0099999999457
29.0199999999457
29.0299999999457
29.0399999999457
29.0499999999456
29.0599999999456
29.0699999999456
29.0799999999456
29.0899999999455
29.0999999999455
29.1099999999455
29.1199999999455
29.1299999999455
29.1399999999454
29.1499999999454
29.1599999999454
29.1699999999454
29.1799999999453
29.1899999999453
29.1999999999453
29.2099999999453
29.2199999999452
29.2299999999452
29.2399999999452
29.2499999999452
29.2599999999451
29.2699999999451
29.2799999999451
29.2899999999451
29.2999999999451
29.309999999945
29.319999999945
29.329999999945
29.339999999945
29.3499999999449
29.3599999999449
29.3699999999449
29.3799999999449
29.3899999999448
29.3999999999448
29.4099999999448
29.4199999999448
29.4299999999448
29.4399999999447
29.4499999999447
29.4599999999447
29.4699999999447
29.4799999999446
29.4899999999446
29.4999999999446
29.5099999999446
29.5199999999445
29.5299999999445
29.5399999999445
29.5499999999445
29.5599999999444
29.5699999999444
29.5799999999444
29.5899999999444
29.5999999999444
29.6099999999443
29.6199999999443
29.6299999999443
29.6399999999443
29.6499999999442
29.6599999999442
29.6699999999442
29.6799999999442
29.6899999999441
29.6999999999441
29.7099999999441
29.7199999999441
29.7299999999441
29.739999999944
29.749999999944
29.759999999944
29.769999999944
29.7799999999439
29.7899999999439
29.7999999999439
29.8099999999439
29.8199999999438
29.8299999999438
29.8399999999438
29.8499999999438
29.8599999999437
29.8699999999437
29.8799999999437
29.8899999999437
29.8999999999437
29.9099999999436
29.9199999999436
29.9299999999436
29.9399999999436
29.9499999999435
29.9599999999435
29.9699999999435
29.9799999999435
29.9899999999434
