0    1    0.102131865803009    0.102131865803009
0.1    1.0102645301402    0.103164836584647    0.10211665708023
0.2    1.02063296731693    0.104208939298152    0.102102266569048
0.3    1.03110631799983    0.105263191658617    0.102087621636156
0.4    1.04168560564865    0.106328296187471    0.102073308502003
0.5    1.05237197723733    0.10740443502838    0.102059383327876
0.6    1.06316649265433    0.108491431783253    0.102045570973922
0.7    1.07407026359398    0.109589549465961    0.102032011480571
0.8    1.08508440254752    0.1106988427757    0.102018647135472
0.9    1.09621003214912    0.111819440985003    0.102005489555484
1    1.10744829074452    0.112951485657417    0.101992559473346
1.1    1.1188003292806    0.114095024965422    0.101979792085676
1.2    1.13026729573761    0.115250178057499    0.101967188197096
1.3    1.1418503648921    0.116417127406802    0.101954801597671
1.4    1.15355072121897    0.117595924666985    0.101942569584388
1.5    1.1653695498255    0.11878668983911    0.101930490509982
1.6    1.17730805918679    0.11998956908709    0.101918582949284
1.7    1.18936746364292    0.121204652913891    0.101906817378923
1.8    1.20154898976957    0.122432079338124    0.101895203924731
1.9    1.21385387951054    0.12367197052154    0.101883737910372
2    1.22628338387387    0.124924430654608    0.101872399395943
2.1    1.23883876564146    0.126189587590085    0.101861187339213
2.2    1.25152130139189    0.127467584521305    0.101850111843514
2.3    1.26433228254572    0.128758540139344    0.101839161996314
2.4    1.27727300941976    0.130062561722634    0.101828317645042
2.5    1.29034479489025    0.131379796215534    0.101817589171356
2.6    1.30354896866287    0.132710378660471    0.101806976071333
2.7    1.31688687062235    0.134054423982588    0.101796461771416
2.8    1.33035985345938    0.135412075626428    0.101786050799947
2.9    1.34396928574763    0.136783470223472    0.101775741212256
3    1.35771654750408    0.138168730237347    0.101765519829118
3.1    1.3716030317951    0.139567998469537    0.10175538784489
3.2    1.38563014719799    0.140981420885385    0.101745347537709
3.3    1.39979931597218    0.142409132457875    0.101735392232972
3.4    1.41411197368956    0.143851268974663    0.101725515129711
3.5    1.42856956976711    0.145307973179274    0.101715713574217
3.6    1.44317356832542    0.146779395248351    0.101705989126912
3.7    1.45792544881678    0.148265681464757    0.101696339538545
3.8    1.47282670461837    0.149766971522509    0.101686757208355
3.9    1.48787884312128    0.151283415144531    0.101677240619383
4    1.50308338764727    0.152815168210995    0.101667791332716
4.1    1.51844187676348    0.154362377498602    0.101658403828812
4.2    1.53395586314699    0.155925191997849    0.101649073316855
4.3    1.54962691516305    0.157503772584082    0.101639801840632
4.4    1.56545661766381    0.15909827761806    0.101630588687592
4.5    1.58144657068666    0.160708858682796    0.101621427913948
4.6    1.59759838940037    0.162335673278033    0.101612316559084
4.7    1.61391370534227    0.163978886081029    0.101603255203941
4.8    1.63039416661658    0.165638660853875    0.101594242818969
4.9    1.64704143751304    0.167315160295543    0.101585276778574
5    1.66385719867568    0.169008549203663    0.101576354832724
5.1    1.68084314735378    0.170718994445947    0.101567475058406
5.2    1.69800099756487    0.172446665546194    0.101558636180722
5.3    1.71533248046302    0.174191734645729    0.101549837497807
5.4    1.73283934449402    0.175954373837843    0.101541077305826
5.5    1.75052335523058    0.177734755511278    0.101532353156103
5.6    1.76838629559627    0.179533056108131    0.101523664006679
5.7    1.78642996645221    0.18134945559827    0.101515009826231
5.8    1.80465618671593    0.18318413313413    0.101506389129713
5.9    1.82306679307904    0.185037267344835    0.101497799228913
5.99999999999999    1.8416636401849    0.186909040955293    0.101489238793099
6.09999999999999    1.8604486012701    0.188799641400243    0.101480708078338
6.19999999999999    1.87942356846494    0.190709256703188    0.101472206639908
6.29999999999999    1.89859045261073    0.192638073883817    0.101463732538485
6.39999999999999    1.91795118324171    0.194586281901329    0.101455283951722
6.49999999999999    1.937507708991    0.196554073758547    0.101446860235156
6.59999999999999    1.95726199799342    0.198541645031404    0.101438461092561
6.69999999999999    1.97721603799728    0.200549192069446    0.101430085643338
6.79999999999999    1.99737183640731    0.20257691247411    0.101421732689736
6.89999999999999    2.0177314204921    0.20462500629112    0.10141340131444
6.99999999999999    2.03829683766553    0.206693676004341    0.101405090850785
7.09999999999999    2.05907015569297    0.208783125974229    0.101396800588353
7.19999999999999    2.08005346286038    0.210893562471328    0.101388529783902
7.29999999999999    2.10124886818723    0.213025193921577    0.101380277770408
7.39999999999999    2.12265850164469    0.215178230685492    0.101372043839726
7.49999999999999    2.14428451432433    0.217352884850562    0.101363827140751
7.59999999999999    2.1661290786148    0.219549370689251    0.101355626890734
7.69999999999999    2.18819438846218    0.221767905258561    0.101347442634845
7.79999999999999    2.21048265966652    0.224008708184758    0.101339274119686
7.89999999999999    2.23299613009914    0.226272000803562    0.101331120888918
7.99999999999999    2.25573705982723    0.228558005802039    0.101322982129639
8.09999999999999    2.27870773125954    0.23086694788254    0.101314856975945
8.19999999999999    2.30191044940374    0.233199054648281    0.101306744886052
8.29999999999999    2.3253475421892    0.235554556680162    0.101298645646061
8.39999999999999    2.34902136073977    0.237933686823392    0.101290559038791
8.49999999999999    2.37293427955388    0.240336679600486    0.101282484589363
8.59999999999999    2.39708869665987    0.242763771385087    0.101274421644622
8.69999999999999    2.42148703383089    0.245215201034216    0.101266369634974
8.79999999999998    2.44613173686671    0.247691210249845    0.10125832820726
8.89999999999998    2.47102527588086    0.250192043380285    0.101250297122557
8.99999999999998    2.49617014554277    0.252717947016441    0.101242276079498
9.09999999999998    2.52156886528415    0.255269169863449    0.101234264658754
9.19999999999998    2.54722397951546    0.257845962972135    0.101226262411829
9.29999999999998    2.57313805787858    0.260448580034794    0.10121826896825
9.39999999999998    2.59931369552241    0.263077277465246    0.10121028405245
9.49999999999998    2.62575351337163    0.265732314269842    0.101202307420176
9.59999999999998    2.65246015837638    0.268413951914436    0.101194338797811
9.69999999999998    2.67943630375452    0.271122454333454    0.101186377878641
9.79999999999998    2.70668464924307    0.273858088044507    0.10117842435804
9.89999999999998    2.73420792136342    0.276621122241784    0.101170477958328
9.99999999999998    2.76200887369143    0.279411828806672    0.101162538421985
10.1    2.79009028712475    0.282230482284859    0.101154605493324
10.2    2.8184549701484    0.285077359908327    0.10114667891725
10.3    2.84710575910642    0.287952741674928    0.1011387584581
10.4    2.87604551848339    0.290856910424712    0.101130843915881
10.5    2.90527714119136    0.293790151850435    0.101122935118665
10.6    2.93480354885347    0.296752754444863    0.101115031893973
10.7    2.96462769208033    0.299745009450414    0.101107134042885
10.8    2.99475255074356    0.302767210877847    0.101099241338879
10.9    3.0251811342559    0.305819655603308    0.101091353552464
11    3.05591648186422    0.308902643490622    0.10108347048221
11.1    3.08696166295403    0.312016477469597    0.101075591969295
11.2    3.11831977735814    0.315161463538779    0.101067717886774
11.3    3.14999395566178    0.318337910717599    0.101059848113493
11.4    3.18198735950166    0.321546131004621    0.10105198251164
11.5    3.21430318186271    0.324786439387142    0.101044120921701
11.6    3.24694464737909    0.328059153907474    0.101036263175069
11.7    3.2799150126442    0.331364595754425    0.101028409113346
11.8    3.31321756652997    0.33470308933818    0.101020558601204
11.9    3.34685563051184    0.338074962324477    0.101012711526124
12    3.38083255899487    0.34148054563314    0.101004867787556
12.1    3.41515173963846    0.344920173426414    0.10099702728375
12.2    3.44981659368015    0.348394183113772    0.100989189904185
12.3    3.48483057626122    0.351902915385322    0.100981355530595
12.4    3.52019717675721    0.355446714267554    0.100973524044181
12.5    3.55591991911473    0.359025927184357    0.100965695333695
12.6    3.59200236219409    0.362640905007247    0.100957869299879
12.7    3.62844810011618    0.366292002088368    0.100950045854766
12.8    3.66526076261176    0.369979576280489    0.100942224917403
12.9    3.70244401537228    0.373703988954087    0.100934406408982
13    3.74000156040258    0.37746560502062    0.100926590249868
13.1    3.7779371363764    0.381264792965642    0.100918776359347
13.2    3.8162545189957    0.385101924889592    0.100910964657288
13.3    3.85495752135432    0.388977376550955    0.100903155066233
13.4    3.8940499943059    0.392891527407013    0.100895347512621
13.5    3.93353582683572    0.396844760650323    0.100887541926766
13.6    3.97341894643596    0.400837463242151    0.100879738241972
13.7    4.01370331948415    0.404870025945762    0.100871936393594
13.8    4.05439295162511    0.40894284336209    0.10086413631865
13.9    4.09549188815657    0.413056313968613    0.100856337956156
14    4.13700421441883    0.417210840160343    0.100848541247849
14.1    4.17893405618864    0.421406828290836    0.100840746138784
14.2    4.221285580077    0.425644688711407    0.100832952577362
14.3    4.26406299393092    0.429924835807911    0.100825160514708
14.4    4.30727054723858    0.434247688035932    0.100817369903623
14.5    4.35091253153811    0.438613667956129    0.100809580697563
14.6    4.39499328082981    0.443023202271551    0.100801792850046
14.7    4.43951717199242    0.447476721868002    0.100794006314695
14.8    4.48448862520341    0.45197466185738    0.100786221045856
14.9    4.52991210436389    0.45651746162291    0.1007784369995
15    4.57579211752799    0.461105564864703    0.100770654134045
15.1    4.62213321733683    0.465739419644199    0.100762872410793
15.2    4.66894000145683    0.47041947842671    0.100755091793839
15.3    4.71621711302217    0.475146198122147    0.100747312249514
15.4    4.76396924108126    0.47992004012471    0.100739533745559
15.5    4.81220112104712    0.484741470352753    0.100731756250303
15.6    4.86091753515181    0.489610959289943    0.10072397973208
15.7    4.9101233129051    0.494528982028467    0.10071620415901
15.8    4.9598233315575    0.499496018314472    0.100708429499165
15.9    5.010022516568    0.504512552595358    0.100700655720997
16    5.06072584207658    0.509579074068215    0.100692882793888
16.1    5.11193833138164    0.514696076728562    0.10068511068862
16.2    5.16366505742229    0.519864059418691    0.100677339377664
16.3    5.21591114326538    0.525083525875235    0.100669568835199
16.4    5.26868176259734    0.530354984775935    0.100661799036897
16.5    5.32198214022057    0.535678949785863    0.100654029959533
16.6    5.37581755255451    0.541055939603594    0.100646261580528
16.7    5.43019332814128    0.546486478007838    0.100638493877509
16.8    5.48511484815608    0.551971093904947    0.10063072682799
16.9    5.54058754692227    0.557510321377572    0.100622960409183
17    5.59661691243159    0.56310469973451    0.100615194597955
17.1    5.65320848686918    0.568754773561618    0.100607429370892
17.2    5.71036786714391    0.574461092773545    0.100599664704415
17.3    5.76810070542389    0.580224212666005    0.100591900574899
17.4    5.82641270967711    0.586044693968298    0.100584136958739
17.5    5.88530964421754    0.591923102895909    0.100576373832342
17.6    5.9447973302563    0.597860011203064    0.10056861117203
17.7    6.00488164645816    0.603855996235244    0.100560848953853
17.8    6.06556852950334    0.609911640981717    0.100553087153342
17.9    6.1268639746545    0.616027534128198    0.100545325745205
18    6.18877403632898    0.622204270109761    0.100537564703014
18.1    6.25130482867645    0.628442449164098    0.10052980399888
18.2    6.3144625261618    0.6347426773852    0.100522043603135
18.3    6.37825336415349    0.641105566777487    0.100514283484029
18.4    6.4426836395173    0.647531735310389    0.100506523607436
18.5    6.50775971121557    0.654021806973351    0.100498763936566
18.6    6.57348800091197    0.660576411831225    0.100491004431678
18.7    6.63987499358182    0.667196186080044    0.100483245049788
18.8    6.70692723812798    0.673881772103161    0.100475485744386
18.9    6.77465134800245    0.680633818527828    0.100467726465144
19    6.84305400183355    0.687452980282287    0.100459967157659
19.1    6.9121419440589    0.694339918653546    0.100452207763231
19.2    6.98192198556425    0.701295301346046    0.100444448218705
19.3    7.05240100432811    0.708319802541505    0.100436688456428
19.4    7.12358594607256    0.715414102960269    0.100428928404338
19.5    7.19548382492017    0.722578889924555    0.100421167986236
19.6    7.26810172405747    0.729814857424022    0.100413407122293
19.7    7.34144679640497    0.737122706184109    0.100405645729813
19.8    7.41552626529429    0.744503143737577    0.100397883724309
19.9    7.49034742515249    0.751956884499642    0.1003901210209
20    7.56591764219422    0.759484649846974    0.10038235753604
20.1    7.64224435512188    0.767087168200698    0.100374593189577
20.2    7.71933507583435    0.774765175113262    0.100366827907068
20.3    7.79719739014453    0.782519413358781    0.100359061622304
20.4    7.87583895850611    0.790350633026074    0.100351294279891
20.5    7.95526751674975    0.798259591613317    0.100343525837766
20.6    8.03549087682877    0.806247054122786    0.100335756269438
20.7    8.11651692757431    0.814313793153923    0.10032798556576
20.8    8.19835363545956    0.822460588992803    0.100320213736023
20.9    8.28100904537287    0.830688229696075    0.100312440808193
21    8.36449128139877    0.838997511167677    0.100304666828151
21.1    8.4488085476064    0.847389237227128    0.10029689185787
21.2    8.5339691288442    0.855864219668886    0.100289115972558
21.3    8.61998139154018    0.864423278313153    0.100281339256894
21.4    8.70685378450683    0.87306724104944    0.100273561800589
21.5    8.79459483975007    0.881796943875134    0.100265783693589
21.6    8.88321317328186    0.890613230932075    0.100258005021289
21.7    8.97271748593648    0.899516954544572    0.100250225860164
21.8    9.06311656419077    0.908508975262432    0.10024244627417
21.9    9.15441928098897    0.917590161912249    0.100234666312238
22    9.24663459657322    0.926761391659532    0.100226886007044
22.1    9.33977155932087    0.936023550083271    0.100219105375135
22.2    9.43383930658988    0.945377531263386    0.100211324418363
22.3    9.52884706557355    0.954824237880327    0.100203543126427
22.4    9.62480415416594    0.964364581325    0.100195761480257
22.5    9.72171998183855    0.97399948181633    0.100187979455887
22.6000000000001    9.81960405052921    0.983729868523225    0.100180197028434
22.7000000000001    9.9184659555432    0.993556679687493    0.100172414175825
22.8000000000001    10.0183153864667    1.00348086274443    0.100164630881954
22.9000000000001    10.1191621280921    1.01350337443833    0.100156847139025
23.0000000000001    10.2210160613544    1.02362518093076    0.100149062948946
23.1000000000001    10.3238871642782    1.0338472579005    0.100141278323704
23.2000000000001    10.4277855129345    1.04417059063475    0.100133493284799
23.3000000000001    10.5327212824052    1.05459617411225    0.100125707861836
23.4000000000001    10.6387047477569    1.06512501307939    0.100117922090465
23.5000000000001    10.7457462850211    1.07575812212115    0.100110136009883
23.6000000000001    10.8538563721812    1.08649652572884    0.100102349660124
23.7000000000001    10.9630455901668    1.09734125836674    0.10009456307935
23.8000000000001    11.0733246238545    1.10829336453987    0.100086776301343
23.9000000000001    11.1847042630748    1.11935389886472    0.100078989353358
24.0000000000001    11.2971954036274    1.13052392614471    0.100071202254474
24.1000000000001    11.4108090483037    1.14180452145198    0.100063415014531
24.2000000000001    11.5255563079178    1.15319677021645    0.100055627633716
24.3000000000001    11.641448402347    1.16470176832315    0.100047840102812
24.4000000000001    11.7584966615825    1.1763206222181    0.100040052404096
24.5000000000001    11.8767125267907    1.18805444902272    0.100032264512826
24.6000000000001    11.996107551387    1.19990437665606    0.100024476399207
24.7000000000001    12.1166934021219    1.21187154396397    0.100016688030725
24.8000000000001    12.2384818601798    1.22395710085332    0.10000889937466
24.9000000000001    12.3614848222925    1.23616220842939    0.100001110400598
25.0000000000001    12.4857143018657    1.24848803913395    0.0999933210827507
25.1000000000001    12.6111824301193    1.26093577688149    0.0999855314018768
25.2000000000001    12.737901457242    1.27350661719116    0.0999777413466425
25.3000000000001    12.8658837535576    1.28620176731204    0.0999699509142849
25.4000000000001    12.9951418107044    1.29902244634026    0.0999621601104979
25.5000000000001    13.1256882428256    1.31196988532675    0.0999543689485285
25.6000000000001    13.2575357877697    1.32504532737595    0.099946577447547
25.7000000000001    13.3906973083008    1.33825002773615    0.0999387856304228
25.8000000000001    13.525185793317    1.35158525388371    0.0999309935211057
25.9000000000001    13.6610143590775    1.36505228560392    0.0999232011418587
26.0000000000001    13.7981962504378    1.37865241507211    0.0999154085106142
26.1000000000001    13.936744842092    1.39238694693867    0.0999076156387224
26.2000000000001    14.0766736398255    1.40625719842178    0.099899822529324
26.3000000000001    14.2179962817763    1.4202644994109    0.0998920291765231
26.4000000000001    14.3607265397077    1.43441019258309    0.0998842355654443
26.5000000000001    14.5048783202929    1.44869563353323    0.0998764416731747
26.6000000000001    14.6504656664143    1.46312219091773    0.0998686474704957
26.7000000000001    14.7975027584765    1.47769124661017    0.099860852924234
26.8000000000001    14.9460039157364    1.49240419586629    0.0998530580000027
26.9000000000001    15.0959835976497    1.5072624474949    0.0998452626650685
27.0000000000001    15.2474564052353    1.52226742403077    0.0998374668910735
27.1000000000001    15.4004370824559    1.53742056190558    0.0998296706563609
27.2000000000001    15.5549405176164    1.55272331161328    0.0998218739476874
27.3000000000001    15.7109817447786    1.56817713786671    0.0998140767611727
27.4000000000001    15.8685759451898    1.58378351974332    0.0998062791024051
27.5000000000001    16.0277384487272    1.59954395081906    0.099798480985699
27.6000000000001    16.1884847353536    1.61545993929041    0.0997906824325846
27.7000000000001    16.3508304365853    1.63153300808626    0.0997828834696786
27.8000000000001    16.5147913369709    1.64776469497201    0.099775084126146
27.9000000000001    16.6803833755797    1.6641565526497    0.0997672844310069
28.0000000000001    16.8476226475008    1.68071014885837    0.0997594844105613
28.1000000000001    17.0165254053514    1.69742706647927    0.0997516840861921
28.2000000000001    17.1871080607966    1.71430890365002    0.0997438834727708
28.3000000000001    17.3593871860814    1.73135727389141    0.0997360825778227
28.4000000000001    17.5333795155749    1.748573806249    0.0997282814015254
28.5000000000001    17.7091019473312    1.7659601454503    0.0997204799375182
28.6000000000001    17.886571544665    1.78351795207675    0.0997126781744104
28.7000000000001    18.0658055377465    1.80124890274786    0.0997048760977944
28.8000000000001    18.2468213252146    1.81915469031408    0.0996970736925154
28.9000000000001    18.4296364758093    1.83723702405342    0.0996892709449243
29.0000000000001    18.6142687300252    1.85549762986735    0.0996814678448468
29.1000000000001    18.8007360017828    1.87393825047109    0.0996736643870427
29.2000000000001    18.9890563801195    1.89256064557463    0.0996658605719894
29.3000000000001    19.1792481308977    1.91136659205209    0.099658056405917
29.4000000000001    19.3713296985299    1.93035788409849    0.0996502519001049
29.5000000000001    19.5653197077174    1.94953633337495    0.0996424470695445
29.6000000000002    19.7612369652049    1.96890376914464    0.0996346419311422
29.7000000000002    19.9591004615464    1.98846203840322    0.0996268365016868
29.8000000000002    20.1589293728855    2.00821300600845    0.0996190307958303
29.9000000000002    20.3607430627481    2.02815855481361    0.09961122482432
30.0000000000002    20.5645610838482    2.04830058580947    0.0996034185926894
30.1000000000002    20.7704031799099    2.06864101827846    0.0995956121005559
30.2000000000002    20.9782892875039    2.0891817899637    0.0995878053415993
30.3000000000002    21.1882395379027    2.10992485725364    0.0995799983042144
30.4000000000002    21.4002742589547    2.13087219538194    0.0995721909727536
30.5000000000002    21.6144139769791    2.15202579864006    0.0995643833292045
30.6000000000002    21.8306794186827    2.1733876805992    0.0995565753551038
30.7000000000002    22.0490915130989    2.19495987433697    0.099548767033462
30.8000000000002    22.2696713935501    2.21674443266411    0.0995409583504742
30.9000000000002    22.4924403996317    2.23874342834657    0.0995331492968287
31.0000000000002    22.7174200792194    2.26095895431906    0.0995253398684675
31.1000000000002    22.9446321904955    2.28339312388753    0.0995175300667226
31.2000000000002    23.1740987039969    2.30604807091941    0.0995097198978309
31.3000000000002    23.4058418046794    2.32892595002225    0.0995019093719005
31.4000000000002    23.6398838940013    2.35202893671312    0.0994940985014714
31.5000000000002    23.8762475920221    2.37535922758251    0.0994862872998604
31.6000000000002    24.1149557395178    2.39891904045749    0.0994784757795064
31.7000000000002    24.3560314001136    2.42271061456919    0.0994706639505276
31.8000000000002    24.5994978624317    2.44673621072937    0.0994628518196718
31.9000000000002    24.8453786422594    2.47099811152002    0.0994550393897843
32.0000000000002    25.0936974847357    2.49549862149804    0.0994472266598431
32.1000000000002    25.344478366559    2.52024006741557    0.0994394136255305
32.2000000000002    25.5977454982188    2.54522479845419    0.0994316002802393
32.3000000000002    25.8535233262499    2.57045518647001    0.0994237866163546
32.4000000000002    26.1118365355128    2.59593362624521    0.0994159726266161
32.5000000000002    26.3727100514989    2.62166253574099    0.0994081583053688
32.6000000000002    26.636169042661    2.64764435634741    0.0994003436495277
32.7000000000002    26.9022389227684    2.67388155312594    0.0993925286591269
32.8000000000002    27.1709453532862    2.70037661504213    0.099384713337386
32.9000000000002    27.4423142457768    2.72713205518754    0.0993768976902968
33.0000000000002    27.7163717643237    2.75415041099185    0.099369081725804
33.1000000000002    27.9931443279752    2.7814342444278    0.0993612654527041
33.2000000000002    28.2726586132092    2.80898614221307    0.0993534488794302
33.3000000000002    28.5549415564178    2.83680871601368    0.0993456320128975
33.4000000000002    28.840020356412    2.86490460265377    0.0993378148575687
33.5000000000002    29.1279224769486    2.89327646433575    0.0993299974148671
33.6000000000002    29.4186756492791    2.92192698887383    0.0993221796830078
33.7000000000002    29.7123078747233    2.95085888994211    0.0993143616572595
33.8000000000002    30.0088474272676    2.98007490733708    0.0993065433305923
33.9000000000002    30.3083228561907    3.00957780725228    0.0992987246946115
34.0000000000002    30.610762988718    3.03937038256205    0.0992909057406457
34.1000000000002    30.9161969327032    3.06945545310984    0.0992830864608375
34.2000000000002    31.22465407934    3.09983586599691    0.099275266849087
34.3000000000002    31.5361641059025    3.13051449586681    0.0992674469017265
34.4000000000002    31.8507569785133    3.16149424518281    0.0992596266178405
34.5000000000002    32.1684629549391    3.19277804449604    0.0992518059991991
34.6000000000002    32.4893125874125    3.22436885270425    0.0992439850498247
34.7000000000002    32.8133367254799    3.25626965730281    0.09923616377527
34.8000000000002    33.1405665188731    3.28848347463088    0.0992283421817227
34.9000000000002    33.4710334204061    3.32101335011711    0.0992205202750748
35.0000000000002    33.8047691888965    3.35386235852931    0.0992126980600983
35.1000000000002    34.141805892112    3.38703360423263    0.0992048755398485
35.2000000000002    34.4821759097431    3.42053022145953    0.0991970527153724
35.3000000000002    34.8259119364039    3.4543553745932    0.0991892295857537
35.4000000000002    35.1730469846617    3.48851225846488    0.0991814061484681
35.5000000000002    35.5236143880969    3.52300409866302    0.0991735823999794
35.6000000000002    35.8776478043943    3.55783415185154    0.0991657583364697
35.7000000000002    36.2351812184672    3.59300570609306    0.0991579339545815
35.8000000000002    36.5962489456129    3.62852208117289    0.099150109252054
35.9000000000002    36.9608856347017    3.66438662891985    0.0991422842281527
36.0000000000002    37.3291262713969    3.70060273352111    0.0991344588838304
36.1000000000002    37.701006181406    3.73717381182954    0.0991266332216011
36.2000000000002    38.0765610337628    3.7741033136638    0.099118807245152
36.3000000000002    38.4558268441387    3.8113947221031    0.0991109809587675
36.4000000000002    38.8388399781834    3.84905155377987    0.0991031543666589
36.5000000000002    39.2256371548947    3.88707735917448    0.0990953274723145
36.6000000000003    39.6162554500183    3.92547572291601    0.0990875002779747
36.7000000000003    40.0107322994779    3.96425026409289    0.09907967278431
36.8000000000003    40.4091055028369    4.0034046365757    0.0990718449903487
36.9000000000003    40.811413226793    4.04294252935313    0.0990640168936592
37.0000000000003    41.2176940087075    4.08286766688045    0.0990561884907466
37.1000000000003    41.6279867601691    4.12318380943831    0.0990483597775979
37.2000000000003    42.0423307705952    4.1638947534988    0.0990405307502854
37.3000000000003    42.4607657108689    4.20500433209477    0.099032701405533
37.4000000000003    42.8833316370141    4.24651641518882    0.0990248717411569
37.5000000000003    43.3100689939067    4.28843491003879    0.0990170417563208
37.6000000000003    43.7410186190219    4.33076376155769    0.0990092114515674
37.7000000000003    44.1762217462182    4.37350695266755    0.0990013808286345
37.8000000000003    44.6157200095554    4.4166685046484    0.0989935498900942
37.9000000000003    45.0595554471479    4.46025247748445    0.0989857186388812
38.0000000000003    45.5077705050523    4.50426297021116    0.0989778870777924
38.1000000000003    45.9604080411901    4.54870412126684    0.0989700552090455
38.2000000000003    46.4175113293056    4.59358010885226    0.0989622230339633
38.3000000000003    46.8791240629605    4.63889515130106    0.0989543905528362
38.4000000000003    47.3452903595659    4.68465350746234    0.0989465577649759
38.5000000000003    47.816054764453    4.73085947709527    0.098938724668942
38.6000000000003    48.2914622549849    4.77751740127397    0.098930891262892
38.7000000000003    48.7715582447078    4.82463166279991    0.0989230575449869
38.8000000000003    49.2563885875449    4.87220668661845    0.0989152235137769
38.9000000000003    49.7459995820315    4.92024694023597    0.0989073891684989
39.0000000000003    50.2404379755921    4.96875693413503    0.0988995545092374
39.1000000000003    50.7397509688585    5.01774122218571    0.0988917195369238
39.2000000000003    51.2439862200292    5.06720440205298    0.0988838842531812
39.3000000000003    51.7531918492691    5.11715111560093    0.0988760486600442
39.4000000000003    52.2674164431494    5.1675860492963    0.0988682127596075
39.5000000000003    52.7867090591284    5.2185139346144    0.0988603765536689
39.6000000000003    53.3111192300723    5.26993954845075    0.0988525400434293
39.7000000000003    53.8406969688185    5.32186771354164    0.0988447032293018
39.8000000000003    54.3754927727806    5.37430329889543    0.0988368661108614
39.9000000000003    54.9155576285976    5.427251220236    0.0988290286869404
40.0000000000003    55.4609430168278    5.48071644045735    0.0988211909558481
40.1000000000003    56.0117009166891    5.5347039700878    0.0988133529156708
40.2000000000003    56.5678838108454    5.58921886776098    0.0988055145645981
40.3000000000003    57.1295446902413    5.64426624069052    0.0987976759012165
40.4000000000003    57.6967370589835    5.69985124514546    0.0987898369247205
40.5000000000003    58.2695149392704    5.75597908692413    0.098781997635009
40.6000000000003    58.8479328763683    5.81265502182534    0.0987741580326526
40.7000000000003    59.4320459436354    5.8698843561171    0.0987663181187473
40.8000000000003    60.0219097475917    5.92767244700424    0.0987584778946837
40.9000000000003    60.6175804330363    5.98602470309728    0.0987506373618788
41.0000000000003    61.2191146882112    6.04494658488577    0.0987427965215222
41.1000000000003    61.8265697500134    6.10444360521867    0.0987349553743817
41.2000000000003    62.4400034092549    6.1645213297945    0.0987271139207015
41.3000000000003    63.0594740159723    6.22518537766239    0.0987192721602088
41.4000000000003    63.6850404847874    6.28644142173437    0.0987114300922212
41.5000000000003    64.3167623003192    6.3482951893076    0.0987035877158277
41.6000000000003    64.9546995226489    6.41075246259462    0.0986957450301077
41.7000000000003    65.5989127928381    6.47381907925892    0.0986879020343415
41.8000000000003    66.2494633385007    6.53750093295309    0.0986800587281714
41.9000000000003    66.9064129794288    6.60180397385732    0.0986722151116834
42.0000000000003    67.5698241332722    6.66673420921723    0.0986643711853979
42.1000000000003    68.2397598212722    6.73229770388068    0.0986565269501731
42.2000000000003    68.9162836740483    6.79850058083482    0.0986486824070421
42.3000000000003    69.5994599374392    6.86534902174532    0.098640837557021
42.4000000000003    70.2893534783974    6.93284926750037    0.0986329924009204
42.5000000000003    70.9860297909392    7.00100761876196    0.098625146939202
42.6000000000003    71.6895550021498    7.0698304365268    0.0986173011719042
42.7000000000003    72.3999958782446    7.13932414269815    0.0986094550986492
42.8000000000003    73.1174198306894    7.20949522066862    0.0986016087187283
42.9000000000003    73.8418949223783    7.28035021591321    0.0985937620312457
43.0000000000003    74.573489873872    7.35189573659076    0.098585915035292
43.1000000000003    75.3122740696965    7.42413845415136    0.0985780677301129
43.2000000000003    76.0583175647023    7.49708510394745    0.098570220115239
43.3000000000003    76.811691090486    7.57074248584656    0.0985623721905568
43.4000000000003    77.5724660618716    7.64511746484453    0.0985545239563069
43.5000000000003    78.3407145834549    7.7202169716793    0.098546675413014
43.6000000000003    79.1165094562075    7.79604800344607    0.0985388265613682
43.7000000000004    79.8999241841441    7.87261762421589    0.0985309774020811
43.8000000000004    80.6910329810507    7.94993296565962    0.0985231279357469
43.9000000000004    81.489910777276    8.02800122767998    0.0985152781627372
44.0000000000004    82.2966332265867    8.10682967905335    0.0985074280831499
44.1000000000004    83.1112767130867    8.18642565808238    0.0984995776968176
44.2000000000004    83.9339183582031    8.26679657325937    0.098491727003371
44.3000000000004    84.7646360277386    8.34794990393963    0.098483876002344
44.4000000000004    85.6035083389911    8.42989320102299    0.0984760246932929
44.5000000000004    86.4506146679432    8.51263408764147    0.0984681730759058
44.6000000000004    87.3060351565194    8.59618025985103    0.0984603211500795
44.7000000000004    88.1698507199134    8.68053948732595    0.0984524689159469
44.8000000000004    89.0421430539845    8.76571961405529    0.0984446163738535
44.9000000000004    89.9229946427244    8.85172855904168    0.098436763524288
45.0000000000004    90.8124887657929    8.9385743170036    0.0984289103677838
45.1000000000004    91.7107095061251    9.02626495908308    0.0984210569048126
45.2000000000004    92.6177417576095    9.11480863356084    0.0984132031356936
45.3000000000004    93.5336712328373    9.20421356658077    0.098405349060536
45.4000000000004    94.4585844709257    9.29448806288511    0.0983974946792258
45.5000000000004    95.3925688454143    9.38564050656082    0.0983896399914593
45.6000000000004    96.3357125722378    9.47767936179674    0.0983817849968136
45.7000000000004    97.2881047177737    9.5706131736503    0.098373929694838
45.8000000000004    98.2498352069679    9.66445056882208    0.098366074085147
45.9000000000004    99.2209948315381    9.75920025643645    0.0983582181674963
46.0000000000004    100.201675258255    9.85487102882659    0.0983503619418249
46.1000000000004    101.191969037303    9.95147176232321    0.0983425054082572
46.2000000000004    102.19196961072    10.0490114180466    0.0983346485670675
46.3000000000004    103.201771320913    10.1474990427029    0.0983267914186139
46.4000000000004    104.22146941926    10.2469437693862    0.0983189339632605
46.5000000000004    105.25116007479    10.3473548183882    0.0983110762013024
46.6000000000004    106.290940382938    10.4487414980163    0.0983032181329122
46.7000000000004    107.340908374393    10.551113205424    0.0982953597581166
46.8000000000004    108.401163024023    10.6544794274508    0.0982875010768071
46.9000000000004    109.471804259883    10.7588497414745    0.0982796420887819
47.0000000000004    110.552932972318    10.8642338162738    0.0982717827938062
47.1000000000004    111.644651023138    10.9706414128993    0.0982639231916774
47.2000000000004    112.747061254898    11.0780823855523    0.0982560632822796
47.3000000000004    113.860267500249    11.1865666824699    0.0982482030656168
47.4000000000004    114.984374591392    11.2961043468148    0.098240342541816
47.5000000000004    116.119488369612    11.4067055175704    0.0982324817111018
47.6000000000004    117.265715694906    11.5183804304413    0.0982246205737495
47.7000000000004    118.4231644557    11.6311394187611    0.0982167591300271
47.8000000000004    119.591943578658    11.744992914408    0.0982088973801406
47.9000000000004    120.772163038581    11.8599514487311    0.098201035324194
48.0000000000004    121.963933868404    11.9760256534872    0.0981931729621731
48.1000000000004    123.167368169279    12.0932262617905    0.0981853102939557
48.2000000000004    124.382579120762    12.2115641090729    0.0981774473193451
48.3000000000004    125.609680991093    12.3310501340564    0.0981695840381185
48.4000000000004    126.848789147573    12.4516953797351    0.0981617204500788
48.5000000000004    128.10002006704    12.5735109943655    0.0981538565550983
48.6000000000004    129.363491346447    12.6965082324644    0.0981459923531447
48.7000000000004    130.639321713533    12.8206984558133    0.0981381278442845
48.8000000000004    131.927631037609    12.9460931344692    0.0981302630286646
48.9000000000004    133.228540340427    13.0727038477825    0.0981223979064772
49.0000000000004    134.542171807166    13.2005422854235    0.0981145324779161
49.1000000000004    135.868648797512    13.3296202484178    0.0981066667431365
49.2000000000004    137.208095856849    13.459949650193    0.0980988007022263
49.3000000000004    138.560638727551    13.5915425176381    0.0980909343551955
49.4000000000004    139.926404360377    13.7244109921741    0.0980830677019847
49.5000000000004    141.305520925985    13.8585673308382    0.0980752007424904
49.6000000000004    142.698117826545    13.9940239073788    0.0980673334765996
49.7000000000004    144.104325707461    14.1307932133621    0.0980594659042248
49.8000000000004    145.524276469217    14.2688878592869    0.098051598025332
49.9000000000004    146.958103279319    14.4083205757095    0.0980437298399538
50.0000000000004    148.405940584359    14.5491042143752    0.0980358613481853
50.1000000000004    149.867924122194    14.691251749359    0.0980279925501646
50.2000000000004    151.344190934231    14.834776278215    0.0980201234460443
50.3000000000004    152.834879377837    14.9796910231357    0.098012254035959
50.4000000000004    154.340129138858    15.1260093321228    0.098004384319998
50.5000000000004    155.860081244261    15.2737446801703    0.0979965142981898
50.6000000000004    157.394878074892    15.422910670461    0.0979886439705009
50.7000000000005    158.944663378353    15.5735210355763    0.0979807733368497
50.8000000000005    160.509582282007    15.7255896387192    0.0979729023971299
50.9000000000005    162.089781306097    15.8791304749495    0.0979650311512403
51.0000000000005    163.685408376997    16.034157672431    0.0979571595991101
51.1000000000005    165.296612840583    16.1906854936883    0.0979492877407174
51.2000000000005    166.923545475735    16.348728336874    0.0979414155760942
51.3000000000005    168.566358507958    16.5083007370457    0.0979335431053182
51.4000000000005    170.225205623144    16.6694173674524    0.0979256703284956
51.5000000000005    171.900241981449    16.8320930408325    0.0979177972457365
51.6000000000005    173.59162423131    16.9963427107237    0.0979099238571331
51.7000000000005    175.299510523593    17.162181472785    0.0979020501627421
51.8000000000005    177.024060525867    17.3296245661342    0.0978941761625781
51.9000000000005    178.76543543682    17.4986873746984    0.0978863018566181
52.0000000000005    180.523798000807    17.6693854285798    0.0978784272448156
52.1000000000005    182.299312522536    17.8417344054349    0.0978705523271199
52.2000000000005    184.092144881894    18.0157501318667    0.0978626771034955
52.3000000000005    185.90246254891    18.1914485848297    0.0978548015739366
52.4000000000005    187.73043459886    18.3688458930461    0.0978469257384741
52.5000000000005    189.576231727519    18.5479583384335    0.0978390495971712
52.6000000000005    191.440026266547    18.7288023575445    0.0978311731501117
52.7000000000005    193.321992199028    18.9113945430181    0.0978232963973833
52.8000000000005    195.22230517515    19.0957516450453    0.0978154193390599
52.9000000000005    197.141142528037    19.2818905728474    0.0978075419751875
53.0000000000005    199.07868328972    19.4698283961708    0.0977996643057778
53.1000000000005    201.035108207271    19.6595823467969    0.0977917863308109
53.2000000000005    203.010599759079    19.8511698200669    0.097783908050245
53.3000000000005    205.005342171284    20.0446083764233    0.0977760294640315
53.4000000000005    207.019521434364    20.2399157429653    0.0977681505721305
53.5000000000005    209.053325319877    20.437109815018    0.0977602713745246
53.6000000000005    211.106943397367    20.636208657716    0.0977523918712252
53.7000000000005    213.18056705142    20.8372305075994    0.0977445120622711
53.8000000000005    215.274389498887    21.0401937742233    0.0977366319477219
53.9000000000005    217.388605806265    21.2451170417817    0.097728751527645
54.0000000000005    219.523412907244    21.4520190707454    0.0977208708021026
54.1000000000005    221.679009620414    21.6609187995161    0.0977129897711404
54.2000000000005    223.855596667147    21.8718353460964    0.0977051084347819
54.3000000000005    226.053376689633    22.084788009777    0.0976972267930284
54.4000000000005    228.272554269102    22.2997962728411    0.0976893448458664
54.5000000000005    230.513335944202    22.5168798022851    0.0976814625932771
54.6000000000005    232.775930229559    22.7360584515561    0.0976735800352477
54.7000000000005    235.060547634513    22.9573522623053    0.0976656971717808
54.8000000000005    237.36740068202    23.1807814661562    0.0976578140028983
54.9000000000005    239.696703927744    23.4063664864884    0.0976499305286409
55.0000000000005    242.048673979318    23.6341279402368    0.0976420467490612
55.1000000000005    244.423529515792    23.8640866397062    0.0976341626642146
55.2000000000005    246.821491307259    24.096263594403    0.0976262782741491
55.3000000000005    249.242782234672    24.3306800128838    0.097618393578898
55.4000000000005    251.687627309836    24.5673573046229    0.0976105085784755
55.5000000000005    254.156253695597    24.8063170818974    0.0976026232728784
55.6000000000005    256.648890726215    25.0475811616919    0.097594737662092
55.7000000000005    259.165769927935    25.291171567621    0.0975868517460989
55.8000000000005    261.70712503974    25.53711053187    0.097578965524887
55.9000000000005    264.273192034309    25.7854204971541    0.0975710789984575
56.0000000000005    266.86420913917    26.0361241186934    0.0975631921668279
56.1000000000005    269.480416858048    26.2892442662065    0.0975553050300298
56.2000000000005    272.122057992412    26.5448040259205    0.0975474175881057
56.3000000000005    274.789377663232    26.8028267026001    0.0975395298411
56.4000000000005    277.482623332932    27.0633358215941    0.0975316417890527
56.5000000000005    280.202044827551    27.3263551309025    0.0975237534319936
56.6000000000005    282.947894359112    27.5919086032625    0.0975158647699401
56.7000000000005    285.720426548203    27.860020438256    0.0975079758028983
56.8000000000005    288.519898446764    28.1307150644365    0.0975000865308675
56.9000000000005    291.346569561091    28.4040171414776    0.0974921969538473
57.0000000000005    294.200701875059    28.6799515623399    0.0974843070718428
57.1000000000005    297.082559873559    28.958543455459    0.0974764168848689
57.2000000000005    299.992410566151    29.2398181869521    0.0974685263929517
57.3000000000005    302.930523510949    29.5238013628442    0.0974606355961256
57.4000000000005    305.89717083872    29.8105188313145    0.0974527444944291
57.5000000000005    308.892627277212    30.0999966849631    0.0974448530878993
57.6000000000005    311.917170175712    30.3922612630987    0.0974369613765662
57.7000000000005    314.971079529832    30.6873391540478    0.09742906936045
57.8000000000006    318.054638006522    30.9852571974867    0.0974211770395604
57.9000000000006    321.168130969329    31.2860424867957    0.0974132844138994
58.0000000000006    324.311846503881    31.5897223714362    0.0974053914834659
58.1000000000006    327.486075443616    31.8963244593493    0.0973974982482605
58.2000000000006    330.691111395751    32.2058766193773    0.0973896047082901
58.3000000000006    333.927250767492    32.5184069837069    0.0973817108635704
58.4000000000006    337.194792792492    32.8339439503339    0.0973738167141262
58.5000000000006    340.494039557558    33.1525161855506    0.0973659222599881
58.6000000000006    343.825296029602    33.4741526264546    0.0973580275011895
58.7000000000006    347.188870082849    33.798882483482    0.0973501324377611
58.8000000000006    350.585072526299    34.126735242963    0.0973422370697287
58.9000000000006    354.014217131442    34.4577406697029    0.0973343413971113
59.0000000000006    357.476620660239    34.7919288095866    0.0973264454199211
59.1000000000006    360.972602893359    35.1293299922094    0.0973185491381669
59.2000000000006    364.502486658681    35.4699748335308    0.0973106525518571
59.3000000000006    368.066597860065    35.8138942385547    0.0973027556610034
59.4000000000006    371.665265506392    36.1611194040327    0.0972948584656233
59.5000000000006    375.298821740872    36.5116818211925    0.0972869609657401
59.6000000000006    378.967601870631    36.8656132784904    0.0972790631613818
59.7000000000006    382.67194439657    37.2229458643898    0.0972711650525782
59.8000000000006    386.412191043508    37.5837119701632    0.0972632666393578
59.9000000000006    390.188686790603    37.9479442927225    0.0972553679217449
60.0000000000006    394.001779902053    38.3156758374742    0.097247468899758
60.1000000000006    397.851821958097    38.6869399212024    0.0972395695734101
60.2000000000006    401.739167886293    39.0617701749791    0.0972316699427101
60.3000000000006    405.664175993093    39.4402005471017    0.0972237700076657
60.4000000000006    409.627207995714    39.8222653060582    0.0972158697682868
60.5000000000006    413.628629054305    40.2079990435191    0.0972079692245872
60.6000000000006    417.668807804418    40.5974366773563    0.0972000683765855
60.7000000000006    421.748116389776    40.9906134546909    0.0971921672243053
60.8000000000006    425.866930495356    41.3875649549664    0.0971842657677732
60.9000000000006    430.025629380769    41.7883270930517    0.0971763640070158
61.0000000000006    434.224595913966    42.1929361223716    0.0971684619420577
61.1000000000006    438.464216605244    42.6014286380677    0.0971605595729204
61.2000000000006    442.74488164158    43.0138415801879    0.0971526568996214
61.3000000000006    447.066984921281    43.4302122369068    0.0971447539221754
61.4000000000006    451.430924088961    43.8505782477756    0.0971368506405959
61.5000000000006    455.837100570837    44.2749776070026    0.0971289470548971
61.6000000000006    460.285919610362    44.7034486667638    0.0971210431650959
61.7000000000006    464.777790304189    45.1360301405439    0.0971131389712126
61.8000000000006    469.31312563847    45.5727611065072    0.0971052344732707
61.9000000000006    473.892342525491    46.0136810108999    0.0970973296712951
62.0000000000006    478.51586184065    46.4588296714826    0.0970894245653109
62.1000000000006    483.184108459787    46.9082472809953    0.0970815191553412
62.2000000000006    487.897511296849    47.3619744106544    0.0970736134414061
62.3000000000006    492.656503341918    47.8200520136821    0.0970657074235221
62.4000000000006    497.461521699586    48.282521428869    0.0970578011017031
62.5000000000006    502.313007627692    48.7494243841706    0.0970498944759621
62.6000000000006    507.21140657642    49.2208030003366    0.0970419875463126
62.7000000000006    512.157168227759    49.6966997945734    0.0970340803127702
62.8000000000006    517.150746535335    50.1771576842406    0.0970261727753538
62.9000000000006    522.192599764607    50.6622199905811    0.0970182649340846
63.0000000000006    527.283190533451    51.1519304424848    0.0970103567889857
63.1000000000006    532.422985853104    51.6463331802873    0.0970024483400808
63.2000000000006    537.612457169508    52.1454727596034    0.0969945395873928
63.3000000000006    542.852080405025    52.6493941551957    0.0969866305309427
63.4000000000006    548.142336000548    53.1581427648801    0.0969787211707489
63.5000000000006    553.483708958001    53.6717644134668    0.0969708115068287
63.6000000000006    558.876688883241    54.1903053567388    0.0969629015391983
63.7000000000006    564.321770029349    54.7138122854669    0.0969549912678743
63.8000000000006    569.819451340334    55.2423323294612    0.0969470806928751
63.9000000000006    575.370236495241    55.7759130616608    0.0969391698142212
64.0000000000006    580.974633952667    56.3146025022593    0.0969312586319344
64.1000000000006    586.633156995693    56.8584491228695    0.0969233471460376
64.2000000000006    592.34632377724    57.4075018507252    0.0969154353565534
64.3000000000006    598.114657365838    57.9618100729222    0.0969075232635032
64.4000000000006    603.938685791825    58.5214236406988    0.0968996108669066
64.5000000000006    609.818942093978    59.0863928737556    0.0968916981667813
64.6000000000006    615.755964366576    59.6567685646155    0.0968837851631433
64.7000000000006    621.750295806901    60.2326019830247    0.0968758718560084
64.8000000000006    627.802484763181    60.813944880394    0.0968679582453934
64.9000000000006    633.91308478298    61.4008494942807    0.0968600443313159
65.0000000000006    640.082654662037    61.9933685529112    0.0968521301137955
65.1000000000006    646.311758493562    62.5915552797465    0.0968442155928531
65.2000000000006    652.600965717986    63.1954633980875    0.0968363007685107
65.3000000000006    658.95085117318    63.8051471357236    0.0968283856407902
65.4000000000006    665.361995145131    64.4206612296244    0.096820470209713
65.5000000000006    671.834983419104    65.0420609306737    0.096812554475299
65.6000000000005    678.370407331266    65.6694020084484    0.0968046384375673
65.7000000000005    684.968863820794    66.3027407560414    0.096796722096536
65.8000000000005    691.630955482474    66.9421339949283    0.0967888054522231
65.9000000000005    698.35729061978    67.5876390798802    0.096780888504647
66.0000000000005    705.14848329845    68.2393139039209    0.0967729712538274
66.1000000000005    712.005153400564    68.8972169033293    0.0967650536997851
66.2000000000005    718.927926679116    69.561407062688    0.0967571358425416
66.3000000000005    725.917434813102    70.2319439199778    0.0967492176821184
66.4000000000005    732.974315463112    70.9088875717189    0.0967412992185366
66.5000000000005    740.099212327445    71.5922986781605    0.0967333804518165
66.6000000000005    747.292775198744    72.2822384685166    0.0967254613819771
66.7000000000005    754.555660021149    72.9787687462516    0.0967175420090364
66.8000000000005    761.888528947994    73.6819518944146    0.0967096223330121
66.9000000000005    769.292050400032    74.391850881022    0.0967017023539217
67.0000000000005    776.766899124199    75.1085292644905    0.0966937820717838
67.1000000000005    784.31375625293    75.8320511991195    0.0966858614866176
67.2000000000005    791.933309364022    76.5624814406239    0.0966779405984437
67.3000000000005    799.626252541055    77.2998853517167    0.096670019407283
67.4000000000004    807.393286434366    78.0443289077438    0.0966620979131565
67.5000000000004    815.235118322603    78.7958787023705    0.0966541761160853
67.6000000000004    823.15246217484    79.5546019533193    0.0966462540160898
67.7000000000004    831.146038713267    80.3205665081615    0.0966383316131894
67.8000000000004    839.216575476472    81.0938408501621    0.0966304089074032
67.9000000000004    847.3648068833    81.8744941041788    0.0966224858987502
68.0000000000004    855.591474297308    82.6625960426144    0.0966145625872495
68.1000000000004    863.897326091822    83.4582170914246    0.0966066389729211
68.2000000000004    872.283117715593    84.2614283361807    0.0965987150557854
68.3000000000004    880.749611759059    85.072301528187    0.0965907908358633
68.4000000000004    889.29757802123    85.8909090906554    0.0965828663131757
68.5000000000004    897.92779357719    86.7173241249357    0.0965749414877434
68.6000000000004    906.641042846217    87.5516204168031    0.0965670163595864
68.7000000000004    915.43811766055    88.3938724428051    0.0965590909287242
68.8000000000004    924.319817334778    89.2441553766648    0.0965511651951757
68.9000000000004    933.286948735883    90.1025450957442    0.0965432391589598
69.0000000000004    942.340326353927    90.9691181875668    0.0965353128200951
69.1000000000003    951.480772373397    91.8439519564001    0.0965273861786007
69.2000000000003    960.709116745207    92.7271244298979    0.0965194592344962
69.3000000000003    970.026197259376    93.6187143658041    0.0965115319878019
69.4000000000003    979.432859618368    94.5188012587176    0.0965036044385385
69.5000000000003    988.92995751112    95.4274653469186    0.0964956765867269
69.6000000000003    998.518352687752    96.3447876192578    0.0964877484323875
69.7000000000003    1008.19891503497    97.2708498221094    0.0964798199755406
69.8000000000003    1017.97252265217    98.2057344663873    0.096471891216206
69.9000000000003    1027.84006192825    99.1495248346261    0.0964639621544033
70.0000000000003    1037.8024276191    100.102304988127    0.096456032790152
70.1000000000003    1047.86052292587    101.06415977417    0.0964481031234721
70.2000000000003    1058.01525957393    102.03517483329    0.0964401731543834
70.3000000000003    1068.26755789253    103.015436606622    0.0964322428829066
70.4000000000003    1078.61834689526    104.005032343313    0.0964243123090622
70.5000000000003    1089.06856436119    105.004050107998    0.0964163814328711
70.6000000000003    1099.61915691686    106.012578788353    0.0964084502543534
70.7000000000003    1110.27108011887    107.030708102705    0.0964005187735294
70.8000000000003    1121.0252985374    108.058528607726    0.0963925869904186
70.9000000000002    1131.88278584041    109.096131706184    0.0963846549050404
71.0000000000002    1142.84452487863    110.143609654774    0.096376722517414
71.1000000000002    1153.91150777137    111.20105557202    0.0963687898275589
71.2000000000002    1165.08473599304    112.268563446245    0.0963608568354946
71.3000000000002    1176.36522046061    113.346228143617    0.0963529235412412
71.4000000000002    1187.75398162176    114.434145416268    0.0963449899448194
71.5000000000002    1199.25204954387    115.532411910487    0.0963370560462496
71.6000000000002    1210.86046400386    116.64112517499    0.0963291218455525
71.7000000000002    1222.58027457887    117.76038366926    0.0963211873427484
71.8000000000002    1234.41254073771    118.890286771969    0.0963132525378573
71.9000000000002    1246.35833193326    120.030934789479    0.0963053174308992
72.0000000000002    1258.41872769561    121.18242896441    0.0962973820218942
72.1000000000002    1270.59481772614    122.344871484301    0.0962894463108619
72.2000000000002    1282.88770199247    123.518365490338    0.0962815102978227
72.3000000000002    1295.29849082421    124.70301508617    0.0962735739827971
72.4000000000002    1307.8283050097    125.8989253468    0.0962656373658055
72.5000000000002    1320.47827589357    127.10620232756    0.0962577004468684
72.6000000000002    1333.24954547521    128.32495307317    0.0962497632260064
72.7000000000001    1346.1432665082    129.555285626872    0.0962418257032394
72.8000000000001    1359.16060260059    130.797309039659    0.0962338878785876
72.9000000000001    1372.30272831614    132.051133379578    0.0962259497520706
73.0000000000001    1385.5708292765    133.316869741126    0.0962180113237082
73.1000000000001    1398.96610226436    134.594630254728    0.0962100725935201
73.2000000000001    1412.48975532745    135.884528096299    0.0962021335615263
73.3000000000001    1426.14300788362    137.1866774969    0.0961941942277471
73.4000000000001    1439.92709082683    138.501193752479    0.0961862545922027
73.5000000000001    1453.84324663412    139.828193233697    0.0961783146549133
73.6000000000001    1467.89272947357    141.16779339585    0.0961703744158996
73.7000000000001    1482.07680531329    142.52011278888    0.096162433875182
73.8000000000001    1496.39675203134    143.885271067474    0.096154493032781
73.9000000000001    1510.85385952678    145.263389001259    0.0961465518887164
74.0000000000001    1525.4494298316    146.654588485089    0.0961386104430084
74.1000000000001    1540.1847772238    148.058992549427    0.0961306686956776
74.2000000000001    1555.06122834148    149.476725370818    0.0961227266467439
74.3000000000001    1570.08012229796    150.907912282464    0.0961147842962278
74.4    1585.24281079797    152.352679784888    0.0961068416441501
74.5    1600.55065825494    153.811155556704    0.0960988986905307
74.6    1616.00504190932    155.283468465474    0.0960909554353901
74.7    1631.60735194803    156.769748578677    0.0960830118787488
74.8    1647.35899162505    158.270127174768    0.096075068020627
74.9    1663.26137738299    159.784736754343    0.0960671238610448
75    1679.31593897592    161.313711051404    0.0960591794000219
75.1    1695.52411959327    162.857185044727    0.0960512346375784
75.2    1711.88737598487    164.415294969335    0.0960432895737345
75.3    1728.40717858714    165.988178328076    0.0960353442085103
75.4    1745.08501165048    167.575973903303    0.0960273985419263
75.5    1761.9223733678    169.178821768664    0.0960194525740031
75.6    1778.92077600421    170.796863300999    0.0960115063047611
75.7    1796.081746028    172.430241192342    0.0960035597342206
75.8    1813.40682424268    174.079099462038    0.0959956128624021
75.9    1830.8975659204    175.743583468968    0.0959876656893258
76    1848.55554093647    177.423839923882    0.0959797182150121
76.1    1866.38233390518    179.120016901851    0.0959717704394813
76.1999999999999    1884.37954431685    180.832263854828    0.0959638223627537
76.2999999999999    1902.54878667615    182.560731624325    0.0959558739848496
76.3999999999999    1920.89169064171    184.305572454204    0.0959479253057901
76.4999999999999    1939.40990116699    186.066940003586    0.0959399763255955
76.5999999999999    1958.10507864243    187.844989359879    0.0959320270442858
76.6999999999999    1976.97889903896    189.639877051919    0.0959240774618816
76.7999999999999    1996.03305405281    191.451761063239    0.0959161275784031
76.8999999999999    2015.26925125161    193.280800845452    0.0959081773938705
76.9999999999999    2034.6892142219    195.12715733176    0.0959002269083043
77.0999999999999    2054.29468271796    196.990992950581    0.0958922761217244
77.1999999999999    2074.08741281202    198.872471639309    0.095884325034151
77.2999999999999    2094.06917704582    200.771758858189    0.0958763736456046
77.3999999999999    2114.24176458366    202.689021604328    0.0958684219561058
77.4999999999999    2134.60698136669    204.624428425822    0.095860469965675
77.5999999999999    2155.16665026882    206.578149436024    0.0958525176743326
77.6999999999999    2175.92261125389    208.550356327935    0.0958445650820991
77.7999999999999    2196.87672153441    210.541222388723    0.0958366121889948
77.8999999999998    2218.03085573164    212.550922514385    0.0958286589950403
77.9999999999998    2239.38690603728    214.579633224529    0.0958207055002563
78.0999999999998    2260.94678237654    216.6275326773    0.0958127517046629
78.1999999999998    2282.71241257274    218.694800684442    0.0958047976082806
78.2999999999998    2304.68574251343    220.781618726486    0.0957968432111301
78.3999999999998    2326.86873631804    222.888169968093    0.0957888885132316
78.4999999999998    2349.26337650705    225.01463927352    0.0957809335146058
78.5999999999998    2371.87166417274    227.16121322224    0.0957729782152731
78.6999999999998    2394.6956191515    229.328080124693    0.0957650226152539
78.7999999999998    2417.73728019768    231.515430038189    0.0957570667145687
78.8999999999998    2440.99870515914    233.723454782952    0.0957491105132375
78.9999999999998    2464.48197115427    235.952347958306    0.0957411540112806
79.0999999999998    2488.1891747508    238.202304959017    0.0957331972087187
79.1999999999998    2512.12243214608    240.473522991778    0.0957252401055724
79.2999999999998    2536.28387934915    242.766201091838    0.095717282701862
79.3999999999998    2560.67567236444    245.080540139796    0.0957093249976077
79.4999999999998    2585.29998737711    247.416742878536    0.0957013669928302
79.5999999999998    2610.15902094015    249.775013930322    0.0956934086875502
79.6999999999997    2635.25499016318    252.155559814043    0.0956854500817884
79.7999999999997    2660.59013290296    254.558588962618    0.0956774911755649
79.8999999999997    2686.1667079557    256.984311740564    0.0956695319689004
79.9999999999997    2711.98699525107    259.432940461712    0.0956615724618154
80.0999999999997    2738.05329604804    261.904689407092    0.0956536126543302
80.1999999999997    2764.36793313249    264.399774842982    0.0956456525464656
80.2999999999997    2790.93325101664    266.918415039112    0.0956376921382421
80.3999999999997    2817.75161614031    269.460830287045    0.0956297314296801
80.4999999999997    2844.82541707405    272.027242918713    0.0956217704208005
80.5999999999997    2872.15706472406    274.617877325126    0.0956138091116234
80.6999999999997    2899.74899253907    277.23295997526    0.0956058475021695
80.7999999999997    2927.60365671911    279.872719435099    0.0955978855924593
80.8999999999997    2955.72353642609    282.537386386861    0.095589923382513
80.9999999999997    2984.11113399648    285.227193648399    0.0955819608723513
81.0999999999997    3012.76897515577    287.942376192775    0.0955739980619943
81.1999999999997    3041.69960923504    290.683171168006    0.0955660349514628
81.2999999999997    3070.90560938937    293.449817917004    0.0955580715407774
81.3999999999997    3100.38957281844    296.242557997681    0.0955501078299588
81.4999999999996    3130.15412098891    299.061635203244    0.0955421438190276
81.5999999999996    3160.20189985908    301.907295582674    0.0955341795080042
81.6999999999996    3190.53558010545    304.779787461387    0.0955262148969091
81.7999999999996    3221.15785735136    307.679361462092    0.095518249985763
81.8999999999996    3252.07145239786    310.606270525823    0.0955102847745865
81.9999999999996    3283.27911145653    313.560769933174    0.0955023192634002
82.0999999999996    3314.7836063845    316.543117325721    0.0954943534522245
82.1999999999996    3346.58773492167    319.553572727639    0.0954863873410802
82.2999999999996    3378.69432093003    322.592398567517    0.095478420929988
82.3999999999996    3411.10621463517    325.659859700366    0.0954704542189683
82.4999999999996    3443.8262928701    328.756223429829    0.0954624872080416
82.5999999999996    3476.85745932114    331.881759530598    0.0954545198972286
82.6999999999996    3510.20264477622    335.036740271019    0.0954465522865498
82.7999999999996    3543.86480737534    338.221440435919    0.0954385843760255
82.8999999999996    3577.8469328634    341.436137349631    0.0954306161656766
82.9999999999996    3612.15203484527    344.681110899222    0.0954226476555234
83.0999999999996    3646.78315504325    347.956643557947    0.0954146788455867
83.1999999999995    3681.74336355686    351.263020408898    0.0954067097358872
83.2999999999995    3717.03575912503    354.60052916888    0.0953987403264452
83.3999999999995    3752.66346939064    357.969460212494    0.0953907706172815
83.4999999999995    3788.62965116753    361.370106596447    0.0953828006084166
83.5999999999995    3824.93749070992    364.802764084076    0.0953748302998716
83.6999999999995    3861.59020398434    368.26773117009    0.0953668596916669
83.7999999999995    3898.59103694394    371.765309105547    0.095358888783823
83.8999999999995    3935.94326580545    375.295801923047    0.0953509175763607
83.9999999999995    3973.65019732855    378.859516462161    0.0953429460693004
84.0999999999995    4011.71516909788    382.456762395082    0.0953349742626632
84.1999999999995    4050.14154980757    386.087852252513    0.0953270021564696
84.2999999999995    4088.93273954838    389.753101449788    0.0953190297507401
84.3999999999995    4128.09217009753    393.452828313228    0.0953110570454953
84.4999999999995    4167.62330521103    397.187354106739    0.0953030840407556
84.5999999999995    4207.52964091887    400.957003058647    0.095295110736542
84.6999999999995    4247.81470582276    404.762102388776    0.095287137132875
84.7999999999995    4288.48206139663    408.602982335772    0.0952791632297751
84.8999999999995    4329.53530228991    412.479976184671    0.0952711890272631
84.9999999999994    4370.97805663356    416.393420294722    0.0952632145253595
85.0999999999994    4412.81398634886    420.343654127456    0.0952552397240851
85.1999999999994    4455.04678745905    424.33102027501    0.0952472646234605
85.2999999999994    4497.68019040386    428.35586448871    0.0952392892235066
85.3999999999994    4540.7179603568    432.418535707904    0.0952313135242441
85.4999999999994    4584.16389754544    436.519386089068    0.0952233375256935
85.5999999999994    4628.02183757461    440.658771035163    0.0952153612278755
85.6999999999994    4672.29565175247    444.837049225263    0.095207384630811
85.7999999999994    4716.98924741966    449.054582644453    0.0951994077345205
85.8999999999994    4762.10656828136    453.31173661399    0.0951914305390249
85.9999999999994    4807.65159474246    457.608879821738    0.0951834530443447
86.0999999999994    4853.62834424571    461.946384352886    0.0951754752505007
86.1999999999994    4900.04087161304    466.324625720934    0.0951674971575135
86.2999999999994    4946.8932693899    470.743982898958    0.0951595187654039
86.3999999999994    4994.18966819283    475.204838351168    0.0951515400741925
86.4999999999994    5041.93423706013    479.707578064737    0.0951435610838998
86.5999999999994    5090.13118380578    484.252591581927    0.0951355817945466
86.6999999999993    5138.78475537652    488.840272032505    0.0951276022061538
86.7999999999993    5187.89923821228    493.471016166441    0.095119622318742
86.8999999999993    5237.47895860981    498.145224386915    0.095111642132332
86.9999999999993    5287.52828308966    502.863300783609    0.0951036616469445
87.0999999999993    5338.05161876653    507.625653166308    0.0950956808626002
87.1999999999993    5389.05341372292    512.432693098804    0.0950876997793198
87.2999999999993    5440.53815738629    517.284835933097    0.0950797183971241
87.3999999999993    5492.51038090954    522.182500843914    0.0950717367160338
87.4999999999993    5544.97465755507    527.126110863537    0.0950637547360696
87.5999999999993    5597.93560308225    532.116092916939    0.0950557724572526
87.6999999999993    5651.39787613846    537.152877857245    0.0950477898796033
87.7999999999993    5705.3661786537    542.236900501503    0.0950398070031423
87.8999999999993    5759.84525623876    547.368599666793    0.0950318238278905
87.9999999999993    5814.83989858706    552.548418206644    0.0950238403538689
88.0999999999993    5870.35493988009    557.776803047786    0.0950158565810979
88.1999999999993    5926.39525919661    563.054205227239    0.0950078725095982
88.2999999999993    5982.96578092554    568.381079929728    0.0949998881393906
88.3999999999993    6040.07147518256    573.757886525438    0.094991903470496
88.4999999999992    6097.71735823062    579.185088608111    0.0949839185029352
88.5999999999992    6155.90849290418    584.663154033478    0.0949759332367286
88.6999999999992    6214.64998903732    590.192554958053    0.0949679476718972
88.7999999999992    6273.94700389579    595.77376787826    0.0949599618084621
88.8999999999992    6333.80474261297    601.407273669918    0.0949519756464439
88.9999999999992    6394.22845862978    607.093557628085    0.0949439891858633
89.0999999999992    6455.22345413859    612.833109507256    0.094936002426741
89.1999999999992    6516.79508053123    618.626423561929    0.0949280153690977
89.2999999999992    6578.94873885098    624.473998587525    0.0949200280129544
89.3999999999992    6641.68988024873    630.376337961693    0.094912040358332
89.4999999999992    6705.02400644331    636.333949685964    0.0949040524052513
89.5999999999992    6768.95667018593    642.347346427802    0.0948960641537329
89.6999999999992    6833.49347572887    648.41704556302    0.0948880756037977
89.7999999999992    6898.64007929853    654.543569218584    0.0948800867554666
89.8999999999992    6964.40218957259    660.727444315796    0.0948720976087605
89.9999999999992    7030.78556816169    666.969202613871    0.0948641081636999
90.0999999999992    7097.79603009537    673.269380753903    0.0948561184203059
90.1999999999992    7165.43944431247    679.628520303227    0.0948481283785992
90.2999999999991    7233.72173415601    686.04716780018    0.0948401380386004
90.3999999999991    7302.64887787251    692.525874799264    0.0948321474003305
90.4999999999991    7372.22690911587    699.065197916715    0.0948241564638103
90.5999999999991    7442.46191745585    705.665698876486    0.0948161652290607
90.6999999999991    7513.36004889116    712.327944556631    0.0948081736961025
90.7999999999991    7584.92750636718    719.052507036119    0.0948001818649564
90.8999999999991    7657.17055029839    725.839963642065    0.0947921897356433
90.9999999999991    7730.09549909559    732.690896997383    0.0947841973081842
91.0999999999991    7803.70872969786    739.605895068866    0.0947762045826
91.1999999999991    7878.01667810936    746.585551215701    0.0947682115589114
91.2999999999991    7953.025839941    753.630464238419    0.0947602182371395
91.3999999999991    8028.74277095705    760.741238428285    0.0947522246173049
91.4999999999991    8105.17408762666    767.918483617129    0.0947442306994284
91.5999999999991    8182.32646768047    775.162815227631    0.0947362364835308
91.6999999999991    8260.20665067219    782.474854324049    0.0947282419696332
91.7999999999991    8338.82143854528    789.855227663407    0.0947202471577564
91.8999999999991    8418.17769620487    797.304567747144    0.0947122520479212
91.999999999999    8498.28235209471    804.823512873223    0.0947042566401486
92.099999999999    8579.14239877951    812.41270718871    0.0946962609344595
92.199999999999    8660.76489353245    820.072800742819    0.0946882649308746
92.299999999999    8743.15695892808    827.804449540448    0.0946802686294148
92.399999999999    8826.32578344054    835.608315596178    0.0946722720301011
92.499999999999    8910.27862204731    843.485066988766    0.0946642751329542
92.599999999999    8995.02279683829    851.435377916128    0.0946562779379951
92.699999999999    9080.56569763053    859.459928750804    0.0946482804452447
92.799999999999    9166.91478258845    867.559406095938    0.0946402826547239
92.899999999999    9254.07757884972    875.734502841746    0.0946322845664537
92.999999999999    9342.0616831568    883.985918222492    0.094624286180455
93.099999999999    9430.87476249422    892.314357873983    0.0946162874967485
93.199999999999    9520.5245547316    900.72053389157    0.0946082885153552
93.299999999999    9611.01886927253    909.20516488868    0.094600289236296
93.399999999999    9702.36558770933    917.768976055859    0.094592289659592
93.499999999999    9794.57266448371    926.412699220354    0.0945842897852642
93.599999999999    9887.6481275534    935.137072906222    0.0945762896133332
93.699999999999    9981.60007906495    943.942842394989    0.0945682891438198
93.7999999999989    10076.4366960324    952.830759786842    0.0945602883767452
93.8999999999989    10172.1662310223    961.801584062372    0.0945522873121303
93.9999999999989    10268.7970128449    970.856081144871    0.094544285949996
94.0999999999989    10366.3374472513    979.995023963187    0.0945362842903632
94.1999999999989    10464.7960176375    989.219192515139    0.0945282823332528
94.2999999999989    10564.1812857543    998.529373931511    0.094520280078686
94.3999999999989    10664.5018924238    1007.9263625406    0.0945122775266835
94.4999999999989    10765.7665582624    1017.41095993336    0.0945042746772665
94.5999999999989    10867.9840844105    1026.98397502912    0.0944962715304556
94.6999999999989    10971.1633532683    1036.64622414189    0.0944882680862718
94.7999999999989    11075.3133292389    1046.39853104727    0.0944802643447364
94.8999999999989    11180.4430594777    1056.24172704994    0.0944722603058701
94.9999999999989    11286.5616746489    1066.17665105177    0.0944642559696938
95.0999999999989    11393.6783896881    1076.20414962053    0.0944562513362286
95.1999999999989    11501.802504573    1086.32507705925    0.0944482464054953
95.2999999999989    11610.9434050999    1096.54029547612    0.0944402411775152
95.3999999999989    11721.1105636682    1106.85067485508    0.0944322356523091
95.4999999999988    11832.3135400709    1117.25709312707    0.0944242298298979
95.5999999999988    11944.5619822936    1127.76043624181    0.0944162237103026
95.6999999999988    12057.8656273193    1138.36159824032    0.0944082172935442
95.7999999999988    12172.2343019417    1149.06148132806    0.0944002105796437
95.8999999999988    12287.6779235849    1159.86099594869    0.0943922035686222
95.9999999999988    12404.2065011314    1170.76106085856    0.0943841962605004
96.0999999999988    12521.8301357566    1181.76260320178    0.0943761886552993
96.1999999999988    12640.5590217718    1192.86655858603    0.0943681807530402
96.2999999999988    12760.4034474738    1204.07387115902    0.094360172553744
96.3999999999988    12881.3737960036    1215.38549368563    0.0943521640574317
96.4999999999988    13003.480546211    1226.80238762575    0.0943441552641242
96.5999999999988    13126.7342735287    1238.3255232128    0.0943361461738427
96.6999999999988    13251.1456508535    1249.95587953298    0.094328136786608
96.7999999999988    13376.7254494353    1261.6944446052    0.0943201271024411
96.8999999999988    13503.4845397746    1273.54221546174    0.0943121171213633
96.9999999999988    13631.4338925277    1285.50019822961    0.0943041068433954
97.0999999999988    13760.5845794205    1297.56940821268    0.0942960962685586
97.1999999999988    13890.9477741702    1309.75086997447    0.0942880853968738
97.2999999999987    14022.5347534154    1322.04561742179    0.0942800742283619
97.3999999999987    14155.3568976546    1334.45469388898    0.094272062763044
97.4999999999987    14289.4256921932    1346.97915222306    0.0942640510009414
97.5999999999987    14424.7527280992    1359.62005486951    0.0942560389420748
97.6999999999987    14561.3497031671    1372.37847395891    0.0942480265864652
97.7999999999987    14699.2284228909    1385.25549139426    0.094240013934134
97.8999999999987    14838.4008014459    1398.25219893919    0.0942320009851021
97.9999999999987    14978.8788626788    1411.36969830686    0.0942239877393904
98.0999999999987    15120.6747411073    1424.6091012497    0.0942159741970202
98.1999999999987    15263.8006829287    1437.97152964995    0.0942079603580125
98.2999999999987    15408.2690470373    1451.458115611    0.0941999462223882
98.3999999999987    15554.0923060509    1465.07000154953    0.0941919317901684
98.4999999999987    15701.2830473472    1478.80834028851    0.0941839170613743
98.5999999999987    15849.8539741086    1492.67429515098    0.0941759020360268
98.6999999999987    15999.8179063774    1506.66904005473    0.0941678867141473
98.7999999999987    16151.1877821196    1520.79375960774    0.0941598710957565
98.8999999999987    16303.9766582989    1535.04964920454    0.0941518551808756
98.9999999999986    16458.1977119605    1549.43791512342    0.0941438389695256
99.0999999999986    16613.8642413236    1563.95977462449    0.0941358224617278
99.1999999999986    16770.9896668854    1578.61645604858    0.0941278056575031
99.2999999999986    16929.5875325333    1593.40919891711    0.0941197885568728
99.3999999999986    17089.6715066688    1608.33925403275    0.0941117711598576
99.4999999999986    17251.2553833399    1623.40788358109    0.094103753466479
99.5999999999986    17414.353083385    1638.61636123306    0.094095735476758
99.6999999999986    17578.9786555865    1653.96597224845    0.0940877171907158
99.7999999999986    17745.1462778347    1669.45801358018    0.0940796986083731
99.8999999999986    17912.8702583025    1685.09379397962    0.0940716797297513
99.9999999999986    18082.1650366306    1700.87463410279    0.0940636605548715
100.099999999999    18253.0451851231    1716.8018666175    0.0940556410837547
100.199999999999    18425.5254099541    1732.87683631148    0.0940476213164222
100.299999999999    18599.6205523854    1749.10090020147    0.0940396012528949
100.399999999999    18775.3455899944    1765.47542764324    0.0940315808931941
100.499999999999    18952.7156379141    1782.00180044261    0.0940235602373409
100.599999999999    19131.745950083    1798.68141296748    0.0940155392853565
100.699999999999    19312.4519205075    1815.51567226086    0.0940075180372618
100.799999999999    19494.8490845351    1832.50599815484    0.0939994964930779
100.899999999999    19678.9531201385    1849.65382338565    0.0939914746528262
100.999999999999    19864.7798492123    1866.96059370972    0.0939834525165278
101.099999999999    20052.3452388805    1884.42776802073    0.0939754300842038
101.199999999999    20241.6654028164    1902.05681846778    0.0939674073558753
101.299999999999    20432.756602574    1919.84923057455    0.0939593843315636
101.399999999999    20625.6352489313    1937.80650335953    0.0939513610112898
101.499999999999    20820.3179032459    1955.93014945735    0.093943337395075
101.599999999999    21016.8212788228    1974.22169524115    0.0939353134829402
101.699999999998    21215.1622422941    1992.68268094604    0.0939272892749067
101.799999999998    21415.357815012    2011.31466079372    0.0939192647709958
101.899999999998    21617.4251744529    2030.11920311812    0.0939112399712285
101.999999999998    21821.3816556356    2049.09789049219    0.0939032148756259
102.099999999998    22027.2447525513    2068.25231985586    0.0938951894842093
102.199999999998    22235.0321196068    2087.58410264508    0.093887163797
102.299999999998    22444.7615730803    2107.09486492201    0.093879137814019
102.399999999998    22656.4510925912    2126.78624750641    0.0938711115352874
102.499999999998    22870.1188225816    2146.65990610818    0.0938630849608267
102.599999999998    23085.7830738128    2166.71751146103    0.0938550580906579
102.699999999998    23303.4623248738    2186.9607494574    0.0938470309248022
102.799999999998    23523.1752237043    2207.39132128455    0.0938390034632808
102.899999999998    23744.9405891308    2228.01094356187    0.093830975706115
102.999999999998    23968.7774124167    2248.82134847939    0.0938229476533258
103.099999999998    24194.7048588266    2269.82428393753    0.0938149193049346
103.199999999998    24422.7422692042    2291.0215136881    0.0938068906609624
103.299999999998    24652.9091615643    2312.41481747655    0.0937988617214306
103.399999999998    24885.2252326995    2334.00599118547    0.0937908324863604
103.499999999998    25119.7103598013    2355.79684697934    0.093782802955773
103.599999999998    25356.3846020954    2377.78921345065    0.0937747731296896
103.699999999998    25595.2682024915    2399.98493576722    0.0937667430081315
103.799999999998    25836.3815892488    2422.38587582088    0.0937587125911197
103.899999999998    26079.7453776557    2444.99391237745    0.0937506818786754
103.999999999998    26325.3803717243    2467.81094122809    0.0937426508708201
104.099999999998    26573.3075659013    2490.83887534191    0.0937346195675749
104.199999999998    26823.5481467927    2514.07964502003    0.0937265879689611
104.299999999998    27076.1234949053    2537.5351980509    0.0937185560749998
104.399999999998    27331.0551864029    2561.20749986713    0.0937105238857124
104.499999999998    27588.3649948787    2585.09853370358    0.0937024914011201
104.599999999998    27848.0748931436    2609.21030075695    0.093694458621244
104.699999999998    28110.2070550301    2633.54482034669    0.0936864255461056
104.799999999998    28374.7838572129    2658.10413007745    0.0936783921757258
104.899999999998    28641.8278810456    2682.89028600287    0.0936703585101264
104.999999999998    28911.3619144135    2707.90536279089    0.0936623245493285
105.099999999998    29183.4089536038    2733.15145389045    0.0936542902933532
105.199999999998    29457.9922051916    2758.63067169975    0.0936462557422217
105.299999999998    29735.1350879437    2784.34514773595    0.0936382208959556
105.399999999998    30014.8612347388    2810.29703280641    0.0936301857545758
105.499999999998    30297.194494505    2836.48849718137    0.0936221503181038
105.599999999998    30582.1589341751    2862.92173076828    0.0936141145865609
105.699999999998    30869.7788406586    2889.59894328754    0.0936060785599682
105.799999999998    31160.0787228326    2916.5223644499    0.0935980422383471
105.899999999998    31453.0833135486    2943.69424413541    0.093590005621719
105.999999999998    31748.8175716596    2971.11685257388    0.0935819687101049
106.099999999998    32047.3066840634    2998.79248052705    0.0935739315035263
106.199999999998    32348.5760677651    3026.72343947228    0.0935658940020045
106.299999999998    32652.6513719579    3054.91206178794    0.0935578562055608
106.399999999998    32959.5584801226    3083.36070094035    0.0935498181142164
106.499999999998    33269.3235121459    3112.07173167248    0.0935417797279926
106.599999999998    33581.9728264571    3141.04755019424    0.0935337410469108
106.699999999998    33897.5330221848    3170.29057437448    0.0935257020709925
106.799999999998    34216.030941332    3199.80324393471    0.0935176628002589
106.899999999998    34537.4936709717    3229.58802064448    0.0935096232347312
106.999999999998    34861.9485454609    3259.64738851853    0.0935015833744308
107.099999999998    35189.4231486754    3289.9838540157    0.093493543219379
107.199999999998    35519.9453162641    3320.59994623954    0.0934855027695971
107.299999999998    35853.5431379233    3351.49821714074    0.0934774620251064
107.399999999998    36190.2449596922    3382.68124172134    0.0934694209859284
107.499999999998    36530.0793862676    3414.15161824073    0.0934613796520843
107.599999999998    36873.0752833404    3445.91196842349    0.0934533380235955
107.699999999998    37219.2617799523    3477.96493766904    0.0934452961004833
107.799999999998    37568.6682708742    3510.3131952632    0.0934372538827692
107.899999999998    37921.3244190049    3542.95943459155    0.0934292113704744
107.999999999998    38277.2601577925    3575.90637335469    0.0934211685636205
108.099999999998    38636.5056936759    3609.15675378545    0.0934131254622285
108.199999999998    38999.0915085496    3642.71334286799    0.0934050820663199
108.299999999998    39365.0483622495    3676.57893255881    0.0933970383759162
108.399999999998    39734.4072950613    3710.75634000974    0.0933889943910389
108.499999999998    40107.1996302514    3745.24840779287    0.0933809501117091
108.599999999998    40483.4569766199    3780.05800412751    0.093372905537948
108.699999999998    40863.2112310769    3815.18802310917    0.093364860669777
108.799999999998    41246.4945812417    3850.64138494045    0.0933568155072178
108.899999999998    41633.339508065    3886.42103616409    0.0933487700502917
108.999999999998    42023.7787884746    3922.529949898    0.0933407242990199
109.099999999998    42417.8454980446    3958.97112607245    0.0933326782534241
109.199999999998    42815.5730136891    3995.74759166921    0.0933246319135256
109.299999999998    43216.9950163785    4032.86240096292    0.0933165852793454
109.399999999998    43622.1454938816    4070.31863576462    0.0933085383509052
109.499999999998    44031.0587435314    4108.11940566727    0.0933004911282266
109.599999999998    44443.7693750151    4146.26784829358    0.0932924436113306
109.699999999998    44860.3123131901    4184.76712954595    0.0932843958002388
109.799999999998    45280.7228009243    4223.6204438587    0.0932763476949728
109.899999999998    45705.0364019619    4262.83101445237    0.093268299295554
109.999999999998    46133.2890038148    4302.40209359042    0.0932602506020037
110.099999999998    46565.5168206799    4342.33696283813    0.0932522016143431
110.199999999998    47001.7563963824    4382.63893332375    0.0932441523325939
110.299999999998    47442.0446073447    4423.311346002    0.0932361027567773
110.399999999998    47886.4186655828    4464.3575719199    0.0932280528869148
110.499999999998    48334.9161217287    4505.78101248487    0.0932200027230279
110.599999999998    48787.5748680798    4547.58509973531    0.0932119522651382
110.699999999998    49244.4331416757    4589.77329661341    0.0932039015132671
110.799999999998    49705.5295274024    4632.34909724052    0.0931958504674359
110.899999999998    50170.9029611238    4675.31602719483    0.093187799127666
110.999999999998    50640.5927328414    4718.67764379158    0.0931797474939789
111.099999999998    51114.6384898821    4762.43753636569    0.0931716955663961
111.199999999998    51593.0802401145    4806.59932655685    0.0931636433449391
111.299999999998    52075.9583551935    4851.16666859721    0.0931555908296291
111.399999999998    52563.313573834    4896.14324960153    0.0931475380204878
111.499999999998    53055.1870051138    4941.53278985988    0.0931394849175366
111.599999999998    53551.620131806    4987.33904313302    0.093131431520797
111.699999999998    54052.6548137404    5033.56579695023    0.0931233778302906
111.799999999998    54558.333291196    5080.21687290983    0.0931153238460387
111.899999999998    55068.6981883224    5127.29612698241    0.0931072695680626
111.999999999998    55583.7925165925    5174.80744981665    0.0930992149963841
112.099999999998    56103.6596782857    5222.75476704781    0.0930911601310247
112.199999999998    56628.3434700021    5271.142039609    0.0930831049720058
112.299999999998    57157.8880862075    5319.97326404516    0.0930750495193488
112.399999999998    57692.3381228111    5369.2524728298    0.0930669937730751
112.499999999998    58231.7385807735    5418.98373468455    0.0930589377332064
112.599999999998    58776.134869748    5469.17115490146    0.0930508813997641
112.699999999998    59325.5728117538    5519.8188756682    0.0930428247727698
112.799999999998    59880.0986448816    5570.93107639609    0.093034767852245
112.899999999998    60439.759027033    5622.511974051    0.0930267106382111
112.999999999998    61004.6010396918    5674.56582348721    0.0930186531306897
113.099999999998    61574.6721917304    5727.09691778411    0.0930105953297023
113.199999999998    62150.0204232487    5780.109588586    0.0930025372352704
113.299999999998    62730.6941094476    5833.60820644472    0.0929944788474155
113.399999999998    63316.7420645376    5887.59718116542    0.0929864201661592
113.499999999998    63908.2135456807    5942.08096215528    0.092978361191523
113.599999999998    64505.1582569687    5997.06403877536    0.0929703019235284
113.699999999998    65107.6263534358    6052.55094069547    0.0929622423621971
113.799999999998    65715.6684451078    6108.54623825222    0.0929541825075505
113.899999999998    66329.3356010862    6165.0545428102    0.09294612235961
113.999999999998    66948.6793536698    6222.08050712629    0.0929380619183973
114.099999999998    67573.7517025115    6279.62882571725    0.0929300011839339
114.199999999998    68204.6051188133    6337.70423523045    0.0929219401562415
114.299999999998    68841.2925495576    6396.31151481788    0.0929138788353414
114.399999999998    69483.8674217768    6455.45548651352    0.0929058172212551
114.499999999998    70132.3836468603    6515.14101561392    0.0928977553140046
114.599999999998    70786.8956248996    6575.37301106214    0.0928896931136111
114.699999999998    71447.4582490727    6636.15642583511    0.0928816306200961
114.799999999998    72114.1269100667    6697.49625733437    0.0928735678334815
114.899999999998    72786.9575005396    6759.39754778018    0.0928655047537888
114.999999999998    73466.0064196227    6821.86538460918    0.0928574413810395
115.099999999998    74151.3305774614    6884.90490087547    0.0928493777152552
115.199999999998    74842.9873997978    6948.52127565522    0.0928413137564575
115.299999999998    75541.0348325925    7012.71973445485    0.0928332495046677
115.399999999998    76245.5313466887    7077.50554962283    0.0928251849599078
115.499999999998    76956.535942517    7142.88404076496    0.0928171201221994
115.599999999998    77674.1081548417    7208.86057516339    0.0928090549915639
115.699999999998    78398.3080575497    7275.4405681993    0.0928009895680227
115.799999999998    79129.1962684816    7342.62948377934    0.0927929238515977
115.899999999998    79866.8339543056    7410.43283476565    0.0927848578423104
115.999999999998    80611.2828354347    7478.8561834098    0.0927767915401823
116.099999999998    81362.6051909876    7547.90514179048    0.0927687249452351
116.199999999998    82120.8638637928    7617.58537225502    0.0927606580574906
116.299999999998    82886.1222654386    7687.90258786475    0.0927525908769702
116.399999999998    83658.4443813658    7758.86255284435    0.0927445234036957
116.499999999998    84437.8947760074    7830.47108303502    0.0927364556376885
116.599999999998    85224.5385979728    7902.73404635175    0.0927283875789705
116.699999999998    86018.4415852778    7975.65736324445    0.0927203192275631
116.799999999998    86819.6700706217    8049.24700716323    0.092712250583488
116.899999999998    87628.2909867104    8123.50900502776    0.092704181646767
116.999999999998    88444.3718716272    8198.44943770059    0.0926961124174215
117.099999999998    89267.9808742505    8274.07444046482    0.0926880428954732
117.199999999998    90099.1867597202    8350.3902035058    0.0926799730809438
117.299999999998    90938.0589149517    8427.4029723971    0.0926719029738548
117.399999999998    91784.6673541996    8505.11904859077    0.0926638325742281
117.499999999998    92639.0827246699    8583.54478991182    0.0926557618820853
117.599999999998    93501.376312182    8662.686611057    0.092647690897448
117.699999999998    94371.6200468813    8742.55098409813    0.0926396196203378
117.799999999998    95249.8865090016    8823.14443898959    0.0926315480507765
117.899999999998    96136.2489346792    8904.47356408044    0.0926234761887858
117.999999999998    97030.7812218177    8986.54500663087    0.0926154040343872
118.099999999998    97933.5579360054    9069.36547333333    0.0926073315876025
118.199999999998    98844.6543164843    9152.941730838    0.0925992588484531
118.299999999998    99764.146282173    9237.28060628314    0.0925911858169608
118.399999999998    100692.110437741    9322.38898782981    0.0925831124931476
118.499999999998    101628.624079739    9408.27382520139    0.0925750388770348
118.599999999998    102573.765202781    9494.94213022782    0.0925669649686445
118.699999999998    103527.612505784    9582.40097739453    0.092558890767998
118.799999999998    104490.24539826    9670.65750439628    0.0925508162751172
118.899999999998    105461.744006664    9759.71891269575    0.0925427414900239
118.999999999998    106442.189180799    9849.59246808696    0.0925346664127394
119.099999999998    107431.662500281    9940.28550126381    0.0925265910432858
119.199999999998    108430.246281052    10031.8054083934    0.0925185153816847
119.299999999997    109438.02358196    10124.1596516943    0.0925104394279578
119.399999999997    110455.078211391    10217.3557600203    0.0925023631821269
119.499999999997    111481.494733964    10311.4013294486    0.0924942866442135
119.599999999997    112517.358477281    10406.3040238738    0.0924862098142394
119.699999999997    113562.755538739    10502.0715756063    0.0924781326922265
119.799999999997    114617.772792402    10598.7117859772    0.0924700552781964
119.899999999997    115682.497895934    10696.2325259466    0.0924619775721708
