0    8.31529628511119e-17    0.0104309180124038    0.0104309180124038
0.1    -0.000179859489702587    0.0106429835075369    0.010646812679415
0.2    -8.31588105160938e-05    0.0108595030296458    0.0108613093065632
0.3    -6.24623746012397e-05    0.0110803395181587    0.0110817238132604
0.4    -0.000108401932485752    0.0113057065701306    0.0113081579567463
0.5    -5.78830886894542e-05    0.0115357126637654    0.011537048186428
0.6    -7.3799516684599e-05    0.0117703907703801    0.0117721281969015
0.7    -5.93751600135721e-05    0.0120098693521522    0.0120112956126657
0.8    -5.63649909413927e-05    0.0122542337918791    0.0122556152893005
0.9    -4.88003268353542e-05    0.0125035873821987    0.0125048078000572
1    -5.02859764564649e-05    0.0127580381122176    0.0127593212775511
1.1    -3.75874036900723e-05    0.0130176747218603    0.0130186533598345
1.2    -3.77287147580174e-05    0.0132826035422853    0.0132836058512217
1.3    -3.6266002916845e-05    0.0135529475536517    0.0135539306117743
1.4    -2.67674166071778e-05    0.0138288014982832    0.013829541840682
1.5    -2.84306059678814e-05    0.0141102776829328    0.0141110800332339
1.6    -2.3163898237046e-05    0.0143974966897055    0.0143981637094526
1.7    -1.99410704740248e-05    0.0146905678879768    0.0146911537909595
1.8    -1.85671747574615e-05    0.0149896140510568    0.0149901706909593
1.9    -1.53639102051785e-05    0.0152947562926808    0.0152952262744261
2    -1.30435169251041e-05    0.0156061133743778    0.015606520496896
2.1    -1.03082022893934e-05    0.0159238120161557    0.0159241403112908
2.2    -9.59770710034903e-06    0.016247985103696    0.0162482969934934
2.3    -7.15934178507121e-06    0.016578761658815    0.0165789990465567
2.4    -4.45737364902647e-06    0.016916269961854    0.0169164207667982
2.5    -4.25477204961383e-06    0.0172606508536351    0.0172607977345297
2.6    -2.23401750996369e-06    0.0176120446042057    0.0176121232956136
2.7    -2.35206423091072e-07    0.0179705885893034    0.0179705970429011
2.8    1.54039731294479e-07    0.0183364302254573    0.0183364245763806
2.9    1.65924731683316e-06    0.0187097177263754    0.0187096556383806
3    3.16894246838676e-06    0.0190905980154009    0.0190904770217707
3.1    3.84941232420043e-06    0.0194792261967927    0.0194790762302232
3.2    4.79663649088394e-06    0.0198757610348622    0.0198755703621754
3.3    5.71990422530996e-06    0.0202803610074045    0.0202801290052863
3.4    6.61480597054285e-06    0.0206931875856208    0.0206929138245901
3.5    7.51158775203266e-06    0.0211144070694685    0.0211140898664082
3.6    7.98237958946881e-06    0.0215441908694716    0.0215438469243982
3.7    8.59270608276357e-06    0.0219827123002088    0.0219823345214836
3.8    9.48795430292968e-06    0.0224301457590239    0.0224297201306664
3.9    9.93598066522646e-06    0.0228866716977926    0.0228862168992565
4    1.02384844266763e-05    0.0233524756353546    0.0233519974523343
4.1    1.09197200563083e-05    0.0238277435870208    0.0238272232081241
4.2    1.14659324359832e-05    0.024312665499566    0.0243121079711987
4.3    1.1664358647496e-05    0.0248074383782182    0.0248068596592519
4.4    1.20015051470898e-05    0.0253122619410334    0.0253116543778412
4.5    1.24867168626528e-05    0.0258273372591268    0.0258266922698853
4.6    1.27985717933442e-05    0.0263528708186322    0.0263521962690472
4.7    1.30142985703484e-05    0.0268890750803752    0.0268883752045808
4.8    1.32842188835189e-05    0.0274361659694652    0.0274354370430802
4.9    1.35306273966683e-05    0.0279943628647233    0.0279936053123872
5    1.37372490605417e-05    0.0285638897039271    0.0285631049361737
5.1    1.39597277022759e-05    0.0291449750646353    0.0291441613641628
5.2    1.41425570715807e-05    0.0297378524580008    0.0297370113313454
5.3    1.42598739249049e-05    0.0303427604188882    0.0303418950633519
5.4    1.44034095607738e-05    0.0309599416726675    0.0309590498280733
5.5    1.45826559273427e-05    0.0315896433166537    0.0315887220082901
5.6    1.4697330388674e-05    0.0322321182355254    0.0322311707972685
5.7    1.47462798480276e-05    0.0328876250457887    0.0328866551198466
5.8    1.48302738291081e-05    0.0335564266321028    0.0335554313448718
5.9    1.49586443357999e-05    0.0342387903064439    0.0342377659899929
5.99999999999999    1.50438079756148e-05    0.0349349895908274    0.0349339384960898
6.09999999999999    1.50655716696101e-05    0.0356453045928604    0.0356442305752591
6.19999999999999    1.50922741118777e-05    0.0363700205922824    0.0363689227962102
6.29999999999999    1.51546530103479e-05    0.037109427509667    0.0371083027657175
6.39999999999999    1.52105234562101e-05    0.0378638211041835    0.0378626692646255
6.49999999999999    1.52300687071846e-05    0.0386335039110804    0.0386323271471647
6.59999999999999    1.52355635013079e-05    0.0394187848117759    0.0394175836952773
6.69999999999999    1.525102347544e-05    0.0402199784397076    0.0402187516667464
6.79999999999999    1.52679107988024e-05    0.0410374054675431    0.041036152375783
6.89999999999999    1.527184330302e-05    0.0418713931996407    0.0418701143124601
6.99999999999999    1.52672473318554e-05    0.0427222757001874    0.0427209712170039
7.09999999999999    1.52629074561126e-05    0.0435903936915706    0.0435890630795898
7.19999999999999    1.52553213290404e-05    0.0444760946918481    0.0444747377183172
7.29999999999999    1.52386773492217e-05    0.0453797332453255    0.0453783502121748
7.39999999999999    1.52181180881678e-05    0.0463016709609387    0.0463002617337918
7.49999999999999    1.52018068112867e-05    0.0472422765528616    0.0472408402387733
7.59999999999999    1.51869110645353e-05    0.0482019261700462    0.0482004621155489
7.69999999999999    1.51632959097854e-05    0.0491810038027702    0.0491795123331582
7.79999999999999    1.51286874233681e-05    0.0501799013426042    0.0501783830534892
7.89999999999999    1.50923014863615e-05    0.051199018347647    0.0511974729489292
7.99999999999999    1.50626245080678e-05    0.0522387620162049    0.0522371883341946
8.09999999999999    1.5037131680934e-05    0.0532995476245996    0.0532979447040706
8.19999999999999    1.500679534621e-05    0.0543817990888518    0.0543801669202865
8.29999999999999    1.49676434423448e-05    0.0554859491727874    0.0554842882098416
8.39999999999999    1.49244995072942e-05    0.0566124393253719    0.0566107495259456
8.49999999999999    1.488415905685e-05    0.0577617195613868    0.0577600001177366
8.59999999999999    1.48478620072879e-05    0.058934248697111    0.0589324986279115
8.69999999999999    1.48114099391917e-05    0.0601304948182509    0.0601287136098159
8.79999999999998    1.47709561384248e-05    0.0613509356350327    0.0613491232378449
8.89999999999998    1.47269582253825e-05    0.0625960585708025    0.0625942148988749
8.99999999999998    1.46826905543001e-05    0.0638663607442045    0.0638644853117176
9.09999999999998    1.46403100505682e-05    0.0651623490827745    0.0651604411167194
9.19999999999998    1.45991373074723e-05    0.0664845406210277    0.0664825994154929
9.29999999999998    1.45572211394189e-05    0.0678334628421407    0.0678314879374513
9.39999999999998    1.45136679784279e-05    0.0692096539185261    0.0692076449758075
9.49999999999998    1.44692257731002e-05    0.0706136628472059    0.0706116194267118
9.59999999999998    1.44250954908276e-05    0.0720460495823249    0.0720439710700177
9.69999999999998    1.43816718604355e-05    0.0735073852437957    0.0735052709560149
9.79999999999998    1.43384749436935e-05    0.0749982523873931    0.0749961016971053
9.89999999999998    1.42949905708649e-05    0.0765192452703042    0.0765170576177975
9.99999999999998    1.42513128797291e-05    0.0780709700770893    0.0780687448811584
10.1    1.42079790695552e-05    0.0796540451307439    0.0796517817168904
10.2    1.41653366953818e-05    0.0812691011323021    0.081266798756555
10.3    1.41231847131955e-05    0.0829167814381078    0.082914439373145
10.4    1.4081008579589e-05    0.0845977423418091    0.0845953599322843
10.5    1.40385118267771e-05    0.0863126533243018    0.0863102299559133
10.6    1.39959140692467e-05    0.0880621972706132    0.0880597322832214
10.7    1.39537717057597e-05    0.0898470706904287    0.0898445633143903
10.8    1.39125316810607e-05    0.0916679839827508    0.091665433350774
10.9    1.38722142050224e-05    0.093525661753326    0.0935230669732943
11    1.38324540929639e-05    0.0954208431554941    0.0954182033831437
11.1    1.37928200238476e-05    0.0973542822125353    0.0973515966693903
11.2    1.37531277479775e-05    0.0993267480999054    0.0993240160305691
11.3    1.37135354339781e-05    0.101339025400046    0.10133624600553
11.4    1.36743893640056e-05    0.103391914364041    0.103389086760118
11.5    1.36359765522743e-05    0.105486231209778    0.105483354433455
11.6    1.35983608150217e-05    0.107622808462488    0.107619881514727
11.7    1.35613911785959e-05    0.109802495319494    0.109799517210698
11.8    1.35248413159478e-05    0.112026158012522    0.112023127781485
11.9    1.34885606114581e-05    0.114294680150696    0.114291596850844
12    1.34525496629276e-05    0.116608963045907    0.116605825712379
12.1    1.34169286571858e-05    0.118969926036507    0.118966733657319
12.2    1.33818441055151e-05    0.121378506827513    0.121375258334471
12.3    1.33473835298287e-05    0.123835661856689    0.123832356136665
12.4    1.33135416357649e-05    0.1263423666836    0.12633900259967
12.5    1.32802468283953e-05    0.128899616390587    0.12889619279861
12.6    1.32474151966144e-05    0.131508425984475    0.131504941737191
12.7    1.32149958029e-05    0.134169830793905    0.134166284733265
12.8    1.31829881395162e-05    0.13688488686469    0.136881277808588
12.9    1.31514260897927e-05    0.139654671360196    0.139650998092328
13    1.31203498299675e-05    0.142480282973582    0.142476544240323
13.1    1.30897820516068e-05    0.145362842355134    0.145359036869097
13.2    1.30597196891406e-05    0.148303492553669    0.148299619000173
13.3    1.30301415420333e-05    0.151303399468463    0.151299456510419
13.4    1.30010237157945e-05    0.154363752308216    0.154359738586789
13.5    1.29723516681499e-05    0.157485764055612    0.157481678187188
13.6    1.29441233213742e-05    0.160670671938403    0.16066651251026
13.7    1.29163462968939e-05    0.163919737909322    0.163915503475816
13.8    1.28890281419801e-05    0.167234249137071    0.167229938218747
13.9    1.28621692563141e-05    0.170615518509338    0.170611129594435
14    1.28357604275912e-05    0.174064885147299    0.174060416694326
14.1    1.2809785292667e-05    0.177583714930142    0.177579165369902
14.2    1.27842264890206e-05    0.181173401028231    0.181168768763865
14.3    1.27590719120456e-05    0.184835364444459    0.184830647849225
14.4    1.27343163028825e-05    0.188571054564552    0.188566251978801
14.5    1.27099622114276e-05    0.192381949717929    0.192377059445462
14.6    1.26860148278182e-05    0.19626955775094    0.196264578057072
14.7    1.26624784701846e-05    0.200235416613733    0.20023034572464
14.8    1.26393522221858e-05    0.204281094961093    0.204275931064938
14.9    1.26166294958513e-05    0.208408192766625    0.208402934015069
15    1.25942978829111e-05    0.212618341949197    0.212612986459178
15.1    1.25723432979451e-05    0.216913207010515    0.216907752864477
15.2    1.25507515286494e-05    0.221294485683258    0.221288930928766
15.3    1.25295126949042e-05    0.225763909589931    0.225758252237272
15.4    1.25086200930399e-05    0.230323244913303    0.230317482933439
15.5    1.24880713763106e-05    0.234974293079749    0.234968424401551
15.6    1.2467867379116e-05    0.239718891456819    0.239712913964651
15.7    1.24480078289493e-05    0.244558914066112    0.244552825599347
15.8    1.24284920734291e-05    0.249496272312011    0.249490070664203
15.9    1.24093170145352e-05    0.254532915726284    0.254526598645391
16    1.2390476195512e-05    0.25967083272822    0.259664397917407
16.1    1.23719614280783e-05    0.264912051399774    0.264905496517507
16.2    1.23537635361419e-05    0.27025864027528    0.270251962935099
16.3    1.23358732960139e-05    0.275712709145568    0.275705906915388
16.4    1.23182816025976e-05    0.281276409876682    0.281269480277993
16.5    1.23009822631506e-05    0.286951937243685    0.286944877749143
16.6    1.22839693170934e-05    0.292741529780328    0.292734337812734
16.7    1.22672389291213e-05    0.298647470645411    0.298640143575538
16.8    1.22507880383873e-05    0.304672088506624    0.304664623651719
16.9    1.22346135058705e-05    0.310817758442524    0.310810153065282
17    1.2218711853778e-05    0.317086902863093    0.317079154170775
17.1    1.22030792354827e-05    0.323481992449127    0.323474097592699
17.2    1.21877107363999e-05    0.330005547110576    0.329997503184314
17.3    1.21726010152558e-05    0.336660136963886    0.336651941004602
17.4    1.21577444486534e-05    0.343448383328396    0.343440032314574
17.5    1.21431342830179e-05    0.350372959741921    0.35036445059345
17.6    1.21287646822437e-05    0.357436592995728    0.357427922572239
17.7    1.2114629455537e-05    0.36464206418926    0.364633229289308
17.8    1.21007227404301e-05    0.371992209805011    0.371983207164765
17.9    1.20870395355938e-05    0.379489922804068    0.379480749095551
18    1.20735745228622e-05    0.38713815374282    0.387128805572986
18.1    1.20603226313161e-05    0.39493991191137    0.394930385820742
18.2    1.20472794341606e-05    0.402898266494132    0.402888558955081
18.3    1.20344398377152e-05    0.411016347753083    0.411006455169116
18.4    1.20217992856877e-05    0.419297348234084    0.419287266938157
18.5    1.20093528888133e-05    0.427744523996687    0.427734250250199
18.6    1.19970959168598e-05    0.436361195867817    0.436350725859184
18.7    1.19850235167891e-05    0.445150750719756    0.445140080563206
18.8    1.1973131181054e-05    0.454116642772897    0.454105768506825
18.9    1.19614146385903e-05    0.463262394923772    0.463251312509149
19    1.19498697641574e-05    0.472591600098998    0.472580305417822
19.1    1.19384936115842e-05    0.482107922635813    0.482096411488529
19.2    1.19272836210769e-05    0.491815099690041    0.491803367793604
19.3    1.19162379798573e-05    0.501716942672437    0.501704985657945
19.4    1.19053564392274e-05    0.511817338714446    0.511805152123834
19.5    1.18946393438064e-05    0.522120252164602    0.522107831448154
19.6    1.18840888637376e-05    0.532629726116845    0.532617066629298
19.7    1.18737081986259e-05    0.543349883972184    0.543336980969447
19.8    1.18635019392907e-05    0.554284931035135    0.554271779670448
19.9    1.185347575505e-05    0.565439156146407    0.565425751466643
20    1.18436365245239e-05    0.576816933353181    0.576803270294802
20.1    1.18339909211078e-05    0.588422723618166    0.588408797004635
20.2    1.18245455095714e-05    0.600261076568284    0.600246881107304
20.3    1.18153063086538e-05    0.612336632283371    0.612322162564586
20.4    1.18062781166304e-05    0.624654123124716    0.624639373618244
20.5    1.17974618244455e-05    0.63721837560266    0.637203340661115
20.6    1.17888564622668e-05    0.650034312281671    0.650018986139943
20.7    1.17804566417341e-05    0.66310695372073    0.663091330499344
20.8    1.17722537293651e-05    0.676441420446389    0.676425494153808
20.9    1.176423459377e-05    0.690042934955599    0.690026699492664
21    1.17563829885226e-05    0.703916823745556    0.70390027290859
21.1    1.17486806482261e-05    0.718068519368373    0.718051646851168
21.2    1.17411084313178e-05    0.732503562509431    0.732486361903878
21.3    1.1733646975624e-05    0.747227604089659    0.747210068885577
21.4    1.17262799569005e-05    0.76224640739368    0.762228530973766
21.5    1.17189935619914e-05    0.777565850227527    0.777547625862712
21.6    1.17117789566413e-05    0.79319192711127    0.793173347951824
21.7    1.17046315242174e-05    0.809130751513141    0.809111810580235
21.8    1.16975520587627e-05    0.825388558132394    0.825369248307016
21.9    1.16905450979686e-05    0.841971705238146    0.841952019251904
22    1.16836183813194e-05    0.858886677070712    0.858866607496862
22.1    1.16767813531792e-05    0.87614008631049    0.876119625556961
22.2    1.16700440337262e-05    0.893738676617654    0.893717816921666
22.3    1.16634151485835e-05    0.911689325243748    0.911668058669615
22.4    1.1656901646193e-05    0.929999045714142    0.929977364152068
22.5    1.16505064907812e-05    0.948674990578479    0.94865288574774
22.6000000000001    1.16442296265417e-05    0.967724454224722    0.967701917675622
22.7000000000001    1.1638067017136e-05    0.987154875751636    0.987131898869842
22.8000000000001    1.16320120527103e-05    1.00697384189432    1.00695041590308
22.9000000000001    1.16260541760334e-05    1.02718908999789    1.02716520596355
23.0000000000001    1.16201819317003e-05    1.04780851103554    1.04778415986745
23.1000000000001    1.16143830057832e-05    1.06884015266838    1.06881532511893
23.2000000000001    1.16086449965794e-05    1.09029222234652    1.09026690900967
23.3000000000001    1.16029561847698e-05    1.11217309045219    1.11214728176037
23.4000000000001    1.15973067761244e-05    1.13449129348737    1.13446497970541
23.5000000000001    1.15916887338061e-05    1.15725553730963    1.15722870852867
23.6000000000001    1.15860965085716e-05    1.18047470042084    1.18044734655015
23.7000000000001    1.15805266337952e-05    1.2041578373139    1.20412994807306
23.8000000000001    1.15749779905784e-05    1.22831418188312    1.22828574679301
23.9000000000001    1.15694526621804e-05    1.25295315090365    1.25292415927474
24.0000000000001    1.15639539419573e-05    1.27808434758566    1.27805478851042
24.1000000000001    1.15584873659803e-05    1.30371756520819    1.30368742755053
24.2000000000001    1.15530607155432e-05    1.32986279083765    1.32983206322152
24.3000000000001    1.15476818742215e-05    1.35653020913507    1.35649887993823
24.4000000000001    1.15423600383853e-05    1.38373020625559    1.38369826359981
24.5000000000001    1.15371045869946e-05    1.41147337384267    1.41144080558654
24.6000000000001    1.15319236516425e-05    1.43977051311836    1.43973730685403
24.7000000000001    1.15268246020918e-05    1.46863263906961    1.46859878211821
24.8000000000001    1.1521812420393e-05    1.49807098472927    1.49803646414125
24.9000000000001    1.15168899233379e-05    1.52809700554903    1.52806180810439
25.0000000000001    1.15120567285547e-05    1.55872238386053    1.55868649607266
25.1000000000001    1.15073098825632e-05    1.58995903341973    1.58992244153821
25.2000000000001    1.15026435531793e-05    1.62181910402967    1.62178179404471
25.3000000000001    1.14980484995507e-05    1.65431498623663    1.65427694388615
25.4000000000001    1.14935148204031e-05    1.68745931609583    1.68742052686434
25.5000000000001    1.1489030938124e-05    1.7212649800043    1.72122542912548
25.6000000000001    1.14845856800819e-05    1.75574511960085    1.75570479205348
25.7000000000001    1.14801686565251e-05    1.79091313673582    1.79087201723816
25.8000000000001    1.14757718000244e-05    1.82678269851589    1.82674077151428
25.9000000000001    1.1471389635115e-05    1.8633677424325    1.86332499208809
26.0000000000001    1.14670202675877e-05    1.90068248158417    1.90063889175494
26.1000000000001    1.14626654699392e-05    1.93874141000519    1.93869696422623
26.2000000000001    1.1458329837179e-05    1.97755930811307    1.9775139895787
26.3000000000001    1.14540205362568e-05    2.01715124828689    2.01710503983251
26.4000000000001    1.1449746538776e-05    2.05753260058625    2.05748548467217
26.5000000000001    1.14455172428893e-05    2.09871903861826    2.09867099731822
26.6000000000001    1.14413420196377e-05    2.1407265455559    2.1406775605472
26.7000000000001    1.14372284405327e-05    2.18357142030831    2.18352147286927
26.8000000000001    1.14331816767797e-05    2.22727028383931    2.22721935484999
26.9000000000001    1.14292049182737e-05    2.27184008562833    2.27178815557009
27.0000000000001    1.1425297338785e-05    2.31729811026527    2.31724515923039
27.1000000000001    1.14214554081651e-05    2.36366198417007    2.36360799186683
27.2000000000001    1.14176727897062e-05    2.41094968242732    2.41089462818674
27.3000000000001    1.1413940702589e-05    2.45917953572783    2.45912339850978
27.4000000000001    1.14102486702242e-05    2.50837023741055    2.50831299580736
27.5000000000001    1.14065860123031e-05    2.55854085060185    2.55848248283507
27.6000000000001    1.1402942010959e-05    2.60971081545219    2.60965129936866
27.7000000000001    1.13993071609096e-05    2.66189995647502    2.66183926953633
27.8000000000001    1.13956746382049e-05    2.71512848999621    2.71506660925964
27.9000000000001    1.13920406211414e-05    2.76941703172693    2.7693539338231
28.0000000000001    1.13884042076173e-05    2.82478660447554    2.82472226558495
28.1000000000001    1.13847684663082e-05    2.88125864601643    2.88119304183816
28.2000000000001    1.13811390380401e-05    2.93885501713373    2.93878812285994
28.3000000000001    1.13775242242578e-05    2.99759800985669    2.99752980014481
28.4000000000001    1.13739333247876e-05    3.0575103559001    3.05744080485332
28.5000000000001    1.13703762796023e-05    3.11861523531886    3.11854431646784
28.6000000000001    1.136686151552e-05    3.18093628538003    3.18086397167752
28.7000000000001    1.13633951831596e-05    3.24449760965039    3.24442387347126
28.8000000000001    1.13599814395779e-05    3.30932378729171    3.30924860043223
28.9000000000001    1.13566208816642e-05    3.37543988255266    3.37536321624122
29.0000000000001    1.13533104584556e-05    3.44287145444335    3.44279327935391
29.1000000000001    1.13500444094273e-05    3.51164456657865    3.51156485283984
29.2000000000001    1.13468152173813e-05    3.58178579717787    3.58170451437699
29.3000000000001    1.13436133861113e-05    3.6533222492128    3.65323936640265
29.4000000000001    1.13404302175489e-05    3.72628156070118    3.72619704638759
29.5000000000001    1.1337256954262e-05    3.80069191514905    3.80060573728437
29.6000000000002    1.13340871440915e-05    3.87658205215196    3.87649417811033
29.7000000000002    1.13309166174095e-05    3.95398127817069    3.95389167472164
29.8000000000002    1.13277437079982e-05    4.0329194775015    4.03282811078
29.9000000000002    1.13245703903593e-05    4.11342712346363    4.11333395892867
30.0000000000002    1.13214006795325e-05    4.1955352898274    4.19544029223074
30.1000000000002    1.13182402149202e-05    4.27927566250416    4.27917879586073
30.2000000000002    1.13150966193869e-05    4.36468055151593    4.36458177906924
30.3000000000002    1.13119772065946e-05    4.45178290325679    4.45168218746262
30.4000000000002    1.13088885485066e-05    4.54061631305184    4.54051361556558
30.5000000000002    1.13058365001899e-05    4.63121503801239    4.63111031967628
30.6000000000002    1.13028233169064e-05    4.72361401018035    4.72350723103811
30.7000000000002    1.1299849605037e-05    4.81784884994936    4.81773996924485
30.8000000000002    1.12969138864776e-05    4.91395587974734    4.91384485592874
30.9000000000002    1.12940110621592e-05    5.01197213796494    5.01185892870598
31.0000000000002    1.12911349814413e-05    5.11193539311552    5.11181995531386
31.1000000000002    1.12882786243838e-05    5.21388415821686    5.21376644799142
31.2000000000002    1.1285433981954e-05    5.31785770539115    5.3177376780816
31.3000000000002    1.12825944896423e-05    5.42389608068705    5.42377369082786
31.4000000000002    1.12797550783942e-05    5.53204011913583    5.53191532042828
31.5000000000002    1.12769126456855e-05    5.64233146006136    5.64220420533842
31.6000000000002    1.1274066795707e-05    5.75481256266951    5.75468280384996
31.7000000000002    1.12712197384181e-05    5.86952672194624    5.86939440998667
31.8000000000002    1.12683756651288e-05    5.98651808489434    5.9863831697452
31.9000000000002    1.12655404218849e-05    6.10583166713549    6.10569409769838
32.0000000000002    1.12627200648754e-05    6.22751336989864    6.22737309399896
32.1000000000002    1.12599210629818e-05    6.35160999740686    6.35146696176304
32.2000000000002    1.12571479873041e-05    6.47816927466616    6.47802342488759
32.3000000000002    1.1254403371641e-05    6.60723986565059    6.6070911462391
32.4000000000002    1.12516885735671e-05    6.73887139187063    6.73871974621242
32.5000000000002    1.12490020636995e-05    6.8731144513079    6.87295982169004
32.6000000000002    1.1246340140096e-05    7.01002063769831    7.00986296531859
32.7000000000002    1.12436976021732e-05    7.14964256014718    7.14948178511707
32.8000000000002    1.12410687852861e-05    7.29203386306637    7.29186992440074
32.9000000000002    1.12384480087432e-05    7.43724924643141    7.43708208203211
33.0000000000002    1.12358299845567e-05    7.58534448636656    7.5851740329997
33.1000000000002    1.12332116810582e-05    7.73637645607565    7.7362026493193
33.2000000000002    1.12305910415525e-05    7.89040314714505    7.89022592135361
33.3000000000002    1.12279685228547e-05    8.04748369125117    8.04730297949305
33.4000000000002    1.12253463649473e-05    8.20767838230673    8.20749411630979
33.5000000000002    1.12227281132159e-05    8.37104869907918    8.37086080918067
33.6000000000002    1.12201183331128e-05    8.53765732830927    8.53746574340786
33.7000000000002    1.12175217717442e-05    8.7075681883504    8.7073728358703
33.8000000000002    1.12149424463368e-05    8.8808464533401    8.88064725921035
33.9000000000002    1.12123836135284e-05    9.05755857790547    9.05735546654008
34.0000000000002    1.12098467566842e-05    9.23777232239537    9.23756521669277
34.1000000000002    1.12073316541992e-05    9.42155677862576    9.42134559996948
34.2000000000002    1.12048364052994e-05    9.60898239612081    9.60876706438202
34.3000000000002    1.12023581919632e-05    9.80012100883224    9.79990144236017
34.4000000000002    1.11998923036917e-05    9.99504586232405    9.99482197795707
34.5000000000002    1.11974342344066e-05    10.1938316414159    10.1936033544534
34.6000000000002    1.11949799525751e-05    10.3965544982893    10.3963217224569
34.7000000000002    1.11925262201e-05    10.603292081071    10.6030547284783
34.8000000000002    1.11900707043056e-05    10.8141235629204    10.8138815440141
34.9000000000002    1.11876135493438e-05    11.0291296716561    11.0288828951358
35.0000000000002    1.11851560839937e-05    11.2483927199598    11.2481410927177
35.1000000000002    1.11827007572683e-05    11.4719966362011    11.4717400632593
35.2000000000002    1.11802511594742e-05    11.700026995918    11.6997653803621
35.3000000000002    1.11778109194455e-05    11.932571053981    11.9323042969167
35.4000000000002    1.11753836157277e-05    12.1697177774598    12.1694457779701
35.5000000000002    1.11729713723267e-05    12.4115578791964    12.4112805343334
35.6000000000002    1.11705754284607e-05    12.6581838520811    12.6579010568451
35.7000000000002    1.11681957757783e-05    12.9096900040173    12.9094016513469
35.8000000000002    1.11658305230364e-05    13.1661724935592    13.1658784743408
35.9000000000002    1.11634771752976e-05    13.4277293662066    13.4274295692527
36.0000000000002    1.11611324882301e-05    13.6944605913439    13.6941549033777
36.1000000000002    1.11587927415526e-05    13.9664680998246    13.966156405457
36.2000000000002    1.11564552749152e-05    14.2438558222081    14.243538003873
36.3000000000002    1.11541173119132e-05    14.5267297276753    14.5264056655949
36.4000000000002    1.11517784184944e-05    14.8151978636553    14.8148674357325
36.5000000000002    1.11494388449388e-05    15.1093703962068    15.1090334779609
36.6000000000003    1.11470996791468e-05    15.4093596512029    15.4090161156963
36.7000000000003    1.11447635556035e-05    15.7152801563606    15.7149298741013
36.8000000000003    1.1142433213865e-05    16.0272486841558    16.0268915230394
36.9000000000003    1.11401112244267e-05    16.3453842956523    16.3450201209111
37.0000000000003    1.1137799659044e-05    16.6698083852578    16.6694370594213
37.1000000000003    1.11355003166438e-05    17.0006447264143    17.0002661092609
37.2000000000003    1.11332129365642e-05    17.3380195182149    17.3376334667865
37.3000000000003    1.11309372629127e-05    17.6820614329358    17.6816678014843
37.4000000000003    1.11286717033624e-05    18.0329016644681    18.0325003044497
37.5000000000003    1.1126413314971e-05    18.3906739776394    18.3902647377131
37.6000000000003    1.1124160186739e-05    18.7555147584213    18.755097484362
37.7000000000003    1.11219096250655e-05    19.1275630650314    19.1271375997079
37.8000000000003    1.11196592906446e-05    19.5069606799531    19.5065268632639
37.9000000000003    1.11174088098894e-05    19.8938521629061    19.8934098316491
38.0000000000003    1.11151578099286e-05    20.2883849048154    20.2879338926287
38.1000000000003    1.11129068525453e-05    20.69070918283    20.6902493200926
38.2000000000003    1.1110657946677e-05    21.1009782164432    21.1005093301502
38.3000000000003    1.11084129489662e-05    21.5193482247645    21.5188701384623
38.4000000000003    1.11061740138845e-05    21.9459784849792    21.9454910186812
38.5000000000003    1.11039427007145e-05    22.3810313920221    22.3805343621608
38.6000000000003    1.11017205429044e-05    22.8246725194756    22.8241657388301
38.7000000000003    1.10995073847148e-05    23.2770706816915    23.276553959391
38.8000000000003    1.10973029668136e-05    23.7383979971296    23.7378711385872
38.9000000000003    1.10951057365044e-05    24.2088299529014    24.2082927598055
39.0000000000003    1.10929140828855e-05    24.6885454705149    24.6879977407634
39.1000000000003    1.10907262527013e-05    25.1777269728218    25.1771685004606
39.2000000000003    1.10885398673083e-05    25.6765604521852    25.6759910273708
39.3000000000003    1.10863540934367e-05    26.1852355398959    26.1846549487461
39.4000000000003    1.10841679707773e-05    26.7039455768818    26.7033536014068
39.5000000000003    1.10819819786609e-05    27.2328876857646    27.2322841037124
39.6000000000003    1.10797961217193e-05    27.7722628443253    27.7716474291237
39.7000000000003    1.10776123864101e-05    28.3222759604369    28.3216484809979
39.8000000000003    1.10754321592771e-05    28.8831359485183    28.8824961691786
39.9000000000003    1.10732569750917e-05    29.4550558075532    29.4544034879721
40.0000000000003    1.10710879561113e-05    30.0382527006995    30.0375875957876
40.1000000000003    1.10689258536168e-05    30.6329480365056    30.6322698963509
40.2000000000003    1.10667704209192e-05    31.2393675517353    31.2386761215696
40.3000000000003    1.10646215457412e-05    31.8577413957987    31.8570364158953
40.4000000000003    1.10624776780821e-05    32.4883042167862    32.4875854224575
40.5000000000003    1.10603373790267e-05    33.1312952491079    33.1305623706073
40.6000000000003    1.10581995204691e-05    33.7869584027513    33.78621116516
40.7000000000003    1.10560623642289e-05    34.4555423541883    34.4547804773615
40.8000000000003    1.10539253735082e-05    35.1373006389732    35.1365238373618
40.9000000000003    1.10517885483571e-05    35.8324917460909    35.8316997286003
41.0000000000003    1.1049651661998e-05    36.5413792141221    36.5405716840219
41.1000000000003    1.10475161916544e-05    37.2642317292952    37.2634083839843
41.2000000000003    1.10453828589726e-05    38.0013232254913    38.0004837564352
41.3000000000003    1.10432529721506e-05    38.7529329862616    38.7520770788289
41.4000000000003    1.10411273088215e-05    39.5193457488977    39.5184730822777
41.5000000000003    1.10390069146451e-05    40.300851810586    40.2999620576444
41.6000000000003    1.10368917442901e-05    41.0977471366629    41.0968399639031
41.7000000000003    1.10347813129932e-05    41.9103334709768    41.9094085384541
41.8000000000003    1.10326749826779e-05    42.7389184483625    42.7379754095741
41.9000000000003    1.10305718574278e-05    43.5838157092383    43.5828542110222
42.0000000000003    1.10284704132e-05    44.4453450163472    44.4443646988136
42.1000000000003    1.10263701925234e-05    45.323832373677    45.3228328699893
42.2000000000003    1.10242701683821e-05    46.2196101476113    46.2185910839071
42.3000000000003    1.10221701179847e-05    47.1330171903795    47.1319781855643
42.4000000000003    1.10200703391074e-05    48.0643989658805    48.0633396314396
42.5000000000003    1.10179715758866e-05    49.014107677963    49.0130276177726
42.6000000000003    1.10158745801327e-05    49.9825024012407    49.9814012114159
42.7000000000003    1.10137798853406e-05    50.9699492145127    50.9688264832754
42.8000000000003    1.1011688717095e-05    51.9768213368437    51.9756766442946
42.9000000000003    1.10096013783592e-05    53.0034992663476    53.0023321843995
43.0000000000003    1.10075179696356e-05    54.0503709217014    54.049181013941
43.1000000000003    1.10054383684463e-05    55.1178317864089    55.1166186079591
43.2000000000003    1.10033618626636e-05    56.2062850558308    56.205048153254
43.3000000000003    1.10012876131461e-05    57.3161417870021    57.3148806981543
43.4000000000003    1.09992147982893e-05    58.4478210512709    58.4465353051366
43.5000000000003    1.09971431130974e-05    59.6017500898051    59.60043920627
43.6000000000003    1.0995071439146e-05    60.7783644720355    60.7770279618119
43.7000000000004    1.09929998094669e-05    61.9781082571147    61.9767456214296
43.8000000000004    1.09909286777163e-05    63.2014341584816    63.2000448888407
43.9000000000004    1.09888585496955e-05    64.4488037116313    64.4473872896208
44.0000000000004    1.09867897533843e-05    65.7206874451803    65.7192433422955
44.1000000000004    1.09847229993484e-05    67.0175650553096    67.0160927327062
44.2000000000004    1.09826592192627e-05    68.3399255836529    68.3384244919114
44.3000000000004    1.09805982387279e-05    69.6882675986856    69.6867371777537
44.4000000000004    1.09785404859954e-05    71.0630993806536    71.0615390595564
44.5000000000004    1.09764852267641e-05    72.4649391100755    72.4633483068697
44.6000000000004    1.09744321371738e-05    73.8943150598525    73.8926931813598
44.7000000000004    1.09723807287687e-05    75.3517657910251    75.3501122326428
44.8000000000004    1.09703302714831e-05    76.8378403522336    76.836154497756
44.9000000000004    1.09682801757417e-05    78.3530984829542    78.3513797043326
45.0000000000004    1.09662304869547e-05    79.8981108205965    79.8963584776156
45.1000000000004    1.09641808930751e-05    81.4734591115711    81.4716725516719
45.2000000000004    1.09621317966714e-05    83.0797364264352    83.0779149843614
45.3000000000004    1.09600836233824e-05    84.7175473792294    84.7156903767751
45.4000000000004    1.09580369989537e-05    86.3875083511138    86.3856150968346
45.5000000000004    1.09559923534699e-05    88.0902477183952    88.0883175073817
45.6000000000004    1.09539496930338e-05    89.8264060850278    89.8244381987172
45.7000000000004    1.09519095529552e-05    91.5966365196487    91.5946302254644
45.8000000000004    1.09498715556844e-05    93.4016047972055    93.3995593484516
45.9000000000004    1.09478354847916e-05    95.2419896452292    95.2399042807917
46.0000000000004    1.09458008936116e-05    97.1184829948057    97.1163569389212
46.1000000000004    1.09437671922865e-05    99.0317902363162    99.0296226983232
46.2000000000004    1.09417339929193e-05    100.98263048003    100.980420654048
46.3000000000004    1.09397010577766e-05    102.971736821656    102.969483886266
46.4000000000004    1.09376682815249e-05    104.999856612963    104.997559730883
46.5000000000004    1.09356361924873e-05    107.067751737621    107.065410055266
46.6000000000004    1.09336045165552e-05    109.176198892368    109.173811539708
46.7000000000004    1.09315739732206e-05    111.325989873673    111.323555963693
46.8000000000004    1.09295449796856e-05    113.517931869972    113.515450498408
46.9000000000004    1.0927517590409e-05    115.752847759627    115.75031800471
47.0000000000004    1.09254917996743e-05    118.031576414668    118.028997336805
47.1000000000004    1.09234679658964e-05    120.354973010421    120.352343651758
47.2000000000004    1.092144555942e-05    122.723909341083    122.72122872537
47.3000000000004    1.0919424348594e-05    125.139274141345    125.136541273512
47.4000000000004    1.09174039667579e-05    127.601973414128    127.599187279964
47.5000000000004    1.09153840404114e-05    130.11293076457    130.110090330359
47.6000000000004    1.09133644785527e-05    132.673087740373    132.67019195245
47.7000000000004    1.09113450976717e-05    135.283404178657    135.280451963052
47.8000000000004    1.09093259734827e-05    137.944858559493    137.941848821471
47.9000000000004    1.09073073785004e-05    140.658448366258    140.655379989862
48.0000000000004    1.09052896946553e-05    143.425190452985    143.422062300595
48.1000000000004    1.09032731077096e-05    146.24612141886    146.242932330826
48.2000000000004    1.09012579529478e-05    149.122297989998    149.119046784166
48.3000000000004    1.08992442163284e-05    152.054797408612    152.051482879996
48.4000000000004    1.08972316377334e-05    155.044717829716    155.04133875013
48.5000000000004    1.08952203075069e-05    158.09317872543    158.08973384294
48.6000000000004    1.08932098131578e-05    161.201321297037    161.197809335664
48.7000000000004    1.08912001551598e-05    164.370308894895    164.366728554021
48.8000000000004    1.08891906559654e-05    167.601327446351    167.597677400479
48.9000000000004    1.08871816528336e-05    170.895585891829    170.891864789766
49.0000000000004    1.08851726440758e-05    174.254316629255    174.250523093907
49.1000000000004    1.08831642465239e-05    177.678775967028    177.674908594514
49.2000000000004    1.08811561055952e-05    181.170244585731    181.166301945206
49.3000000000004    1.08791489087597e-05    184.730028008765    184.726008641527
49.4000000000004    1.08771424993266e-05    188.35945708211    188.355359501369
49.5000000000004    1.0875137111327e-05    192.059888463376    192.055711153563
49.6000000000004    1.08731328857947e-05    195.832705120291    195.828446536543
49.7000000000004    1.08711298164503e-05    199.6793168388    199.674975406447
49.8000000000004    1.08691276514697e-05    203.601160740906    203.596734855
49.9000000000004    1.0867125662743e-05    207.599701812415    207.595189837353
50.0000000000004    1.08651244911327e-05    211.676433440751    211.671833709126
50.1000000000004    1.08631237427262e-05    215.832877963045    215.828188775462
50.2000000000004    1.08611229692527e-05    220.07058722469    220.065806849191
50.3000000000004    1.08591226075182e-05    224.391143148612    224.386269819661
50.4000000000004    1.08571224470424e-05    228.796158315465    228.791190233591
50.5000000000004    1.08551229227912e-05    233.287276555029    233.28221188588
50.6000000000004    1.08531239408007e-05    237.866173549019    237.86101042293
50.7000000000005    1.08511256299059e-05    242.534557445538    242.529293956748
50.8000000000005    1.0849128539763e-05    247.294169485392    247.288803691143
50.9000000000005    1.08471319278468e-05    252.146784640471    252.141314560929
51.0000000000005    1.08451363475843e-05    257.094212264378    257.088635881283
51.1000000000005    1.08431411690695e-05    262.138296755527    262.132612012053
51.2000000000005    1.08411464104382e-05    267.280918232907    267.275123032599
51.3000000000005    1.08391522808836e-05    272.523993224742    272.518085430652
51.4000000000005    1.08371581490542e-05    277.869475370322    277.863452804691
51.5000000000005    1.08351645048153e-05    283.319356135243    283.313216578104
51.6000000000005    1.08331708642113e-05    288.875665540369    288.869406729285
51.7000000000005    1.08311775375007e-05    294.540472904804    294.534092533603
51.8000000000005    1.08291849189485e-05    300.31588760316    300.309383321035
51.9000000000005    1.08271928223803e-05    306.204059837428    306.19742924842
52.0000000000005    1.08252013095675e-05    312.207181423707    312.2004220857
52.1000000000005    1.08232105934772e-05    318.327486594078    318.320596017806
52.2000000000005    1.0821220555738e-05    324.567252813855    324.560228462211
52.3000000000005    1.08192309655039e-05    330.928801614503    330.921640901701
52.4000000000005    1.08172416806273e-05    337.414499442477    337.407199733066
52.5000000000005    1.08152528782488e-05    344.026758524266    344.019317131966
52.6000000000005    1.08132642887547e-05    350.768037747963    350.760451934998
52.7000000000005    1.08112758261675e-05    357.640843561695    357.633110537686
52.8000000000005    1.08092875655689e-05    364.647730889249    364.639847810092
52.9000000000005    1.08072996717489e-05    371.79130406326    371.783268030031
53.0000000000005    1.08053122119821e-05    379.07421777634    379.066025834308
53.1000000000005    1.0803325091688e-05    386.499178050487    386.490827188168
53.2000000000005    1.08013385811048e-05    394.068943225134    394.060430372924
53.3000000000005    1.07993525805753e-05    401.78632496418    401.777646993526
53.4000000000005    1.07973672566382e-05    409.654189282333    409.64534300439
53.5000000000005    1.07953820299944e-05    417.675457591104    417.666439756197
53.6000000000005    1.07933974124373e-05    425.853107764793    425.843915060351
53.7000000000005    1.07914131342084e-05    434.19017522683    434.180804276836
53.8000000000005    1.07894289250399e-05    442.689754056863    442.680201420656
53.9000000000005    1.07874449921111e-05    451.354998119001    451.345260289619
54.0000000000005    1.07854613233839e-05    460.189122211623    460.179195614728
54.1000000000005    1.07834776876249e-05    469.195403239229    469.185284232023
54.2000000000005    1.07814945490902e-05    478.377181406751    478.366866276016
54.3000000000005    1.07795118354672e-05    487.73786143679    487.727346398037
54.4000000000005    1.07775293627705e-05    497.280913810217    497.270195006439
54.5000000000005    1.07755475308525e-05    507.009876030552    506.998949530256
54.6000000000005    1.07735660083703e-05    516.928353912575    516.917215709089
54.7000000000005    1.07715850412616e-05    527.040022895574    527.028668905021
54.8000000000005    1.07696041565015e-05    537.34862938169    537.337055442272
54.9000000000005    1.07676236398989e-05    547.857992099808    547.846193969512
55.0000000000005    1.0765643117087e-05    558.572003495483    558.559976851268
55.1000000000005    1.07636629471879e-05    569.494631147406    569.482371582844
55.2000000000005    1.07616830123686e-05    580.62991921095    580.617422235162
55.3000000000005    1.07597031657392e-05    591.981989889342    591.969250925428
55.4000000000005    1.07577235815958e-05    603.555044933007    603.542059316024
55.5000000000005    1.07557445943186e-05    615.353367167636    615.340130142705
55.6000000000005    1.07537656355641e-05    627.381322051544    627.367828773244
55.7000000000005    1.07517870977507e-05    639.64335926284    639.62960479229
55.8000000000005    1.07498091856287e-05    652.144014316948    652.129993620237
55.9000000000005    1.07478310382292e-05    664.887910215055    664.873618162827
56.0000000000005    1.07458535561066e-05    677.87975912401    677.865190487322
56.1000000000005    1.07438762529551e-05    691.124364088269    691.109513538535
56.2000000000005    1.07418990175655e-05    704.626620774525    704.611482881124
56.3000000000005    1.07399221283802e-05    718.391519249613    718.37608847739
56.4000000000005    1.07379453813931e-05    732.424145792381    732.408416500334
56.5000000000005    1.0735968673161e-05    746.729684740201    746.713651179331
56.6000000000005    1.07339922624626e-05    761.313420370792    761.297076681497
56.7000000000005    1.07320161005988e-05    776.180738820041    776.164079030462
56.8000000000005    1.07300404637079e-05    791.337130036517    791.320148059883
56.9000000000005    1.07280648801755e-05    806.788189773353    806.770879406971
57.0000000000005    1.07260897767017e-05    822.539621618164    822.521976539774
57.1000000000005    1.07241148196293e-05    838.597239061708    838.579252828436
57.2000000000005    1.0722139919889e-05    854.966967606013    854.948633651685
57.3000000000005    1.07201655285165e-05    871.654846912678    871.636158544535
57.4000000000005    1.07181910323015e-05    888.667032992155    888.647983390285
57.5000000000005    1.07162167445695e-05    906.009800434793    905.990382648089
57.6000000000005    1.07142426740561e-05    923.689544684451    923.669751628644
57.7000000000005    1.07122687973493e-05    941.712784355553    941.692608810727
57.8000000000006    1.07102950361336e-05    960.086163594398    960.065598202516
57.9000000000006    1.07083216899133e-05    978.816454485589    978.795491747124
58.0000000000006    1.07063484525667e-05    997.910559504419    997.88919177684
58.1000000000006    1.07043756139246e-05    1017.37551401608    1017.35373350995
58.2000000000006    1.07024028783544e-05    1037.21848882255    1037.19628759988
58.3000000000006    1.07004305766383e-05    1057.44679275799    1057.42416272816
58.4000000000006    1.06984581998047e-05    1078.06787533367    1078.04480825225
58.5000000000006    1.06964860438445e-05    1099.08932943319    1099.06581689735
58.6000000000006    1.06945139740536e-05    1120.51889405918    1120.49492750555
58.7000000000006    1.06925422024358e-05    1142.36445713223    1142.3400278331
58.8000000000006    1.06905703106437e-05    1164.63405834329    1164.60915740493
58.9000000000006    1.0688598800781e-05    1187.33589206049    1187.3105104178
59.0000000000006    1.06866274599694e-05    1210.47831029134    1210.45243870632
59.1000000000006    1.06846563022433e-05    1234.06982570154    1234.04345475942
59.2000000000006    1.06826855788641e-05    1258.11911469131    1258.09223479662
59.3000000000006    1.06807150057745e-05    1282.63502053038    1282.6076219048
59.4000000000006    1.0678744394468e-05    1307.62655655271    1307.59862923142
59.5000000000006    1.0676774186936e-05    1333.102909412    1333.07444323846
59.6000000000006    1.06748039585018e-05    1359.07344239921    1359.04442702382
59.7000000000006    1.06728339831967e-05    1385.54769882329    1385.51812369781
59.8000000000006    1.06708641294748e-05    1412.53540545619    1412.50525983109
59.9000000000006    1.06688943423157e-05    1440.04647604357    1440.015748964
60.0000000000006    1.06669249230234e-05    1468.09101488241    1468.05969518322
60.1000000000006    1.06649553949015e-05    1496.67932046672    1496.6473967708
60.2000000000006    1.06629862177149e-05    1525.82188920289    1525.7893499143
60.3000000000006    1.0661017323457e-05    1555.5294191956    1555.49625249702
60.4000000000006    1.0659048220193e-05    1585.81281410609    1585.77900795592
60.5000000000006    1.06570796245957e-05    1616.68318708363    1616.64872920794
60.6000000000006    1.0655111206207e-05    1648.15186477196    1648.11674266338
60.7000000000006    1.06531428233667e-05    1680.23039139189    1680.19459230459
60.8000000000006    1.06511744739061e-05    1712.93053290157    1712.89404384628
60.9000000000006    1.06492064577979e-05    1746.26428123588    1746.22708897423
61.0000000000006    1.06472385395813e-05    1780.24385862653    1780.20594966811
61.1000000000006    1.06452708363851e-05    1814.88172200437    1814.84308260076
61.2000000000006    1.06433030497946e-05    1850.1905674855    1850.15118362685
61.3000000000006    1.06413355502812e-05    1886.18333494277    1886.14319235039
61.4000000000006    1.06393680607242e-05    1922.87321266429    1922.83229678792
61.5000000000006    1.06374010324659e-05    1960.27364210058    1960.23193811048
61.6000000000006    1.06354339650744e-05    1998.39832270198    1998.35581548727
61.7000000000006    1.06334671119491e-05    2037.26121684808    2037.21789100849
61.8000000000006    1.06315003528958e-05    2076.87655487078    2076.83239471261
61.9000000000006    1.06295338637785e-05    2117.25884017285    2117.21382970221
62.0000000000006    1.0627567300943e-05    2158.42285444383    2158.37697736309
62.1000000000006    1.06256009643961e-05    2200.383662975    2200.33690267432
62.2000000000006    1.06236345925094e-05    2243.15662007549    2243.10895962928
62.3000000000006    1.06216685819885e-05    2286.75737459126    2286.70879674932
62.4000000000006    1.0619702630275e-05    2331.20187552919    2331.15236271362
62.5000000000006    1.06177368083816e-05    2376.50637778797    2376.45591208532
62.6000000000006    1.06157712482281e-05    2422.68744799795    2422.63601115248
62.7000000000006    1.06138057503358e-05    2469.76197047195    2469.70954388079
62.8000000000006    1.06118402839686e-05    2517.74715326914    2517.69371797486
62.9000000000006    1.06098751105478e-05    2566.66053437404    2566.60607105644
63.0000000000006    1.06079100710996e-05    2616.5199879928    2616.4644769642
63.1000000000006    1.06059450686571e-05    2667.34373096925    2667.28715216714
63.2000000000006    1.06039801211842e-05    2719.15032932254    2719.09266230196
63.3000000000006    1.06020152980168e-05    2771.95870490916    2771.89992883511
63.4000000000006    1.06000507138489e-05    2825.78814221137    2825.72823585116
63.5000000000006    1.05980861434841e-05    2880.65829525468    2880.59723697225
63.6000000000006    1.05961218665958e-05    2936.5891946566    2936.52696240206
63.7000000000006    1.05941577421532e-05    2993.60125480931    2993.53782611346
63.8000000000006    1.05921937935871e-05    3051.71528119864    3051.65063316408
63.9000000000006    1.05902296910228e-05    3110.95247786194    3110.88658715714
64.0000000000006    1.05882659495065e-05    3171.33445498747    3171.2672978333
64.1000000000006    1.05863022041033e-05    3232.88323665794    3232.81478882468
64.2000000000006    1.05843386277124e-05    3295.62126874101    3295.55150553642
64.3000000000006    1.05823750441634e-05    3359.5714269295    3359.5003231923
64.4000000000006    1.05804116634008e-05    3424.75702493414    3424.68455502256
64.5000000000006    1.05784483242261e-05    3491.20182283179    3491.127960617
64.6000000000006    1.05764853746639e-05    3558.93003557209    3558.85475442536
64.7000000000006    1.0574522369695e-05    3627.96634164547    3627.88961443435
64.8000000000006    1.0572559418314e-05    3698.3358919156    3698.25769099045
64.9000000000006    1.05705966537109e-05    3770.06431861931    3769.98461580327
65.0000000000006    1.0568634095717e-05    3843.17774453708    3843.09651111692
65.1000000000006    1.05666715571511e-05    3917.70279233756    3917.61999905508
65.2000000000006    1.05647091552361e-05    3993.66659409901    3993.58221113844
65.3000000000006    1.05627468982835e-05    4071.09680101134    4071.01079798955
65.4000000000006    1.0560784641507e-05    4150.02159326203    4149.93393921912
65.5000000000006    1.05588225904331e-05    4230.46969010947    4230.38035349489
65.6000000000005    1.05568605431638e-05    4312.47036014721    4312.37930881205
65.7000000000005    1.05548986144373e-05    4396.05343176284    4395.96063294577
65.8000000000005    1.0552937031014e-05    4481.24930379494    4481.15472410959
65.9000000000005    1.05509753832781e-05    4568.08895639216    4567.99256182096
66.0000000000005    1.05490139924337e-05    4656.60396207785    4656.50571795353
66.1000000000005    1.05470525605032e-05    4746.8264970244    4746.72636802335
66.2000000000005    1.05450911677022e-05    4838.78935254098    4838.68730266738
66.3000000000005    1.05431301743941e-05    4932.52594677891    4932.42193934918
66.4000000000005    1.05411690956629e-05    5028.07033665867    5027.96433429677
66.5000000000005    1.05392079939952e-05    5125.45723002294    5125.34919464192
66.6000000000005    1.05372472577973e-05    5224.7219980195    5224.61189080463
66.7000000000005    1.05352864763389e-05    5325.90068771887    5325.78846912215
66.8000000000005    1.0533325831765e-05    5429.03003497083    5428.91566469092
66.9000000000005    1.05313654053031e-05    5534.14747750422    5534.0309144732
67.0000000000005    1.05294050002296e-05    5641.29116827482    5641.17237064682
67.1000000000005    1.05274447243433e-05    5750.49998906589    5750.37891419895
67.2000000000005    1.05254844913759e-05    5861.81356434588    5861.69016878915
67.3000000000005    1.05235244858687e-05    5975.27227538855    5975.14651486379
67.4000000000004    1.05215645496889e-05    6090.9172746601    6090.78910405011
67.5000000000004    1.05196045300514e-05    6208.79050047869    6208.65987381148
67.6000000000004    1.05176447915547e-05    6328.93469195108    6328.80156237729
67.7000000000004    1.05156850281765e-05    6451.39340419199    6451.2577239767
67.8000000000004    1.05137256167518e-05    6576.21102383143    6576.07274432865
67.9000000000004    1.05117661338275e-05    6703.4327848152    6703.29185646115
68.0000000000004    1.05098068335101e-05    6833.10478450444    6832.96115679123
68.1000000000004    1.05078476172566e-05    6965.27400007935    6965.12762154187
68.2000000000004    1.05058883846793e-05    7099.98830525331    7099.83912345127
68.3000000000004    1.05039294678728e-05    7237.29648730277    7237.14444879609
68.4000000000004    1.05019703601604e-05    7377.24826441924    7377.09331476129
68.5000000000004    1.05000116807495e-05    7519.89430338915    7519.73638709122
68.6000000000004    1.04980529995147e-05    7665.28623760797    7665.12529813517
68.7000000000004    1.0496094322711e-05    7813.47668543491    7813.31266517992
68.8000000000004    1.0494135826351e-05    7964.5192688943    7964.35210915449
68.9000000000004    1.04921773375741e-05    8118.46863273062    8118.29827369284
69.0000000000004    1.04902189449863e-05    8275.3804638235    8275.20684453897
69.1000000000003    1.04882607101103e-05    8435.31151096953    8435.13456933274
69.2000000000003    1.04863026659913e-05    8598.31960503777    8598.13927776514
69.3000000000003    1.04843447408973e-05    8764.46367950602    8764.27990211544
69.4000000000003    1.04823867452863e-05    8933.80379138496    8933.61649817535
69.5000000000003    1.04804289623407e-05    9106.40114253734    9106.21026655725
69.6000000000003    1.04784712128849e-05    9282.31810139988    9282.1235744322
69.7000000000003    1.04765136181378e-05    9461.61822511536    9461.41997764793
69.8000000000003    1.04745560755598e-05    9644.36628208257    9644.16424328797
69.9000000000003    1.04725987636229e-05    9830.62827493214    9830.42237263743
70.0000000000003    1.04706413225994e-05    10020.471463936    10020.261624608
70.1000000000003    1.04686841875187e-05    10213.964390859    10213.7505395627
70.2000000000003    1.04667270793847e-05    10411.1769032601    10410.9589636467
70.3000000000003    1.04647700721249e-05    10612.180179253    10611.9580735262
70.4000000000003    1.04628130930816e-05    10817.0467527335    10816.820401625
70.5000000000003    1.04608562999046e-05    11025.850539083    11025.6198618199
70.6000000000003    1.04588995397459e-05    11238.6668613567    11238.4317756401
70.7000000000003    1.04569429029198e-05    11455.5724769665    11455.3328989372
70.8000000000003    1.04549863907911e-05    11676.6456048668    11676.4014490776
70.9000000000002    1.04530298614667e-05    11901.965953253    11901.7171326429
71.0000000000002    1.04510736502083e-05    12131.6147477832    12131.3611736349
71.1000000000002    1.04491173919295e-05    12365.6747603315    12365.4163422574
71.2000000000002    1.04471613567254e-05    12604.2303382836    12603.9669841786
71.3000000000002    1.04452053130117e-05    12847.3674343849    12847.099050407
71.4000000000002    1.04432493070569e-05    13095.1736371516    13094.9001276819
71.5000000000002    1.04412934631272e-05    13347.7382018545    13347.4594694616
71.6000000000002    1.04393375698652e-05    13605.1520820877    13604.8680275025
71.7000000000002    1.04373819809438e-05    13867.5079619313    13867.2184839972
71.8000000000002    1.0435426478445e-05    14134.9002887211    14134.6052843741
71.9000000000002    1.04334708799249e-05    14407.4253064361    14407.124670668
72.0000000000002    1.04315156874343e-05    14685.1810897143    14684.8747155164
72.1000000000002    1.04295604239308e-05    14968.2675785101    14967.9553568641
72.2000000000002    1.0427605221585e-05    15256.7866134047    15256.468433227
72.3000000000002    1.04256500754807e-05    15550.8419715815    15550.5177196885
72.4000000000002    1.04236951279642e-05    15850.5394034791    15850.2089645428
72.5000000000002    1.04217400994519e-05    16155.9866701347    16155.6499266559
72.6000000000002    1.04197853602853e-05    16467.2935812313    16466.9504134778
72.7000000000001    1.04178306128106e-05    16784.5720338604    16784.2223198469
72.8000000000001    1.0415876140606e-05    17107.9360520159    17107.5796674421
72.9000000000001    1.04139215280438e-05    17437.501826831    17437.1386450619
73.0000000000001    1.04119672362268e-05    17773.3877575725    17773.017649564
73.1000000000001    1.04100129034627e-05    18115.7144934069    18115.33732769
73.2000000000001    1.04080586069493e-05    18464.6049759539    18464.2206185728
73.3000000000001    1.04061044054523e-05    18820.1844826386    18819.7927971052
73.4000000000001    1.0404150386189e-05    19182.5806708618    19182.1815181064
73.5000000000001    1.04021965604692e-05    19551.923623    19551.5168613259
73.6000000000001    1.04002426880722e-05    19928.3458922534    19927.9313772971
73.7000000000001    1.03982889077028e-05    20311.982549355    20311.5601340217
73.8000000000001    1.03963351096357e-05    20702.9712301605    20702.5407645824
73.9000000000001    1.03943818006987e-05    21101.4521841311    21101.0135155897
74.0000000000001    1.03924282441984e-05    21507.5683237309    21507.1212966555
74.1000000000001    1.03904747272377e-05    21921.4652747513    21921.0097306228
74.2000000000001    1.03885216324807e-05    22343.291427583    22342.8272048729
74.3000000000001    1.0386568206317e-05    22773.1979894518    22772.7249236169
74.4    1.03846151076558e-05    23211.3390376367    23210.8569609988
74.5    1.03826621986497e-05    23657.8715736885    23657.3803154113
74.6    1.03807093696392e-05    24112.9555786678    24112.4549646967
74.7    1.03787564109073e-05    24576.7540694216    24576.2439224286
74.8    1.03768037933465e-05    25049.4331559173    25048.9132952058
74.9    1.03748509474507e-05    25531.1620996548    25530.6323411484
75    1.03728985618566e-05    26022.1133731759    26021.5735292909
75.1    1.03709460851788e-05    26522.4627206924    26521.9126003358
75.2    1.03689937652198e-05    27032.3892198534    27031.8286283156
75.3    1.03670415532622e-05    27552.0753446731    27551.5040835754
75.4    1.03650893184869e-05    28081.7070296404    28081.1248968711
75.5    1.03631370878809e-05    28621.4737350334    28620.880524669
75.6    1.03611852265468e-05    29171.5685134602    29170.964015674
75.7    1.03592333137965e-05    29732.1880776493    29731.5720786841
75.8    1.03572815149416e-05    30303.5328695143    30302.9051515741
75.9    1.03553298160923e-05    30885.8071305142    30885.1674716991
76    1.0353378197375e-05    31479.2189733354    31478.5671475652
76.1    1.03514266726692e-05    32083.9804549195    32083.3162318531
76.1999999999999    1.03494754015192e-05    32700.3076508623    32699.6307958081
76.2999999999999    1.03475239773663e-05    33328.4207312088    33327.7310050804
76.3999999999999    1.03455725260381e-05    33968.5440376717    33967.8411968711
76.4999999999999    1.03436214120647e-05    34620.9061622981    34620.1899586137
76.5999999999999    1.03416704594039e-05    35285.740027613    35285.01020817
76.6999999999999    1.03397193997544e-05    35963.2829682669    35962.5392754473
76.7999999999999    1.03377687504692e-05    36653.7768142155    36653.0189855127
76.8999999999999    1.03358176491143e-05    37357.4679754593    37356.6957434873
76.9999999999999    1.03338669704207e-05    38074.6075283733    38073.8206206468
77.0999999999999    1.03319164253494e-05    38805.4513036558    38804.6494425812
77.1999999999999    1.0329965902734e-05    39550.2599759277    39549.4428786943
77.2999999999999    1.03280155640736e-05    40309.2991550109    40308.4665334721
77.3999999999999    1.03260650566183e-05    41082.8394789196    41081.9910395343
77.4999999999999    1.03241149464133e-05    41871.1567085942    41870.2921522504
77.5999999999999    1.03221647301471e-05    42674.5318244123    42673.6508464114
77.6999999999999    1.03202148452243e-05    43493.2511245086    43492.3534143813
77.7999999999999    1.03182648719596e-05    44327.6063249377    44326.6915664101
77.8999999999998    1.03163148924506e-05    45177.894661716    45176.9625325571
77.9999999999998    1.03143650202955e-05    46044.4189947732    46043.4691666808
78.0999999999998    1.03124154705198e-05    46927.4879138548    46926.5200523311
78.1999999999998    1.03104656506517e-05    47827.4158464077    47826.4296107197
78.2999999999998    1.03085163286316e-05    48744.5231674876    48743.5182104212
78.3999999999998    1.03065668871989e-05    49679.1363117254    49678.1122795971
78.4999999999998    1.03046175680174e-05    50631.5878873924    50630.5444198448
78.5999999999998    1.03026683232741e-05    51602.2167925998    51601.1535225056
78.6999999999998    1.03007191212983e-05    52591.3683336775    52590.284887011
78.7999999999998    1.02987701299454e-05    53599.3943457677    53598.2903414547
78.8999999999998    1.02968212194171e-05    54626.6533156785    54625.5283654959
78.9999999999998    1.02948724851513e-05    55673.5105070374    55672.3642154553
79.0999999999998    1.02929235182975e-05    56740.3380877886    56739.1700518904
79.1999999999998    1.02909746957412e-05    57827.5152600771    57826.3250693328
79.2999999999998    1.02890262231936e-05    58935.4283925628    58934.2156287046
79.3999999999998    1.02870778322255e-05    60064.4711552143    60063.2353921472
79.4999999999998    1.02851294613899e-05    61215.0446566237    61213.7854602562
79.5999999999998    1.02831809060343e-05    62387.5575838925    62386.2745120047
79.6999999999997    1.02812327237991e-05    63582.4263451332    63581.1189471301
79.7999999999997    1.0279284695217e-05    64800.0752146391    64798.7430314902
79.8999999999997    1.02773364476489e-05    66040.9364807714    66039.5790448751
79.9999999999997    1.02753886681751e-05    67305.45059661    67304.0674314938
80.0999999999997    1.02734407900058e-05    68594.0663334252    68592.6569537463
80.1999999999997    1.02714930131193e-05    69907.2409370193    69905.8048482964
80.2999999999997    1.0269545384263e-05    71245.4402869919    71243.9769854544
80.3999999999997    1.02675977585983e-05    72609.1390589839    72607.6480314262
80.4999999999997    1.02656502479559e-05    73998.8208899562    73997.3016135246
80.5999999999997    1.02637028623015e-05    75414.9785465582    75413.4304885847
80.6999999999997    1.02617554530465e-05    76858.1140966443    76856.5367144882
80.7999999999997    1.02598082647196e-05    78328.7390839974    78327.1318247984
80.8999999999997    1.02578610222587e-05    79827.3747063182    79825.7370068865
80.9999999999997    1.02559140571176e-05    81354.5519965415    81352.8832830688
81.0999999999997    1.02539671838777e-05    82910.8120075413    82909.1116954852
81.1999999999997    1.02520204210947e-05    84496.7060002882    84494.9734941391
81.2999999999997    1.02500734533694e-05    86112.795635523    86111.0303286564
81.3999999999997    1.02481268146293e-05    87759.6531690097    87757.8544433335
81.4999999999996    1.02461801300832e-05    89437.8616504383    89436.0288763354
81.5999999999996    1.02442336310894e-05    91148.0151260439    91146.1476620507
81.6999999999996    1.02422874095941e-05    92890.7188450084    92888.8160376173
81.7999999999996    1.02403409560237e-05    94666.5894697207    94664.6506532682
81.8999999999996    1.02383947351173e-05    96476.2552899608    96474.2797862183
81.9999999999996    1.02364485775067e-05    98320.3564410849    98318.343559144
82.0999999999996    1.02345026876184e-05    100199.545126285    100197.494162248
82.1999999999996    1.02325566193888e-05    102114.485842998    102112.396079866
82.2999999999996    1.02306106663889e-05    104065.855613544    104063.726320823
82.3999999999996    1.02286650976271e-05    106054.344220062    106052.174653515
82.4999999999996    1.02267192686281e-05    108080.654443844    108078.443845428
82.5999999999996    1.02247737040489e-05    110145.502309125    110143.249906484
82.6999999999996    1.02228282375646e-05    112249.61733143    112247.322337776
82.7999999999996    1.02208829368986e-05    114393.742770548    114391.404384341
82.8999999999996    1.02189374461126e-05    116578.635888236    116576.253293008
82.9999999999996    1.02169923765405e-05    118805.068210722    118802.640574573
83.0999999999996    1.02150471558261e-05    121073.825796112    121071.3522717
83.1999999999995    1.02131020994094e-05    123385.709506782    123383.189230824
83.2999999999995    1.02111572462281e-05    125741.53528685    125738.967379892
83.3999999999995    1.02092124832087e-05    128142.134444824    128139.518010979
83.4999999999995    1.02072676564525e-05    130588.353941528    130585.688068176
83.5999999999995    1.02053228245126e-05    133081.056683382    133078.340440811
83.6999999999995    1.02033782749951e-05    135621.121821166    135618.354262188
83.7999999999995    1.02014338402104e-05    138209.445054343    138206.625214089
83.8999999999995    1.0199489384547e-05    140846.938941063    140844.06583665
83.9999999999995    1.01975451791848e-05    143534.533213943    143531.60584402
84.0999999999995    1.01956007133311e-05    146273.175101728    146270.192446361
84.1999999999995    1.01936566154883e-05    149063.829656958    149060.79067695
84.2999999999995    1.01917125894634e-05    151907.480089729    151904.383726531
84.3999999999995    1.01897687264253e-05    154805.128107678    154801.973282919
84.4999999999995    1.01878249366685e-05    157757.794262312    157754.579877479
84.5999999999995    1.01858810705523e-05    160766.518301772    160763.24323786
84.6999999999995    1.01839374248741e-05    163832.359530182    163829.02264717
84.7999999999995    1.01819938931019e-05    166956.397173687    166952.997310271
84.8999999999995    1.01800503248241e-05    170139.730753307    170136.266726528
84.9999999999994    1.01781070532613e-05    173383.480464737    173379.951069409
85.0999999999994    1.01761637672778e-05    176688.787565222    176685.191573739
85.1999999999994    1.0174220472242e-05    180056.814767631    180053.150929446
85.2999999999994    1.01722773424281e-05    183488.74664187    183485.013683002
85.3999999999994    1.01703342652446e-05    186985.790023768    186981.986646475
85.4999999999994    1.01683913870582e-05    190549.174431577    190545.299313812
85.5999999999994    1.01664484482186e-05    194180.15249022    194176.204285339
85.6999999999994    1.01645057484803e-05    197880.000363439    197875.977699525
85.7999999999994    1.01625630101785e-05    201650.018193984    201645.919673604
85.8999999999994    1.01606203407973e-05    205491.530551991    205487.354751569
85.9999999999994    1.01586780355505e-05    209405.886891706    209401.632360959
86.0999999999994    1.01567354394424e-05    213394.462016704    213390.127278541
86.1999999999994    1.01547933153941e-05    217458.656553769    217454.240103193
86.2999999999994    1.0152850945374e-05    221599.897435575    221595.397739803
86.3999999999994    1.01509089013866e-05    225819.63839236    225815.053889742
86.4999999999994    1.01489670172359e-05    230119.360452735    230114.689552542
86.5999999999994    1.01470250074103e-05    234500.572453813    234495.813535756
86.6999999999993    1.01450831545759e-05    238964.811560813    238959.962974234
86.7999999999993    1.01431413267374e-05    243513.64379634    243508.703859839
86.8999999999993    1.01411996733512e-05    248148.66457949    248143.631580218
86.9999999999993    1.01392580985936e-05    252871.499274986    252866.371468184
87.0999999999993    1.01373165932352e-05    257683.803752521    257678.579360883
87.1999999999993    1.01353752548933e-05    262587.264956493    262581.942169506
87.2999999999993    1.0133433960951e-05    267583.601486331    267578.178459775
87.3999999999993    1.01314927917884e-05    272674.564187604    272669.039042819
87.4999999999993    1.01295516204748e-05    277861.936754118    277856.307577475
87.5999999999993    1.01276104417492e-05    283147.536341189    283141.801183381
87.6999999999993    1.01256696970795e-05    288533.21419032    288527.371065438
87.7999999999993    1.01237288489508e-05    294020.856265476    294014.903150895
87.8999999999993    1.01217879470425e-05    299612.383901186    299606.318736544
87.9999999999993    1.01198473361236e-05    305309.754462664    305303.575148987
88.0999999999993    1.01179067680128e-05    311114.962018209    311108.666417548
88.1999999999993    1.01159664764814e-05    317030.038024078    317023.623958489
88.2999999999993    1.01140259686301e-05    323057.052022083    323050.517273349
88.3999999999993    1.01120856909114e-05    329198.112350138    329191.454658418
88.4999999999992    1.01101454057661e-05    335455.366865985    335448.583929489
88.5999999999992    1.01082055635573e-05    341831.003684375    341824.093158121
88.6999999999992    1.01062653842036e-05    348327.251927914    348320.21142377
88.7999999999992    1.0104325280535e-05    354946.382491859    354939.209576924
88.8999999999992    1.01023855151729e-05    361690.708823084    361683.401018955
88.9999999999992    1.01004457994806e-05    368562.587713525    368555.142495843
89.0999999999992    1.00985062088854e-05    375564.420108333    375556.834905676
89.1999999999992    1.00965667935609e-05    382698.651929023    382690.924122045
89.2999999999992    1.00946272340838e-05    389967.774911893    389959.901832726
89.3999999999992    1.00926877710881e-05    397374.327461994    397366.306392918
89.4999999999992    1.00907485486768e-05    404920.895522939    404912.723695521
89.5999999999992    1.00888093489604e-05    412610.113462839    412601.788057292
89.6999999999992    1.00868703818447e-05    420444.664976675    420436.183120554
89.7999999999992    1.00849311141443e-05    428427.284005403    428418.642773256
89.8999999999992    1.0082992356465e-05    436560.755672083    436551.952083325
89.9999999999992    1.00810534047323e-05    444847.917235383    444838.948254578
90.0999999999992    1.00791146328581e-05    453291.659060744    453282.521595654
90.1999999999992    1.0077176033093e-05    461894.925609554    461885.616510416
90.2999999999991    1.00752374914697e-05    470660.716446649    470651.232505209
90.3999999999991    1.00732991245732e-05    479592.087266485    479582.425214708
90.4999999999991    1.00713606269291e-05    488692.150938336    488682.307447698
90.5999999999991    1.00694224000833e-05    497964.078570839    497954.050250524
90.6999999999991    1.00674842106995e-05    507411.100596274    507400.883992642
90.7999999999991    1.00655462333574e-05    517036.507874928    517026.099469945
90.8999999999991    1.00636082887621e-05    526843.652819914    526833.049030324
90.9999999999991    1.00616702624847e-05    536835.950542829    536825.147718885
91.0999999999991    1.00597324393854e-05    547016.880020618    547005.874444426
91.1999999999991    1.00577946666772e-05    557389.985284052    557378.773168778
91.2999999999991    1.00558570169699e-05    567958.876628215    567947.454116568
91.3999999999991    1.00539195423201e-05    578727.2318454    578715.595008344
91.4999999999991    1.00519821222371e-05    589698.797480831    589686.942316459
91.5999999999991    1.00500448836638e-05    600877.390111626    600865.312543526
91.6999999999991    1.00481074931698e-05    612266.897649441    612254.59352587
91.7999999999991    1.00461704685123e-05    623871.280667213    623858.745758668
91.8999999999991    1.0044233307263e-05    635694.57375046    635681.803749503
91.999999999999    1.00422962456141e-05    647740.886873596    647727.877392488
92.099999999999    1.00403593358235e-05    660014.406801688    660001.153371135
92.199999999999    1.00384226354065e-05    672519.398518171    672505.896585803
92.299999999999    1.00364858184612e-05    685260.206678964    685246.451608324
92.399999999999    1.00345493361064e-05    698241.257093482    698227.24416141
92.499999999999    1.00326127735758e-05    711467.058233044    711452.782629273
92.599999999999    1.00306763750918e-05    724942.202767179    724927.659591804
92.699999999999    1.00287400853256e-05    738671.369128337    738656.553390581
92.799999999999    1.00268037853445e-05    752659.323105537    752644.229722176
92.899999999999    1.00248676237061e-05    766910.91946748    766895.543260731
92.999999999999    1.00229315366623e-05    781431.103615663    781415.439311761
93.099999999999    1.0020995768749e-05    796224.913268058    796208.955494997
93.199999999999    1.00190597481383e-05    811297.480173916    811281.223460938
93.299999999999    1.00171240947296e-05    826654.031860253    826637.470634107
93.399999999999    1.00151882285897e-05    842299.89341062    842283.021995635
93.499999999999    1.00132525848842e-05    858240.489276742    858223.301891248
93.599999999999    1.0011317214615e-05    874481.345123617    874463.835878619
93.699999999999    1.00093817923314e-05    891028.089708731    891010.252606594
93.7999999999989    1.00074464847739e-05    907886.45679597    907868.285727555
93.8999999999989    1.00055112699526e-05    925062.287104887    925043.775847824
93.9999999999989    1.00035760431255e-05    942561.530295976    942542.672512734
94.0999999999989    1.00016411063139e-05    960390.246992607    960371.036227601
94.1999999999989    9.99970619995214e-06    978554.610840304    978535.040518783
94.2999999999989    9.99777116845652e-06    997060.910604056    997040.974029726
94.3999999999989    9.99583649979806e-06    1015915.55230433    1015895.24265582
94.4999999999989    9.99390165820574e-06    1035125.06139253    1035104.37172316
94.5999999999989    9.99196733462027e-06    1054696.08496662    1054675.00819956
94.6999999999989    9.99003280097082e-06    1074635.39402764    1074613.92295647
94.7999999999989    9.98809827755074e-06    1094949.88577789    1094928.01306222
94.8999999999989    9.98616415611202e-06    1115646.58596143    1115624.30412405
94.9999999999989    9.98422980246044e-06    1136732.65124796    1136709.95267456
95.0999999999989    9.98229588798923e-06    1158215.37166045    1158192.24859419
95.1999999999989    9.98036178329352e-06    1180102.17304779    1180078.61758962
95.2999999999989    9.97842769652229e-06    1202400.61960285    1202376.623707
95.3999999999989    9.97649395858561e-06    1225118.41642716    1225093.97189807
95.4999999999988    9.97456021412709e-06    1248263.41214275    1248238.510634
95.5999999999988    9.9726265470033e-06    1271843.60155231    1271818.23456276
95.6999999999988    9.97069306794989e-06    1295867.12834825    1295841.28721912
95.7999999999988    9.96875946821799e-06    1320342.28787183    1320315.96378488
95.8999999999988    9.96682612785231e-06    1345277.52992309    1345250.71389589
95.9999999999988    9.96489307114047e-06    1370681.46162266    1370654.14450648
96.0999999999988    9.9629597603461e-06    1396562.85032625    1396535.02280453
96.1999999999988    9.9610266787217e-06    1422930.62659288    1422902.27917538
96.2999999999988    9.95909365551462e-06    1449793.88720787    1449765.01022925
96.3999999999988    9.95716073955242e-06    1477161.89826146    1477132.48187745
96.4999999999988    9.95522802043263e-06    1505044.09828423    1505014.13246819
96.5999999999988    9.95329517083314e-06    1533450.10144024    1533419.57598109
96.6999999999988    9.95136273778495e-06    1562389.70077906    1562358.6052752
96.7999999999988    9.94943019162511e-06    1591872.87154762    1591841.19540676
96.8999999999988    9.94749763668475e-06    1621909.77456319    1621877.50699687
96.9999999999988    9.94556533618123e-06    1652510.75964837    1652477.88966782
97.0999999999988    9.94363303066726e-06    1683686.3691294    1683652.88554356
97.1999999999988    9.94170094577969e-06    1715447.34139889    1715413.23280907
97.2999999999987    9.93976887420965e-06    1747804.61454415    1747769.8693417
97.3999999999987    9.93783695172458e-06    1780769.33004233    1780733.93640356
97.4999999999987    9.93590486143848e-06    1814352.83652355    1814316.78240744
97.5999999999987    9.93397339167678e-06    1848566.69360338    1848529.96674353
97.6999999999987    9.93204164216753e-06    1883422.67578578    1883385.26369247
97.7999999999987    9.93010983605785e-06    1918932.77643796    1918894.66638992
97.8999999999987    9.92817855388283e-06    1955109.21183829    1955070.39087701
97.9999999999987    9.92624708595607e-06    1991964.4252988    1991924.88022919
98.0999999999987    9.92431572388922e-06    2029511.09136348    2029470.80874559
98.1999999999987    9.92238450587107e-06    2067762.12008383    2067721.08622934
98.2999999999987    9.92045343012901e-06    2106730.66137304    2106688.86234087
98.3999999999987    9.91852241602527e-06    2146430.10944035    2146387.53103235
98.4999999999987    9.91659147108232e-06    2186874.10730686    2186830.73506272
98.5999999999987    9.91466068591698e-06    2228076.55140449    2228032.37059655
98.6999999999987    9.91272967113279e-06    2270051.59625944    2270006.59188993
98.7999999999987    9.91079927048982e-06    2312813.65926184    2312767.81605232
98.8999999999987    9.90886863688562e-06    2356377.42552297    2356330.72791696
98.9999999999986    9.90693821477452e-06    2400757.85282202    2400710.28497384
99.0999999999986    9.90500779092299e-06    2445970.17664348    2445921.72241611
99.1999999999986    9.90307745907733e-06    2492029.91530738    2491980.5582656
99.2999999999986    9.90114732980786e-06    2538952.87519366    2538902.59859849
99.3999999999986    9.89921729737492e-06    2586755.15606263    2586703.94286683
99.4999999999986    9.89728713635732e-06    2635453.15647322    2635400.98931629
99.5999999999986    9.8953572528976e-06    2685063.57930068    2685010.44049978
99.6999999999986    9.89342739875871e-06    2735603.43735577    2735549.30890329
99.7999999999986    9.89149785792118e-06    2787090.05910709    2787034.92266178
99.8999999999986    9.88956814808443e-06    2839541.09450864    2839484.93139375
99.9999999999986    9.88763862353147e-06    2892974.5209343    2892917.31212674
100.099999999999    9.88570925143511e-06    2947408.64922132    2947350.37534749
100.199999999999    9.88377982339381e-06    3002862.12982489    3002802.77115531
100.299999999999    9.88185070792048e-06    3059353.9590856    3059293.49552492
100.399999999999    9.87992142275008e-06    3116903.48561207    3116841.89669752
100.499999999999    9.87799239081681e-06    3175530.41678069    3175467.6816698
100.599999999999    9.87606340492965e-06    3235254.8253547    3235190.92282224
100.699999999999    9.87413461202404e-06    3296097.15622482    3296032.06465351
100.799999999999    9.8722059218609e-06    3358078.23327348    3358011.93064839
100.899999999999    9.87027705484242e-06    3421219.26636517    3421151.73026772
100.999999999999    9.86834856600981e-06    3485541.85846495    3485473.06605981
101.099999999999    9.86642003734281e-06    3551068.01288758    3550997.94092175
101.199999999999    9.86449162734363e-06    3617820.14067976    3617748.76547087
101.299999999999    9.86256326830504e-06    3685821.06813767    3685748.36556775
101.399999999999    9.86063502301798e-06    3755094.04446249    3755019.98996901
101.499999999999    9.85870690384916e-06    3825662.74955626    3825587.31812439
101.599999999999    9.85677912740666e-06    3897551.30196082    3897474.46811352
101.699999999998    9.85485095510573e-06    3970784.2669423    3970706.00473931
101.799999999998    9.85292320941929e-06    4045386.66472378    4045306.9477409
101.899999999998    9.8509954519452e-06    4121383.97886896    4121302.78019918
101.999999999998    9.84906793587118e-06    4198802.16481955    4198719.45705861
102.099999999998    9.84714028306257e-06    4277667.65858916    4277583.41383169
102.199999999998    9.84521277500327e-06    4358007.38561646    4357921.5754413
102.299999999998    9.84328552121789e-06    4439848.7697807    4439761.36524282
102.399999999998    9.84135826706814e-06    4523219.74258241    4523130.71420655
102.499999999998    9.8394310113215e-06    4608148.75249238    4608058.07026116
102.599999999998    9.83750386219466e-06    4694664.77447188    4694572.40781484
102.699999999998    9.83557699350096e-06    4782797.31966727    4782703.23745006
102.799999999998    9.83364999941755e-06    4872576.44528235    4872480.61580199
102.899999999998    9.83172328191055e-06    4964032.76463146    4963935.15559812
102.999999999998    9.82979655028452e-06    5057197.45737665    5057098.03590971
103.099999999998    9.82786992013192e-06    5152102.27995252    5152001.01256571
103.199999999998    9.82594348331409e-06    5248779.57618173    5248676.4287723
103.299999999998    9.82401702037945e-06    5347262.28808513    5347157.2259258
103.399999999998    9.82209066953094e-06    5447583.96688966    5447476.95461344
103.499999999998    9.82016438604491e-06    5549778.7842378    5549669.78582824
103.599999999998    9.81823826702743e-06    5653881.54360226    5653770.52238003
103.699999999998    9.81631216321571e-06    5759927.69190958    5759814.6105231
103.799999999998    9.81438640014037e-06    5867953.33137648    5867838.15178415
103.899999999998    9.8124605827831e-06    5977995.23156279    5977877.91502881
103.999999999998    9.81053473298113e-06    6090090.84164507    6089971.34872191
104.099999999998    9.80860913872755e-06    6204278.30291457    6204156.59342665
104.199999999998    9.8066834559931e-06    6320596.46150402    6320472.49454223
104.299999999998    9.80475812903431e-06    6439084.88134722    6438958.61524556
104.399999999998    9.80283265497236e-06    6559783.85737564    6559655.24970954
104.499999999998    9.80090753959166e-06    6682734.42895642    6682603.43651576
104.599999999998    9.79898223344969e-06    6807978.39357616    6807844.9723649
104.699999999998    9.79705730862105e-06    6935558.32077487    6935422.42598157
104.799999999998    9.79513227599218e-06    7065517.56633478    7065379.15233224
104.899999999998    9.79320721760178e-06    7197900.28672858    7197759.30705115
104.999999999998    9.79128239124131e-06    7332751.45383168    7332607.86115726
105.099999999998    9.78935785084082e-06    7470116.86990348    7469970.61604075
105.199999999998    9.78743307195596e-06    7610043.18284259    7609894.21872391
105.299999999998    9.78550859950984e-06    7752577.90172075    7752426.17737
105.399999999998    9.78358424301707e-06    7897769.41260051    7897614.87712766
105.499999999998    9.78165984875137e-06    8045666.99464225    8045509.59622627
105.599999999998    9.77973563884278e-06    8196320.83650524    8196160.52237109
105.699999999998    9.7778114824116e-06    8349782.05304846    8349618.76945535
105.799999999998    9.77588751304437e-06    8506102.70233646    8505936.39455588
105.899999999998    9.77396347568973e-06    8665335.80295595    8665166.41526025
105.999999999998    9.77203972773831e-06    8827535.35164853    8827362.82728214
106.099999999998    9.77011594167369e-06    8992756.34126558    8992580.6224382
106.199999999998    9.76819232717363e-06    9161054.77905094    9160875.80690917
106.299999999998    9.76626868980798e-06    9332487.70525744    9332305.41987274
106.399999999998    9.76434526299612e-06    9507113.21210339    9506927.55244452
106.499999999998    9.76242213224213e-06    9684990.46307494    9684801.36699048
106.599999999998    9.76049853816853e-06    9866179.71258121    9865987.11679572
106.699999999998    9.75857544742676e-06    10050742.3259677    10050546.1660274
106.799999999998    9.75665225583072e-06    10238740.7998951    10238541.0101774
106.899999999998    9.75472946250917e-06    10430238.7830903    10430035.2967602
106.999999999998    9.75280635752878e-06    10625301.0974757    10625093.8464888
107.099999999998    9.75088371792927e-06    10823993.759684    10823782.6747332
107.199999999998    9.74896102066008e-06    11026384.002966    11026169.0134863
107.299999999998    9.74703834628199e-06    11232540.2994976    11232321.3336298
107.399999999998    9.74511595115195e-06    11442532.3830934    11442309.3676571
107.499999999998    9.74319340186223e-06    11656431.2723358    11656204.1328204
107.599999999998    9.74127119549801e-06    11874309.2941243    11874077.9546436
107.699999999998    9.739348930157e-06    12096240.1076552    12096004.4909437
107.799999999998    9.73742676855836e-06    12322298.728839    12322058.7562127
107.899999999998    9.73550470128334e-06    12552561.5551612    12552317.1464966
107.999999999998    9.73358267459972e-06    12787106.3909987    12786857.4647072
108.099999999998    9.73166102727234e-06    13026012.4733951    13025758.9463865
108.199999999998    9.72973928483575e-06    13269360.4983085    13269102.2859846
108.299999999998    9.72781734954331e-06    13517232.6473353    13516969.663553
108.399999999998    9.72589586111966e-06    13769712.6149225    13769444.7719456
108.499999999998    9.72397443340237e-06    14026885.636075    14026612.844573
108.599999999998    9.72205319339249e-06    14288838.5145685    14288560.6835733
108.699999999998    9.72013198029634e-06    14555659.6516756    14555376.6885603
108.799999999998    9.71821065338957e-06    14827439.0754161    14827150.885864
108.899999999998    9.71628974819724e-06    15104268.4703387    15103974.9582928
108.999999999998    9.71436867405853e-06    15386241.2078468    15385942.2755116
109.099999999998    9.71244761335085e-06    15673452.3770754    15673147.9248621
109.199999999998    9.71052703413184e-06    15965998.8163303    15965688.742815
109.299999999998    9.70860648518166e-06    16263979.1451004    16263663.3470196
109.399999999998    9.70668572197384e-06    16567493.7966528    16567172.1688637
109.499999999998    9.70476522991938e-06    16876645.05122    16876317.4866428
109.599999999998    9.70284494211608e-06    17191537.0697931    17191203.459393
109.699999999998    9.70092463033353e-06    17512275.9285283    17511936.1612866
109.799999999998    9.69900428711561e-06    17838969.6537811    17838623.6166511
109.899999999998    9.6970841371543e-06    18171728.257777    18171375.8356388
109.999999999998    9.69516420411286e-06    18510663.7749313    18510304.8505614
110.099999999998    9.6932442937037e-06    18855890.2988303    18855524.7528715
110.199999999998    9.69132444458058e-06    19207524.0198851    19207151.730799
110.299999999998    9.68940485437573e-06    19565683.26367    19565304.107691
110.399999999998    9.68748518117969e-06    19930488.5299585    19930102.3810748
110.499999999998    9.68556575493715e-06    20302062.5324692    20301669.262355
110.599999999998    9.68364597808143e-06    20680530.2393346    20680129.7173461
110.699999999998    9.68172683411491e-06    21066018.9143055    21065611.0073736
110.799999999998    9.67980746297656e-06    21458658.158705    21458242.7313675
110.899999999998    9.67788846244412e-06    21858579.9541449    21858156.868442
110.999999999998    9.67596942915274e-06    22265918.7060185    22265487.8214903
111.099999999998    9.67405034137981e-06    22680811.2877849    22680372.4614098
111.199999999998    9.67213159823264e-06    23103397.0860568    23102950.1721854
111.299999999998    9.67021281613288e-06    23533818.0465086    23533362.8968522
111.399999999998    9.66829416913698e-06    23972218.7206186    23971755.1841752
111.499999999998    9.66637566507117e-06    24418746.3132604    24418274.2362734
111.599999999998    9.66445708326275e-06    24873550.731159    24873069.9570783
111.699999999998    9.66253867821782e-06    25336784.6322272    25336295.0016353
111.799999999998    9.66062053258251e-06    25808603.4757977    25808104.8263657
111.899999999998    9.65870235811759e-06    26289165.5737688    26288657.7402228
111.999999999998    9.65678414877705e-06    26778632.1426779    26778114.9567315
112.099999999998    9.65486614228342e-06    27277167.3567206    27276640.6470068
112.199999999998    9.65294832997319e-06    27784938.4017333    27784401.9937617
112.299999999998    9.65103043901402e-06    28302115.5301553    28301569.2462706
112.399999999998    9.64911295273183e-06    28828872.116989    28828315.7762705
112.499999999998    9.64719521446867e-06    29365384.7167757    29364818.1350438
112.599999999998    9.64527780840776e-06    29911833.1216062    29911256.1112912
112.699999999998    9.64336022485514e-06    30468400.420183    30467812.7903283
112.799999999998    9.64144308056114e-06    31035273.0579558    31034674.6140883
112.899999999998    9.63952583419589e-06    31612640.8983469    31612031.4424845
112.999999999998    9.63760866662732e-06    32200697.285089    32200076.6156324
113.099999999998    9.63569169305844e-06    32799639.1056923    32799007.0173627
113.199999999998    9.6337747441918e-06    33409666.8560638    33409023.1398557
113.299999999998    9.63185792292596e-06    34030984.7062992    34030329.1493941
113.399999999998    9.6299412567108e-06    34663800.567667    34663132.9533697
113.499999999998    9.62802451769442e-06    35308326.1608083    35307646.2684944
113.599999999998    9.62610804873661e-06    35964777.0851726    35964084.6901774
113.699999999998    9.62419151436776e-06    36633372.8897136    36632667.7633068
113.799999999998    9.6222751707064e-06    37314337.1448654    37313619.0541354
113.899999999998    9.62035901376275e-06    38007897.5158247    38007166.223621
113.999999999998    9.61844288141249e-06    38714285.8371609    38713541.1020301
114.099999999998    9.61652674109554e-06    39433738.188779    39432979.7648768
114.199999999998    9.61461080200066e-06    40166494.973258    40165722.6102511
114.299999999998    9.61269509665848e-06    40912800.9945919    40912014.4375898
114.399999999998    9.61077934237681e-06    41672905.5383576    41672104.5278565
114.499999999998    9.6088635427078e-06    42447062.4533348    42446246.7251112
114.599999999998    9.60694814187347e-06    43235530.2346045    43234699.5195914
114.699999999998    9.60503265019034e-06    44038572.1081527    44037726.1324324
114.799999999998    9.60311724683468e-06    44856456.1170079    44855594.6016664
114.899999999998    9.60120190782123e-06    45689455.2089368    45688577.8699912
114.999999999998    9.5992868059771e-06    46537847.325729    46536953.8740179
115.099999999998    9.59737161080248e-06    47401915.4940991    47401005.6352352
115.199999999998    9.59545670562544e-06    48281947.9182332    48281021.3524422
115.299999999998    9.59354197126306e-06    49178238.0740126    49177294.4960828
115.399999999998    9.59162697115246e-06    50091084.804942    50090123.9041585
115.499999999998    9.58971223232208e-06    51020792.4198148    51019813.8797643
115.599999999998    9.58779774209995e-06    51967670.792145    51966674.2906659
115.699999999998    9.58588336447153e-06    52932035.4614002    52931020.6704915
115.799999999998    9.58396885420245e-06    53914207.7360657    53913174.3217944
115.899999999998    9.58205468705391e-06    54914514.7985729    54913462.420889
115.999999999998    9.58014052593881e-06    55933289.812127    55932218.124841
116.099999999998    9.57822634490837e-06    56970872.0294672    56969780.6801057
116.199999999998    9.57631239819105e-06    58027606.9035937    58026495.5332536
116.299999999998    9.57439841603614e-06    59103846.2004976    59102714.4437906
116.399999999998    9.57248469036802e-06    60199948.1139303    60198795.5987994
116.499999999998    9.57057094199383e-06    61316277.3822477    61315103.729915
116.599999999998    9.56865721581603e-06    62453205.4073671    62452010.2321742
116.699999999998    9.56674387485299e-06    63611110.3758754    63609893.2851178
116.799999999998    9.56483035773875e-06    64790377.3823263    64789137.976244
116.899999999998    9.56291703664254e-06    65991398.554767    65990136.4262976
116.999999999998    9.56100385107151e-06    67214573.1825331    67213287.9172354
117.099999999998    9.55909065420871e-06    68460307.8463532    68458999.0222865
117.199999999998    9.55717778780238e-06    69729016.5508056    69727683.7383272
117.299999999998    9.55526487104799e-06    71021120.8591674    71019763.6208937
117.399999999998    9.55335186033871e-06    72337050.0307016    72335667.9213224
117.499999999998    9.55143924066231e-06    73677241.1604223    73675833.7264806
117.599999999998    9.54952656290158e-06    75042139.3213862    75040706.1012672
117.699999999998    9.54761404932041e-06    76432197.7095551    76430738.2332403
117.799999999998    9.54570155195128e-06    77847877.791273    77846391.5802442
117.899999999998    9.54378924925461e-06    79289649.4534074    79288136.0204432
117.999999999998    9.5418769362318e-06    80757991.1562023    80756450.0052813
118.099999999998    9.53996487029186e-06    82253390.0888906    82251820.7149586
118.199999999998    9.53805300580347e-06    83776342.3281157    83774744.216971
118.299999999998    9.53614092133267e-06    85327352.9992146    85325725.6274081
118.399999999998    9.53422910814983e-06    86906936.4404105    86905279.2749241
118.499999999998    9.53231738304047e-06    88515616.3699695    88513928.8681582
118.599999999998    9.53040557148791e-06    90153926.0563752    90152207.6657938
118.699999999998    9.52849425696003e-06    91822408.4915717    91820658.6496611
118.799999999998    9.52658266186904e-06    93521616.5673362    93519834.7014894
118.899999999998    9.52467123796526e-06    95252113.2548312    95250298.7819865
118.999999999998    9.52276027558424e-06    97014471.7873955    97012624.1138742
119.099999999998    9.520848806075e-06    98809275.8466356    98807394.3681969
119.199999999998    9.51893797994189e-06    100637119.751871    100635203.853105
119.299999999997    9.51702681692469e-06    102498608.652995    102496657.707548
119.399999999997    9.51511603086666e-06    104394358.72682    104392372.096851
119.499999999997    9.51320533662106e-06    106324997.376955    106322974.413135
119.599999999997    9.51129464914391e-06    108291163.437291    108289103.478558
119.699999999997    9.50938404687329e-06    110293507.379159    110291409.752467
119.799999999997    9.50747361342087e-06    112332691.522211    112330555.542318
119.899999999997    9.50556323322306e-06    114409390.249117    114407215.218405
