0
0.01
0.02
0.03
0.04
0.05
0.06
0.07
0.08
0.09
0.1
0.11
0.12
0.13
0.14
0.15
0.16
0.17
0.18
0.19
0.2
0.21
0.22
0.23
0.24
0.25
0.26
0.27
0.28
0.29
0.3
0.31
0.32
0.33
0.34
0.35
0.36
0.37
0.38
0.39
0.4
0.41
0.42
0.43
0.44
0.45
0.46
0.47
0.48
0.49
0.5
0.51
0.52
0.53
0.54
0.55
0.56
0.57
0.58
0.59
0.6
0.61
0.62
0.63
0.64
0.65
0.66
0.67
0.68
0.690000000000001
0.700000000000001
0.710000000000001
0.720000000000001
0.730000000000001
0.740000000000001
0.750000000000001
0.760000000000001
0.770000000000001
0.780000000000001
0.790000000000001
0.800000000000001
0.810000000000001
0.820000000000001
0.830000000000001
0.840000000000001
0.850000000000001
0.860000000000001
0.870000000000001
0.880000000000001
0.890000000000001
0.900000000000001
0.910000000000001
0.920000000000001
0.930000000000001
0.940000000000001
0.950000000000001
0.960000000000001
0.970000000000001
0.980000000000001
0.990000000000001
1
1.01
1.02
1.03
1.04
1.05
1.06
1.07
1.08
1.09
1.1
1.11
1.12
1.13
1.14
1.15
1.16
1.17
1.18
1.19
1.2
1.21
1.22
1.23
1.24
1.25
1.26
1.26999999999999
1.27999999999999
1.28999999999999
1.29999999999999
1.30999999999999
1.31999999999999
1.32999999999999
1.33999999999999
1.34999999999999
1.35999999999999
1.36999999999999
1.37999999999999
1.38999999999999
1.39999999999999
1.40999999999999
1.41999999999999
1.42999999999999
1.43999999999999
1.44999999999999
1.45999999999999
1.46999999999999
1.47999999999999
1.48999999999999
1.49999999999999
1.50999999999999
1.51999999999999
1.52999999999999
1.53999999999999
1.54999999999999
1.55999999999999
1.56999999999999
1.57999999999999
1.58999999999999
1.59999999999999
1.60999999999999
1.61999999999999
1.62999999999999
1.63999999999999
1.64999999999999
1.65999999999999
1.66999999999999
1.67999999999999
1.68999999999999
1.69999999999999
1.70999999999999
1.71999999999999
1.72999999999999
1.73999999999998
1.74999999999998
1.75999999999998
1.76999999999998
1.77999999999998
1.78999999999998
1.79999999999998
1.80999999999998
1.81999999999998
1.82999999999998
1.83999999999998
1.84999999999998
1.85999999999998
1.86999999999998
1.87999999999998
1.88999999999998
1.89999999999998
1.90999999999998
1.91999999999998
1.92999999999998
1.93999999999998
1.94999999999998
1.95999999999998
1.96999999999998
1.97999999999998
1.98999999999998
1.99999999999998
2.00999999999998
2.01999999999998
2.02999999999998
2.03999999999998
2.04999999999998
2.05999999999998
2.06999999999998
2.07999999999998
2.08999999999998
2.09999999999998
2.10999999999998
2.11999999999998
2.12999999999998
2.13999999999998
2.14999999999998
2.15999999999998
2.16999999999998
2.17999999999998
2.18999999999998
2.19999999999998
2.20999999999998
2.21999999999997
2.22999999999997
2.23999999999997
2.24999999999997
2.25999999999997
2.26999999999997
2.27999999999997
2.28999999999997
2.29999999999997
2.30999999999997
2.31999999999997
2.32999999999997
2.33999999999997
2.34999999999997
2.35999999999997
2.36999999999997
2.37999999999997
2.38999999999997
2.39999999999997
2.40999999999997
2.41999999999997
2.42999999999997
2.43999999999997
2.44999999999997
2.45999999999997
2.46999999999997
2.47999999999997
2.48999999999997
2.49999999999997
2.50999999999997
2.51999999999997
2.52999999999997
2.53999999999997
2.54999999999997
2.55999999999997
2.56999999999997
2.57999999999997
2.58999999999997
2.59999999999997
2.60999999999997
2.61999999999997
2.62999999999997
2.63999999999997
2.64999999999997
2.65999999999997
2.66999999999997
2.67999999999997
2.68999999999996
2.69999999999996
2.70999999999996
2.71999999999996
2.72999999999996
2.73999999999996
2.74999999999996
2.75999999999996
2.76999999999996
2.77999999999996
2.78999999999996
2.79999999999996
2.80999999999996
2.81999999999996
2.82999999999996
2.83999999999996
2.84999999999996
2.85999999999996
2.86999999999996
2.87999999999996
2.88999999999996
2.89999999999996
2.90999999999996
2.91999999999996
2.92999999999996
2.93999999999996
2.94999999999996
2.95999999999996
2.96999999999996
2.97999999999996
2.98999999999996
2.99999999999996
3.00999999999996
3.01999999999996
3.02999999999996
3.03999999999996
3.04999999999996
3.05999999999996
3.06999999999996
3.07999999999996
3.08999999999996
3.09999999999996
3.10999999999996
3.11999999999996
3.12999999999996
3.13999999999996
3.14999999999996
3.15999999999995
3.16999999999995
3.17999999999995
3.18999999999995
3.19999999999995
3.20999999999995
3.21999999999995
3.22999999999995
3.23999999999995
3.24999999999995
3.25999999999995
3.26999999999995
3.27999999999995
3.28999999999995
3.29999999999995
3.30999999999995
3.31999999999995
3.32999999999995
3.33999999999995
3.34999999999995
3.35999999999995
3.36999999999995
3.37999999999995
3.38999999999995
3.39999999999995
3.40999999999995
3.41999999999995
3.42999999999995
3.43999999999995
3.44999999999995
3.45999999999995
3.46999999999995
3.47999999999995
3.48999999999995
3.49999999999995
3.50999999999995
3.51999999999995
3.52999999999995
3.53999999999995
3.54999999999995
3.55999999999995
3.56999999999995
3.57999999999995
3.58999999999995
3.59999999999995
3.60999999999995
3.61999999999995
3.62999999999994
3.63999999999994
3.64999999999994
3.65999999999994
3.66999999999994
3.67999999999994
3.68999999999994
3.69999999999994
3.70999999999994
3.71999999999994
3.72999999999994
3.73999999999994
3.74999999999994
3.75999999999994
3.76999999999994
3.77999999999994
3.78999999999994
3.79999999999994
3.80999999999994
3.81999999999994
3.82999999999994
3.83999999999994
3.84999999999994
3.85999999999994
3.86999999999994
3.87999999999994
3.88999999999994
3.89999999999994
3.90999999999994
3.91999999999994
3.92999999999994
3.93999999999994
3.94999999999994
3.95999999999994
3.96999999999994
3.97999999999994
3.98999999999994
3.99999999999994
4.00999999999994
4.01999999999994
4.02999999999994
4.03999999999994
4.04999999999994
4.05999999999994
4.06999999999994
4.07999999999994
4.08999999999994
4.09999999999993
4.10999999999993
4.11999999999993
4.12999999999993
4.13999999999993
4.14999999999993
4.15999999999993
4.16999999999993
4.17999999999993
4.18999999999993
4.19999999999993
4.20999999999993
4.21999999999993
4.22999999999993
4.23999999999993
4.24999999999993
4.25999999999993
4.26999999999993
4.27999999999993
4.28999999999993
4.29999999999993
4.30999999999993
4.31999999999993
4.32999999999993
4.33999999999993
4.34999999999993
4.35999999999993
4.36999999999993
4.37999999999993
4.38999999999993
4.39999999999993
4.40999999999993
4.41999999999993
4.42999999999993
4.43999999999993
4.44999999999993
4.45999999999993
4.46999999999993
4.47999999999993
4.48999999999993
4.49999999999993
4.50999999999993
4.51999999999993
4.52999999999993
4.53999999999993
4.54999999999993
4.55999999999993
4.56999999999992
4.57999999999992
4.58999999999992
4.59999999999992
4.60999999999992
4.61999999999992
4.62999999999992
4.63999999999992
4.64999999999992
4.65999999999992
4.66999999999992
4.67999999999992
4.68999999999992
4.69999999999992
4.70999999999992
4.71999999999992
4.72999999999992
4.73999999999992
4.74999999999992
4.75999999999992
4.76999999999992
4.77999999999992
4.78999999999992
4.79999999999992
4.80999999999992
4.81999999999992
4.82999999999992
4.83999999999992
4.84999999999992
4.85999999999992
4.86999999999992
4.87999999999992
4.88999999999992
4.89999999999992
4.90999999999992
4.91999999999992
4.92999999999992
4.93999999999992
4.94999999999992
4.95999999999992
4.96999999999992
4.97999999999992
4.98999999999992
4.99999999999992
5.00999999999992
5.01999999999992
5.02999999999991
5.03999999999991
5.04999999999991
5.05999999999991
5.06999999999991
5.07999999999991
5.08999999999991
5.09999999999991
5.10999999999991
5.11999999999991
5.12999999999991
5.13999999999991
5.14999999999991
5.15999999999991
5.16999999999991
5.17999999999991
5.18999999999991
5.19999999999991
5.20999999999991
5.21999999999991
5.22999999999991
5.23999999999991
5.24999999999991
5.25999999999991
5.26999999999991
5.27999999999991
5.28999999999991
5.29999999999991
5.30999999999991
5.31999999999991
5.32999999999991
5.33999999999991
5.34999999999991
5.35999999999991
5.36999999999991
5.37999999999991
5.38999999999991
5.39999999999991
5.40999999999991
5.41999999999991
5.42999999999991
5.43999999999991
5.44999999999991
5.45999999999991
5.46999999999991
5.47999999999991
5.48999999999991
5.4999999999999
5.5099999999999
5.5199999999999
5.5299999999999
5.5399999999999
5.5499999999999
5.5599999999999
5.5699999999999
5.5799999999999
5.5899999999999
5.5999999999999
5.6099999999999
5.6199999999999
5.6299999999999
5.6399999999999
5.6499999999999
5.6599999999999
5.6699999999999
5.6799999999999
5.6899999999999
5.6999999999999
5.7099999999999
5.7199999999999
5.7299999999999
5.7399999999999
5.7499999999999
5.7599999999999
5.7699999999999
5.7799999999999
5.7899999999999
5.7999999999999
5.8099999999999
5.8199999999999
5.8299999999999
5.8399999999999
5.8499999999999
5.8599999999999
5.8699999999999
5.8799999999999
5.8899999999999
5.8999999999999
5.9099999999999
5.9199999999999
5.9299999999999
5.9399999999999
5.9499999999999
5.9599999999999
5.96999999999989
5.97999999999989
5.98999999999989
5.99999999999989
6.00999999999989
6.01999999999989
6.02999999999989
6.03999999999989
6.04999999999989
6.05999999999989
6.06999999999989
6.07999999999989
6.08999999999989
6.09999999999989
6.10999999999989
6.11999999999989
6.12999999999989
6.13999999999989
6.14999999999989
6.15999999999989
6.16999999999989
6.17999999999989
6.18999999999989
6.19999999999989
6.20999999999989
6.21999999999989
6.22999999999989
6.23999999999989
6.24999999999989
6.25999999999989
6.26999999999989
6.27999999999989
6.28999999999989
6.29999999999989
6.30999999999989
6.31999999999989
6.32999999999989
6.33999999999989
6.34999999999989
6.35999999999989
6.36999999999989
6.37999999999989
6.38999999999989
6.39999999999989
6.40999999999989
6.41999999999989
6.42999999999989
6.43999999999988
6.44999999999988
6.45999999999988
6.46999999999988
6.47999999999988
6.48999999999988
6.49999999999988
6.50999999999988
6.51999999999988
6.52999999999988
6.53999999999988
6.54999999999988
6.55999999999988
6.56999999999988
6.57999999999988
6.58999999999988
6.59999999999988
6.60999999999988
6.61999999999988
6.62999999999988
6.63999999999988
6.64999999999988
6.65999999999988
6.66999999999988
6.67999999999988
6.68999999999988
6.69999999999988
6.70999999999988
6.71999999999988
6.72999999999988
6.73999999999988
6.74999999999988
6.75999999999988
6.76999999999988
6.77999999999988
6.78999999999988
6.79999999999988
6.80999999999988
6.81999999999988
6.82999999999988
6.83999999999988
6.84999999999988
6.85999999999988
6.86999999999988
6.87999999999988
6.88999999999988
6.89999999999988
6.90999999999987
6.91999999999987
6.92999999999987
6.93999999999987
6.94999999999987
6.95999999999987
6.96999999999987
6.97999999999987
6.98999999999987
6.99999999999987
7.00999999999987
7.01999999999987
7.02999999999987
7.03999999999987
7.04999999999987
7.05999999999987
7.06999999999987
7.07999999999987
7.08999999999987
7.09999999999987
7.10999999999987
7.11999999999987
7.12999999999987
7.13999999999987
7.14999999999987
7.15999999999987
7.16999999999987
7.17999999999987
7.18999999999987
7.19999999999987
7.20999999999987
7.21999999999987
7.22999999999987
7.23999999999987
7.24999999999987
7.25999999999987
7.26999999999987
7.27999999999987
7.28999999999987
7.29999999999987
7.30999999999987
7.31999999999987
7.32999999999987
7.33999999999987
7.34999999999987
7.35999999999987
7.36999999999987
7.37999999999986
7.38999999999986
7.39999999999986
7.40999999999986
7.41999999999986
7.42999999999986
7.43999999999986
7.44999999999986
7.45999999999986
7.46999999999986
7.47999999999986
7.48999999999986
7.49999999999986
7.50999999999986
7.51999999999986
7.52999999999986
7.53999999999986
7.54999999999986
7.55999999999986
7.56999999999986
7.57999999999986
7.58999999999986
7.59999999999986
7.60999999999986
7.61999999999986
7.62999999999986
7.63999999999986
7.64999999999986
7.65999999999986
7.66999999999986
7.67999999999986
7.68999999999986
7.69999999999986
7.70999999999986
7.71999999999986
7.72999999999986
7.73999999999986
7.74999999999986
7.75999999999986
7.76999999999986
7.77999999999986
7.78999999999986
7.79999999999986
7.80999999999986
7.81999999999986
7.82999999999986
7.83999999999986
7.84999999999985
7.85999999999985
7.86999999999985
7.87999999999985
7.88999999999985
7.89999999999985
7.90999999999985
7.91999999999985
7.92999999999985
7.93999999999985
7.94999999999985
7.95999999999985
7.96999999999985
7.97999999999985
7.98999999999985
7.99999999999985
8.00999999999985
8.01999999999985
8.02999999999986
8.03999999999986
8.04999999999986
8.05999999999986
8.06999999999986
8.07999999999986
8.08999999999986
8.09999999999987
8.10999999999987
8.11999999999987
8.12999999999987
8.13999999999987
8.14999999999987
8.15999999999988
8.16999999999988
8.17999999999988
8.18999999999988
8.19999999999988
8.20999999999988
8.21999999999989
8.22999999999989
8.23999999999989
8.24999999999989
8.25999999999989
8.26999999999989
8.27999999999989
8.2899999999999
8.2999999999999
8.3099999999999
8.3199999999999
8.3299999999999
8.3399999999999
8.34999999999991
8.35999999999991
8.36999999999991
8.37999999999991
8.38999999999991
8.39999999999991
8.40999999999991
8.41999999999992
8.42999999999992
8.43999999999992
8.44999999999992
8.45999999999992
8.46999999999992
8.47999999999993
8.48999999999993
8.49999999999993
8.50999999999993
8.51999999999993
8.52999999999993
8.53999999999994
8.54999999999994
8.55999999999994
8.56999999999994
8.57999999999994
8.58999999999994
8.59999999999994
8.60999999999995
8.61999999999995
8.62999999999995
8.63999999999995
8.64999999999995
8.65999999999995
8.66999999999996
8.67999999999996
8.68999999999996
8.69999999999996
8.70999999999996
8.71999999999996
8.72999999999996
8.73999999999997
8.74999999999997
8.75999999999997
8.76999999999997
8.77999999999997
8.78999999999997
8.79999999999998
8.80999999999998
8.81999999999998
8.82999999999998
8.83999999999998
8.84999999999998
8.85999999999999
8.86999999999999
8.87999999999999
8.88999999999999
8.89999999999999
8.90999999999999
8.91999999999999
8.93
8.94
8.95
8.96
8.97
8.98
8.99000000000001
9.00000000000001
9.01000000000001
9.02000000000001
9.03000000000001
9.04000000000001
9.05000000000001
9.06000000000002
9.07000000000002
9.08000000000002
9.09000000000002
9.10000000000002
9.11000000000002
9.12000000000003
9.13000000000003
9.14000000000003
9.15000000000003
9.16000000000003
9.17000000000003
9.18000000000004
9.19000000000004
9.20000000000004
9.21000000000004
9.22000000000004
9.23000000000004
9.24000000000004
9.25000000000005
9.26000000000005
9.27000000000005
9.28000000000005
9.29000000000005
9.30000000000005
9.31000000000006
9.32000000000006
9.33000000000006
9.34000000000006
9.35000000000006
9.36000000000006
9.37000000000006
9.38000000000007
9.39000000000007
9.40000000000007
9.41000000000007
9.42000000000007
9.43000000000007
9.44000000000008
9.45000000000008
9.46000000000008
9.47000000000008
9.48000000000008
9.49000000000008
9.50000000000009
9.51000000000009
9.52000000000009
9.53000000000009
9.54000000000009
9.55000000000009
9.56000000000009
9.5700000000001
9.5800000000001
9.5900000000001
9.6000000000001
9.6100000000001
9.6200000000001
9.63000000000011
9.64000000000011
9.65000000000011
9.66000000000011
9.67000000000011
9.68000000000011
9.69000000000011
9.70000000000012
9.71000000000012
9.72000000000012
9.73000000000012
9.74000000000012
9.75000000000012
9.76000000000013
9.77000000000013
9.78000000000013
9.79000000000013
9.80000000000013
9.81000000000013
9.82000000000014
9.83000000000014
9.84000000000014
9.85000000000014
9.86000000000014
9.87000000000014
9.88000000000014
9.89000000000015
9.90000000000015
9.91000000000015
9.92000000000015
9.93000000000015
9.94000000000015
9.95000000000016
9.96000000000016
9.97000000000016
9.98000000000016
9.99000000000016
10.0000000000002
10.0100000000002
10.0200000000002
10.0300000000002
10.0400000000002
10.0500000000002
10.0600000000002
10.0700000000002
10.0800000000002
10.0900000000002
10.1000000000002
10.1100000000002
10.1200000000002
10.1300000000002
10.1400000000002
10.1500000000002
10.1600000000002
10.1700000000002
10.1800000000002
10.1900000000002
10.2000000000002
10.2100000000002
10.2200000000002
10.2300000000002
10.2400000000002
10.2500000000002
10.2600000000002
10.2700000000002
10.2800000000002
10.2900000000002
10.3000000000002
10.3100000000002
10.3200000000002
10.3300000000002
10.3400000000002
10.3500000000002
10.3600000000002
10.3700000000002
10.3800000000002
10.3900000000002
10.4000000000002
10.4100000000002
10.4200000000002
10.4300000000002
10.4400000000002
10.4500000000002
10.4600000000002
10.4700000000002
10.4800000000002
10.4900000000002
10.5000000000002
10.5100000000002
10.5200000000002
10.5300000000002
10.5400000000002
10.5500000000002
10.5600000000003
10.5700000000003
10.5800000000003
10.5900000000003
10.6000000000003
10.6100000000003
10.6200000000003
10.6300000000003
10.6400000000003
10.6500000000003
10.6600000000003
10.6700000000003
10.6800000000003
10.6900000000003
10.7000000000003
10.7100000000003
10.7200000000003
10.7300000000003
10.7400000000003
10.7500000000003
10.7600000000003
10.7700000000003
10.7800000000003
10.7900000000003
10.8000000000003
10.8100000000003
10.8200000000003
10.8300000000003
10.8400000000003
10.8500000000003
10.8600000000003
10.8700000000003
10.8800000000003
10.8900000000003
10.9000000000003
10.9100000000003
10.9200000000003
10.9300000000003
10.9400000000003
10.9500000000003
10.9600000000003
10.9700000000003
10.9800000000003
10.9900000000003
11.0000000000003
11.0100000000003
11.0200000000003
11.0300000000003
11.0400000000003
11.0500000000003
11.0600000000003
11.0700000000003
11.0800000000003
11.0900000000003
11.1000000000003
11.1100000000003
11.1200000000003
11.1300000000003
11.1400000000003
11.1500000000003
11.1600000000003
11.1700000000003
11.1800000000003
11.1900000000003
11.2000000000004
11.2100000000004
11.2200000000004
11.2300000000004
11.2400000000004
11.2500000000004
11.2600000000004
11.2700000000004
11.2800000000004
11.2900000000004
11.3000000000004
11.3100000000004
11.3200000000004
11.3300000000004
11.3400000000004
11.3500000000004
11.3600000000004
11.3700000000004
11.3800000000004
11.3900000000004
11.4000000000004
11.4100000000004
11.4200000000004
11.4300000000004
11.4400000000004
11.4500000000004
11.4600000000004
11.4700000000004
11.4800000000004
11.4900000000004
11.5000000000004
11.5100000000004
11.5200000000004
11.5300000000004
11.5400000000004
11.5500000000004
11.5600000000004
11.5700000000004
11.5800000000004
11.5900000000004
11.6000000000004
11.6100000000004
11.6200000000004
11.6300000000004
11.6400000000004
11.6500000000004
11.6600000000004
11.6700000000004
11.6800000000004
11.6900000000004
11.7000000000004
11.7100000000004
11.7200000000004
11.7300000000004
11.7400000000004
11.7500000000004
11.7600000000004
11.7700000000004
11.7800000000004
11.7900000000004
11.8000000000004
11.8100000000004
11.8200000000004
11.8300000000004
11.8400000000005
11.8500000000005
11.8600000000005
11.8700000000005
11.8800000000005
11.8900000000005
11.9000000000005
11.9100000000005
11.9200000000005
11.9300000000005
11.9400000000005
11.9500000000005
11.9600000000005
11.9700000000005
11.9800000000005
11.9900000000005
12.0000000000005
12.0100000000005
12.0200000000005
12.0300000000005
12.0400000000005
12.0500000000005
12.0600000000005
12.0700000000005
12.0800000000005
12.0900000000005
12.1000000000005
12.1100000000005
12.1200000000005
12.1300000000005
12.1400000000005
12.1500000000005
12.1600000000005
12.1700000000005
12.1800000000005
12.1900000000005
12.2000000000005
12.2100000000005
12.2200000000005
12.2300000000005
12.2400000000005
12.2500000000005
12.2600000000005
12.2700000000005
12.2800000000005
12.2900000000005
12.3000000000005
12.3100000000005
12.3200000000005
12.3300000000005
12.3400000000005
12.3500000000005
12.3600000000005
12.3700000000005
12.3800000000005
12.3900000000005
12.4000000000005
12.4100000000005
12.4200000000005
12.4300000000005
12.4400000000005
12.4500000000005
12.4600000000005
12.4700000000005
12.4800000000006
12.4900000000006
12.5000000000006
12.5100000000006
12.5200000000006
12.5300000000006
12.5400000000006
12.5500000000006
12.5600000000006
12.5700000000006
12.5800000000006
12.5900000000006
12.6000000000006
12.6100000000006
12.6200000000006
12.6300000000006
12.6400000000006
12.6500000000006
12.6600000000006
12.6700000000006
12.6800000000006
12.6900000000006
12.7000000000006
12.7100000000006
12.7200000000006
12.7300000000006
12.7400000000006
12.7500000000006
12.7600000000006
12.7700000000006
12.7800000000006
12.7900000000006
12.8000000000006
12.8100000000006
12.8200000000006
12.8300000000006
12.8400000000006
12.8500000000006
12.8600000000006
12.8700000000006
12.8800000000006
12.8900000000006
12.9000000000006
12.9100000000006
12.9200000000006
12.9300000000006
12.9400000000006
12.9500000000006
12.9600000000006
12.9700000000006
12.9800000000006
12.9900000000006
13.0000000000006
13.0100000000006
13.0200000000006
13.0300000000006
13.0400000000006
13.0500000000006
13.0600000000006
13.0700000000006
13.0800000000006
13.0900000000006
13.1000000000006
13.1100000000006
13.1200000000007
13.1300000000007
13.1400000000007
13.1500000000007
13.1600000000007
13.1700000000007
13.1800000000007
13.1900000000007
13.2000000000007
13.2100000000007
13.2200000000007
13.2300000000007
13.2400000000007
13.2500000000007
13.2600000000007
13.2700000000007
13.2800000000007
13.2900000000007
13.3000000000007
13.3100000000007
13.3200000000007
13.3300000000007
13.3400000000007
13.3500000000007
13.3600000000007
13.3700000000007
13.3800000000007
13.3900000000007
13.4000000000007
13.4100000000007
13.4200000000007
13.4300000000007
13.4400000000007
13.4500000000007
13.4600000000007
13.4700000000007
13.4800000000007
13.4900000000007
13.5000000000007
13.5100000000007
13.5200000000007
13.5300000000007
13.5400000000007
13.5500000000007
13.5600000000007
13.5700000000007
13.5800000000007
13.5900000000007
13.6000000000007
13.6100000000007
13.6200000000007
13.6300000000007
13.6400000000007
13.6500000000007
13.6600000000007
13.6700000000007
13.6800000000007
13.6900000000007
13.7000000000007
13.7100000000007
13.7200000000007
13.7300000000007
13.7400000000007
13.7500000000007
13.7600000000008
13.7700000000008
13.7800000000008
13.7900000000008
13.8000000000008
13.8100000000008
13.8200000000008
13.8300000000008
13.8400000000008
13.8500000000008
13.8600000000008
13.8700000000008
13.8800000000008
13.8900000000008
13.9000000000008
13.9100000000008
13.9200000000008
13.9300000000008
13.9400000000008
13.9500000000008
13.9600000000008
13.9700000000008
13.9800000000008
13.9900000000008
14.0000000000008
14.0100000000008
14.0200000000008
14.0300000000008
14.0400000000008
14.0500000000008
14.0600000000008
14.0700000000008
14.0800000000008
14.0900000000008
14.1000000000008
14.1100000000008
14.1200000000008
14.1300000000008
14.1400000000008
14.1500000000008
14.1600000000008
14.1700000000008
14.1800000000008
14.1900000000008
14.2000000000008
14.2100000000008
14.2200000000008
14.2300000000008
14.2400000000008
14.2500000000008
14.2600000000008
14.2700000000008
14.2800000000008
14.2900000000008
14.3000000000008
14.3100000000008
14.3200000000008
14.3300000000008
14.3400000000008
14.3500000000008
14.3600000000008
14.3700000000008
14.3800000000008
14.3900000000008
14.4000000000009
14.4100000000009
14.4200000000009
14.4300000000009
14.4400000000009
14.4500000000009
14.4600000000009
14.4700000000009
14.4800000000009
14.4900000000009
14.5000000000009
14.5100000000009
14.5200000000009
14.5300000000009
14.5400000000009
14.5500000000009
14.5600000000009
14.5700000000009
14.5800000000009
14.5900000000009
14.6000000000009
14.6100000000009
14.6200000000009
14.6300000000009
14.6400000000009
14.6500000000009
14.6600000000009
14.6700000000009
14.6800000000009
14.6900000000009
14.7000000000009
14.7100000000009
14.7200000000009
14.7300000000009
14.7400000000009
14.7500000000009
14.7600000000009
14.7700000000009
14.7800000000009
14.7900000000009
14.8000000000009
14.8100000000009
14.8200000000009
14.8300000000009
14.8400000000009
14.8500000000009
14.8600000000009
14.8700000000009
14.8800000000009
14.8900000000009
14.9000000000009
14.9100000000009
14.9200000000009
14.9300000000009
14.9400000000009
14.9500000000009
14.9600000000009
14.9700000000009
14.9800000000009
14.9900000000009
15.0000000000009
15.0100000000009
15.0200000000009
15.0300000000009
15.040000000001
15.050000000001
15.060000000001
15.070000000001
15.080000000001
15.090000000001
15.100000000001
15.110000000001
15.120000000001
15.130000000001
15.140000000001
15.150000000001
15.160000000001
15.170000000001
15.180000000001
15.190000000001
15.200000000001
15.210000000001
15.220000000001
15.230000000001
15.240000000001
15.250000000001
15.260000000001
15.270000000001
15.280000000001
15.290000000001
15.300000000001
15.310000000001
15.320000000001
15.330000000001
15.340000000001
15.350000000001
15.360000000001
15.370000000001
15.380000000001
15.390000000001
15.400000000001
15.410000000001
15.420000000001
15.430000000001
15.440000000001
15.450000000001
15.460000000001
15.470000000001
15.480000000001
15.490000000001
15.500000000001
15.510000000001
15.520000000001
15.530000000001
15.540000000001
15.550000000001
15.560000000001
15.570000000001
15.580000000001
15.590000000001
15.600000000001
15.610000000001
15.620000000001
15.630000000001
15.640000000001
15.650000000001
15.660000000001
15.670000000001
15.6800000000011
15.6900000000011
15.7000000000011
15.7100000000011
15.7200000000011
15.7300000000011
15.7400000000011
15.7500000000011
15.7600000000011
15.7700000000011
15.7800000000011
15.7900000000011
15.8000000000011
15.8100000000011
15.8200000000011
15.8300000000011
15.8400000000011
15.8500000000011
15.8600000000011
15.8700000000011
15.8800000000011
15.8900000000011
15.9000000000011
15.9100000000011
15.9200000000011
15.9300000000011
15.9400000000011
15.9500000000011
15.9600000000011
15.9700000000011
15.9800000000011
15.9900000000011
16.0000000000011
16.0100000000011
16.0200000000011
16.0300000000011
16.0400000000011
16.0500000000011
16.0600000000011
16.0700000000011
16.0800000000011
16.0900000000011
16.1000000000011
16.1100000000011
16.1200000000011
16.1300000000011
16.1400000000011
16.1500000000011
16.1600000000011
16.1700000000011
16.1800000000011
16.1900000000011
16.2000000000011
16.2100000000011
16.2200000000011
16.2300000000011
16.2400000000011
16.2500000000011
16.260000000001
16.270000000001
16.280000000001
16.290000000001
16.300000000001
16.310000000001
16.320000000001
16.330000000001
16.340000000001
16.350000000001
16.360000000001
16.370000000001
16.380000000001
16.390000000001
16.400000000001
16.410000000001
16.420000000001
16.430000000001
16.440000000001
16.450000000001
16.460000000001
16.470000000001
16.480000000001
16.490000000001
16.500000000001
16.510000000001
16.520000000001
16.530000000001
16.540000000001
16.550000000001
16.560000000001
16.570000000001
16.580000000001
16.590000000001
16.600000000001
16.610000000001
16.620000000001
16.630000000001
16.640000000001
16.650000000001
16.660000000001
16.670000000001
16.680000000001
16.690000000001
16.700000000001
16.710000000001
16.720000000001
16.730000000001
16.740000000001
16.750000000001
16.760000000001
16.7700000000009
16.7800000000009
16.7900000000009
16.8000000000009
16.8100000000009
16.8200000000009
16.8300000000009
16.8400000000009
16.8500000000009
16.8600000000009
16.8700000000009
16.8800000000009
16.8900000000009
16.9000000000009
16.9100000000009
16.9200000000009
16.9300000000009
16.9400000000009
16.9500000000009
16.9600000000009
16.9700000000009
16.9800000000009
16.9900000000009
17.0000000000009
17.0100000000009
17.0200000000009
17.0300000000009
17.0400000000009
17.0500000000009
17.0600000000009
17.0700000000009
17.0800000000009
17.0900000000009
17.1000000000009
17.1100000000009
17.1200000000009
17.1300000000009
17.1400000000009
17.1500000000009
17.1600000000009
17.1700000000009
17.1800000000009
17.1900000000009
17.2000000000009
17.2100000000009
17.2200000000009
17.2300000000009
17.2400000000009
17.2500000000009
17.2600000000009
17.2700000000008
17.2800000000008
17.2900000000008
17.3000000000008
17.3100000000008
17.3200000000008
17.3300000000008
17.3400000000008
17.3500000000008
17.3600000000008
17.3700000000008
17.3800000000008
17.3900000000008
17.4000000000008
17.4100000000008
17.4200000000008
17.4300000000008
17.4400000000008
17.4500000000008
17.4600000000008
17.4700000000008
17.4800000000008
17.4900000000008
17.5000000000008
17.5100000000008
17.5200000000008
17.5300000000008
17.5400000000008
17.5500000000008
17.5600000000008
17.5700000000008
17.5800000000008
17.5900000000008
17.6000000000008
17.6100000000008
17.6200000000008
17.6300000000008
17.6400000000008
17.6500000000008
17.6600000000008
17.6700000000008
17.6800000000008
17.6900000000008
17.7000000000008
17.7100000000008
17.7200000000008
17.7300000000008
17.7400000000008
17.7500000000008
17.7600000000008
17.7700000000007
17.7800000000007
17.7900000000007
17.8000000000007
17.8100000000007
17.8200000000007
17.8300000000007
17.8400000000007
17.8500000000007
17.8600000000007
17.8700000000007
17.8800000000007
17.8900000000007
17.9000000000007
17.9100000000007
17.9200000000007
17.9300000000007
17.9400000000007
17.9500000000007
17.9600000000007
17.9700000000007
17.9800000000007
17.9900000000007
18.0000000000007
18.0100000000007
18.0200000000007
18.0300000000007
18.0400000000007
18.0500000000007
18.0600000000007
18.0700000000007
18.0800000000007
18.0900000000007
18.1000000000007
18.1100000000007
18.1200000000007
18.1300000000007
18.1400000000007
18.1500000000007
18.1600000000007
18.1700000000007
18.1800000000007
18.1900000000007
18.2000000000007
18.2100000000007
18.2200000000007
18.2300000000007
18.2400000000007
18.2500000000007
18.2600000000007
18.2700000000006
18.2800000000006
18.2900000000006
18.3000000000006
18.3100000000006
18.3200000000006
18.3300000000006
18.3400000000006
18.3500000000006
18.3600000000006
18.3700000000006
18.3800000000006
18.3900000000006
18.4000000000006
18.4100000000006
18.4200000000006
18.4300000000006
18.4400000000006
18.4500000000006
18.4600000000006
18.4700000000006
18.4800000000006
18.4900000000006
18.5000000000006
18.5100000000006
18.5200000000006
18.5300000000006
18.5400000000006
18.5500000000006
18.5600000000006
18.5700000000006
18.5800000000006
18.5900000000006
18.6000000000006
18.6100000000006
18.6200000000006
18.6300000000006
18.6400000000006
18.6500000000006
18.6600000000006
18.6700000000006
18.6800000000006
18.6900000000006
18.7000000000006
18.7100000000006
18.7200000000006
18.7300000000006
18.7400000000006
18.7500000000006
18.7600000000006
18.7700000000006
18.7800000000005
18.7900000000005
18.8000000000005
18.8100000000005
18.8200000000005
18.8300000000005
18.8400000000005
18.8500000000005
18.8600000000005
18.8700000000005
18.8800000000005
18.8900000000005
18.9000000000005
18.9100000000005
18.9200000000005
18.9300000000005
18.9400000000005
18.9500000000005
18.9600000000005
18.9700000000005
18.9800000000005
18.9900000000005
19.0000000000005
19.0100000000005
19.0200000000005
19.0300000000005
19.0400000000005
19.0500000000005
19.0600000000005
19.0700000000005
19.0800000000005
19.0900000000005
19.1000000000005
19.1100000000005
19.1200000000005
19.1300000000005
19.1400000000005
19.1500000000005
19.1600000000005
19.1700000000005
19.1800000000005
19.1900000000005
19.2000000000005
19.2100000000005
19.2200000000005
19.2300000000005
19.2400000000005
19.2500000000005
19.2600000000005
19.2700000000005
19.2800000000004
19.2900000000004
19.3000000000004
19.3100000000004
19.3200000000004
19.3300000000004
19.3400000000004
19.3500000000004
19.3600000000004
19.3700000000004
19.3800000000004
19.3900000000004
19.4000000000004
19.4100000000004
19.4200000000004
19.4300000000004
19.4400000000004
19.4500000000004
19.4600000000004
19.4700000000004
19.4800000000004
19.4900000000004
19.5000000000004
19.5100000000004
19.5200000000004
19.5300000000004
19.5400000000004
19.5500000000004
19.5600000000004
19.5700000000004
19.5800000000004
19.5900000000004
19.6000000000004
19.6100000000004
19.6200000000004
19.6300000000004
19.6400000000004
19.6500000000004
19.6600000000004
19.6700000000004
19.6800000000004
19.6900000000004
19.7000000000004
19.7100000000004
19.7200000000004
19.7300000000004
19.7400000000004
19.7500000000004
19.7600000000004
19.7700000000004
19.7800000000003
19.7900000000003
19.8000000000003
19.8100000000003
19.8200000000003
19.8300000000003
19.8400000000003
19.8500000000003
19.8600000000003
19.8700000000003
19.8800000000003
19.8900000000003
19.9000000000003
19.9100000000003
19.9200000000003
19.9300000000003
19.9400000000003
19.9500000000003
19.9600000000003
19.9700000000003
19.9800000000003
19.9900000000003
20.0000000000003
20.0100000000003
20.0200000000003
20.0300000000003
20.0400000000003
20.0500000000003
20.0600000000003
20.0700000000003
20.0800000000003
20.0900000000003
20.1000000000003
20.1100000000003
20.1200000000003
20.1300000000003
20.1400000000003
20.1500000000003
20.1600000000003
20.1700000000003
20.1800000000003
20.1900000000003
20.2000000000003
20.2100000000003
20.2200000000003
20.2300000000003
20.2400000000003
20.2500000000003
20.2600000000003
20.2700000000003
20.2800000000002
20.2900000000002
20.3000000000002
20.3100000000002
20.3200000000002
20.3300000000002
20.3400000000002
20.3500000000002
20.3600000000002
20.3700000000002
20.3800000000002
20.3900000000002
20.4000000000002
20.4100000000002
20.4200000000002
20.4300000000002
20.4400000000002
20.4500000000002
20.4600000000002
20.4700000000002
20.4800000000002
20.4900000000002
20.5000000000002
20.5100000000002
20.5200000000002
20.5300000000002
20.5400000000002
20.5500000000002
20.5600000000002
20.5700000000002
20.5800000000002
20.5900000000002
20.6000000000002
20.6100000000002
20.6200000000002
20.6300000000002
20.6400000000002
20.6500000000002
20.6600000000002
20.6700000000002
20.6800000000002
20.6900000000002
20.7000000000002
20.7100000000002
20.7200000000002
20.7300000000002
20.7400000000002
20.7500000000002
20.7600000000002
20.7700000000002
20.7800000000002
20.7900000000001
20.8000000000001
20.8100000000001
20.8200000000001
20.8300000000001
20.8400000000001
20.8500000000001
20.8600000000001
20.8700000000001
20.8800000000001
20.8900000000001
20.9000000000001
20.9100000000001
20.9200000000001
20.9300000000001
20.9400000000001
20.9500000000001
20.9600000000001
20.9700000000001
20.9800000000001
20.9900000000001
21.0000000000001
21.0100000000001
21.0200000000001
21.0300000000001
21.0400000000001
21.0500000000001
21.0600000000001
21.0700000000001
21.0800000000001
21.0900000000001
21.1000000000001
21.1100000000001
21.1200000000001
21.1300000000001
21.1400000000001
21.1500000000001
21.1600000000001
21.1700000000001
21.1800000000001
21.1900000000001
21.2000000000001
21.2100000000001
21.2200000000001
21.2300000000001
21.2400000000001
21.2500000000001
21.2600000000001
21.2700000000001
21.2800000000001
21.29
21.3
21.31
21.32
21.33
21.34
21.35
21.36
21.37
21.38
21.39
21.4
21.41
21.42
21.43
21.44
21.45
21.46
21.47
21.48
21.49
21.5
21.51
21.52
21.53
21.54
21.55
21.56
21.57
21.58
21.59
21.6
21.61
21.62
21.63
21.64
21.65
21.66
21.67
21.68
21.69
21.7
21.71
21.72
21.73
21.74
21.75
21.76
21.77
21.78
21.7899999999999
21.7999999999999
21.8099999999999
21.8199999999999
21.8299999999999
21.8399999999999
21.8499999999999
21.8599999999999
21.8699999999999
21.8799999999999
21.8899999999999
21.8999999999999
21.9099999999999
21.9199999999999
21.9299999999999
21.9399999999999
21.9499999999999
21.9599999999999
21.9699999999999
21.9799999999999
21.9899999999999
21.9999999999999
22.0099999999999
22.0199999999999
22.0299999999999
22.0399999999999
22.0499999999999
22.0599999999999
22.0699999999999
22.0799999999999
22.0899999999999
22.0999999999999
22.1099999999999
22.1199999999999
22.1299999999999
22.1399999999999
22.1499999999999
22.1599999999999
22.1699999999999
22.1799999999999
22.1899999999999
22.1999999999999
22.2099999999999
22.2199999999999
22.2299999999999
22.2399999999999
22.2499999999999
22.2599999999999
22.2699999999999
22.2799999999999
22.2899999999998
22.2999999999998
22.3099999999998
22.3199999999998
22.3299999999998
22.3399999999998
22.3499999999998
22.3599999999998
22.3699999999998
22.3799999999998
22.3899999999998
22.3999999999998
22.4099999999998
22.4199999999998
22.4299999999998
22.4399999999998
22.4499999999998
22.4599999999998
22.4699999999998
22.4799999999998
22.4899999999998
22.4999999999998
22.5099999999998
22.5199999999998
22.5299999999998
22.5399999999998
22.5499999999998
22.5599999999998
22.5699999999998
22.5799999999998
22.5899999999998
22.5999999999998
22.6099999999998
22.6199999999998
22.6299999999998
22.6399999999998
22.6499999999998
22.6599999999998
22.6699999999998
22.6799999999998
22.6899999999998
22.6999999999998
22.7099999999998
22.7199999999998
22.7299999999998
22.7399999999998
22.7499999999998
22.7599999999998
22.7699999999998
22.7799999999998
22.7899999999998
22.7999999999997
22.8099999999997
22.8199999999997
22.8299999999997
22.8399999999997
22.8499999999997
22.8599999999997
22.8699999999997
22.8799999999997
22.8899999999997
22.8999999999997
22.9099999999997
22.9199999999997
22.9299999999997
22.9399999999997
22.9499999999997
22.9599999999997
22.9699999999997
22.9799999999997
22.9899999999997
22.9999999999997
23.0099999999997
23.0199999999997
23.0299999999997
23.0399999999997
23.0499999999997
23.0599999999997
23.0699999999997
23.0799999999997
23.0899999999997
23.0999999999997
23.1099999999997
23.1199999999997
23.1299999999997
23.1399999999997
23.1499999999997
23.1599999999997
23.1699999999997
23.1799999999997
23.1899999999997
23.1999999999997
23.2099999999997
23.2199999999997
23.2299999999997
23.2399999999997
23.2499999999997
23.2599999999997
23.2699999999997
23.2799999999997
23.2899999999997
23.2999999999996
23.3099999999996
23.3199999999996
23.3299999999996
23.3399999999996
23.3499999999996
23.3599999999996
23.3699999999996
23.3799999999996
23.3899999999996
23.3999999999996
23.4099999999996
23.4199999999996
23.4299999999996
23.4399999999996
23.4499999999996
23.4599999999996
23.4699999999996
23.4799999999996
23.4899999999996
23.4999999999996
23.5099999999996
23.5199999999996
23.5299999999996
23.5399999999996
23.5499999999996
23.5599999999996
23.5699999999996
23.5799999999996
23.5899999999996
23.5999999999996
23.6099999999996
23.6199999999996
23.6299999999996
23.6399999999996
23.6499999999996
23.6599999999996
23.6699999999996
23.6799999999996
23.6899999999996
23.6999999999996
23.7099999999996
23.7199999999996
23.7299999999996
23.7399999999996
23.7499999999996
23.7599999999996
23.7699999999996
23.7799999999996
23.7899999999996
23.7999999999995
23.8099999999995
23.8199999999995
23.8299999999995
23.8399999999995
23.8499999999995
23.8599999999995
23.8699999999995
23.8799999999995
23.8899999999995
23.8999999999995
23.9099999999995
23.9199999999995
23.9299999999995
23.9399999999995
23.9499999999995
23.9599999999995
23.9699999999995
23.9799999999995
23.9899999999995
23.9999999999995
24.0099999999995
24.0199999999995
24.0299999999995
24.0399999999995
24.0499999999995
24.0599999999995
24.0699999999995
24.0799999999995
24.0899999999995
24.0999999999995
24.1099999999995
24.1199999999995
24.1299999999995
24.1399999999995
24.1499999999995
24.1599999999995
24.1699999999995
24.1799999999995
24.1899999999995
24.1999999999995
24.2099999999995
24.2199999999995
24.2299999999995
24.2399999999995
24.2499999999995
24.2599999999995
24.2699999999995
24.2799999999995
24.2899999999995
24.2999999999995
24.3099999999994
24.3199999999994
24.3299999999994
24.3399999999994
24.3499999999994
24.3599999999994
24.3699999999994
24.3799999999994
24.3899999999994
24.3999999999994
24.4099999999994
24.4199999999994
24.4299999999994
24.4399999999994
24.4499999999994
24.4599999999994
24.4699999999994
24.4799999999994
24.4899999999994
24.4999999999994
24.5099999999994
24.5199999999994
24.5299999999994
24.5399999999994
24.5499999999994
24.5599999999994
24.5699999999994
24.5799999999994
24.5899999999994
24.5999999999994
24.6099999999994
24.6199999999994
24.6299999999994
24.6399999999994
24.6499999999994
24.6599999999994
24.6699999999994
24.6799999999994
24.6899999999994
24.6999999999994
24.7099999999994
24.7199999999994
24.7299999999994
24.7399999999994
24.7499999999994
24.7599999999994
24.7699999999994
24.7799999999994
24.7899999999994
24.7999999999994
24.8099999999993
24.8199999999993
24.8299999999993
24.8399999999993
24.8499999999993
24.8599999999993
24.8699999999993
24.8799999999993
24.8899999999993
24.8999999999993
24.9099999999993
24.9199999999993
24.9299999999993
24.9399999999993
24.9499999999993
24.9599999999993
24.9699999999993
24.9799999999993
24.9899999999993
24.9999999999993
25.0099999999993
25.0199999999993
25.0299999999993
25.0399999999993
25.0499999999993
25.0599999999993
25.0699999999993
25.0799999999993
25.0899999999993
25.0999999999993
25.1099999999993
25.1199999999993
25.1299999999993
25.1399999999993
25.1499999999993
25.1599999999993
25.1699999999993
25.1799999999993
25.1899999999993
25.1999999999993
25.2099999999993
25.2199999999993
25.2299999999993
25.2399999999993
25.2499999999993
25.2599999999993
25.2699999999993
25.2799999999993
25.2899999999993
25.2999999999993
25.3099999999992
25.3199999999992
25.3299999999992
25.3399999999992
25.3499999999992
25.3599999999992
25.3699999999992
25.3799999999992
25.3899999999992
25.3999999999992
25.4099999999992
25.4199999999992
25.4299999999992
25.4399999999992
25.4499999999992
25.4599999999992
25.4699999999992
25.4799999999992
25.4899999999992
25.4999999999992
25.5099999999992
25.5199999999992
25.5299999999992
25.5399999999992
25.5499999999992
25.5599999999992
25.5699999999992
25.5799999999992
25.5899999999992
25.5999999999992
25.6099999999992
25.6199999999992
25.6299999999992
25.6399999999992
25.6499999999992
25.6599999999992
25.6699999999992
25.6799999999992
25.6899999999992
25.6999999999992
25.7099999999992
25.7199999999992
25.7299999999992
25.7399999999992
25.7499999999992
25.7599999999992
25.7699999999992
25.7799999999992
25.7899999999992
25.7999999999992
25.8099999999991
25.8199999999991
25.8299999999991
25.8399999999991
25.8499999999991
25.8599999999991
25.8699999999991
25.8799999999991
25.8899999999991
25.8999999999991
25.9099999999991
25.9199999999991
25.9299999999991
25.9399999999991
25.9499999999991
25.9599999999991
25.9699999999991
25.9799999999991
25.9899999999991
25.9999999999991
26.0099999999991
26.0199999999991
26.0299999999991
26.0399999999991
26.0499999999991
26.0599999999991
26.0699999999991
26.0799999999991
26.0899999999991
26.0999999999991
26.1099999999991
26.1199999999991
26.1299999999991
26.1399999999991
26.1499999999991
26.1599999999991
26.1699999999991
26.1799999999991
26.1899999999991
26.1999999999991
26.2099999999991
26.2199999999991
26.2299999999991
26.2399999999991
26.2499999999991
26.2599999999991
26.2699999999991
26.2799999999991
26.2899999999991
26.2999999999991
26.3099999999991
26.319999999999
26.329999999999
26.339999999999
26.349999999999
26.359999999999
26.369999999999
26.379999999999
26.389999999999
26.399999999999
26.409999999999
26.419999999999
26.429999999999
26.439999999999
26.449999999999
26.459999999999
26.469999999999
26.479999999999
26.489999999999
26.499999999999
26.509999999999
26.519999999999
26.529999999999
26.539999999999
26.549999999999
26.559999999999
26.569999999999
26.579999999999
26.589999999999
26.599999999999
26.609999999999
26.619999999999
26.629999999999
26.639999999999
26.649999999999
26.659999999999
26.669999999999
26.679999999999
26.689999999999
26.699999999999
26.709999999999
26.719999999999
26.729999999999
26.739999999999
26.749999999999
26.759999999999
26.769999999999
26.779999999999
26.789999999999
26.799999999999
26.809999999999
26.8199999999989
26.8299999999989
26.8399999999989
26.8499999999989
26.8599999999989
26.8699999999989
26.8799999999989
26.8899999999989
26.8999999999989
26.9099999999989
26.9199999999989
26.9299999999989
26.9399999999989
26.9499999999989
26.9599999999989
26.9699999999989
26.9799999999989
26.9899999999989
26.9999999999989
27.0099999999989
27.0199999999989
27.0299999999989
27.0399999999989
27.0499999999989
27.0599999999989
27.0699999999989
27.0799999999989
27.0899999999989
27.0999999999989
27.1099999999989
27.1199999999989
27.1299999999989
27.1399999999989
27.1499999999989
27.1599999999989
27.1699999999989
27.1799999999989
27.1899999999989
27.1999999999989
27.2099999999989
27.2199999999989
27.2299999999989
27.2399999999989
27.2499999999989
27.2599999999989
27.2699999999989
27.2799999999989
27.2899999999989
27.2999999999989
27.3099999999989
27.3199999999988
27.3299999999988
27.3399999999988
27.3499999999988
27.3599999999988
27.3699999999988
27.3799999999988
27.3899999999988
27.3999999999988
27.4099999999988
27.4199999999988
27.4299999999988
27.4399999999988
27.4499999999988
27.4599999999988
27.4699999999988
27.4799999999988
27.4899999999988
27.4999999999988
27.5099999999988
27.5199999999988
27.5299999999988
27.5399999999988
27.5499999999988
27.5599999999988
27.5699999999988
27.5799999999988
27.5899999999988
27.5999999999988
27.6099999999988
27.6199999999988
27.6299999999988
27.6399999999988
27.6499999999988
27.6599999999988
27.6699999999988
27.6799999999988
27.6899999999988
27.6999999999988
27.7099999999988
27.7199999999988
27.7299999999988
27.7399999999988
27.7499999999988
27.7599999999988
27.7699999999988
27.7799999999988
27.7899999999988
27.7999999999988
27.8099999999988
27.8199999999987
27.8299999999987
27.8399999999987
27.8499999999987
27.8599999999987
27.8699999999987
27.8799999999987
27.8899999999987
27.8999999999987
27.9099999999987
27.9199999999987
27.9299999999987
27.9399999999987
27.9499999999987
27.9599999999987
27.9699999999987
27.9799999999987
27.9899999999987
27.9999999999987
28.0099999999987
28.0199999999987
28.0299999999987
28.0399999999987
28.0499999999987
28.0599999999987
28.0699999999987
28.0799999999987
28.0899999999987
28.0999999999987
28.1099999999987
28.1199999999987
28.1299999999987
28.1399999999987
28.1499999999987
28.1599999999987
28.1699999999987
28.1799999999987
28.1899999999987
28.1999999999987
28.2099999999987
28.2199999999987
28.2299999999987
28.2399999999987
28.2499999999987
28.2599999999987
28.2699999999987
28.2799999999987
28.2899999999987
28.2999999999987
28.3099999999987
28.3199999999987
28.3299999999986
28.3399999999986
28.3499999999986
28.3599999999986
28.3699999999986
28.3799999999986
28.3899999999986
28.3999999999986
28.4099999999986
28.4199999999986
28.4299999999986
28.4399999999986
28.4499999999986
28.4599999999986
28.4699999999986
28.4799999999986
28.4899999999986
28.4999999999986
28.5099999999986
28.5199999999986
28.5299999999986
28.5399999999986
28.5499999999986
28.5599999999986
28.5699999999986
28.5799999999986
28.5899999999986
28.5999999999986
28.6099999999986
28.6199999999986
28.6299999999986
28.6399999999986
28.6499999999986
28.6599999999986
28.6699999999986
28.6799999999986
28.6899999999986
28.6999999999986
28.7099999999986
28.7199999999986
28.7299999999986
28.7399999999986
28.7499999999986
28.7599999999986
28.7699999999986
28.7799999999986
28.7899999999986
28.7999999999986
28.8099999999986
28.8199999999986
28.8299999999985
28.8399999999985
28.8499999999985
28.8599999999985
28.8699999999985
28.8799999999985
28.8899999999985
28.8999999999985
28.9099999999985
28.9199999999985
28.9299999999985
28.9399999999985
28.9499999999985
28.9599999999985
28.9699999999985
28.9799999999985
28.9899999999985
28.9999999999985
29.0099999999985
29.0199999999985
29.0299999999985
29.0399999999985
29.0499999999985
29.0599999999985
29.0699999999985
29.0799999999985
29.0899999999985
29.0999999999985
29.1099999999985
29.1199999999985
29.1299999999985
29.1399999999985
29.1499999999985
29.1599999999985
29.1699999999985
29.1799999999985
29.1899999999985
29.1999999999985
29.2099999999985
29.2199999999985
29.2299999999985
29.2399999999985
29.2499999999985
29.2599999999985
29.2699999999985
29.2799999999985
29.2899999999985
29.2999999999985
29.3099999999985
29.3199999999985
29.3299999999984
29.3399999999984
29.3499999999984
29.3599999999984
29.3699999999984
29.3799999999984
29.3899999999984
29.3999999999984
29.4099999999984
29.4199999999984
29.4299999999984
29.4399999999984
29.4499999999984
29.4599999999984
29.4699999999984
29.4799999999984
29.4899999999984
29.4999999999984
29.5099999999984
29.5199999999984
29.5299999999984
29.5399999999984
29.5499999999984
29.5599999999984
29.5699999999984
29.5799999999984
29.5899999999984
29.5999999999984
29.6099999999984
29.6199999999984
29.6299999999984
29.6399999999984
29.6499999999984
29.6599999999984
29.6699999999984
29.6799999999984
29.6899999999984
29.6999999999984
29.7099999999984
29.7199999999984
29.7299999999984
29.7399999999984
29.7499999999984
29.7599999999984
29.7699999999984
29.7799999999984
29.7899999999984
29.7999999999984
29.8099999999984
29.8199999999984
29.8299999999983
29.8399999999983
29.8499999999983
29.8599999999983
29.8699999999983
29.8799999999983
29.8899999999983
29.8999999999983
29.9099999999983
29.9199999999983
29.9299999999983
29.9399999999983
29.9499999999983
29.9599999999983
29.9699999999983
29.9799999999983
29.9899999999983
